150
56
235
175
5
60
103
284
44
131
119
257
107
92
248
56
235
132
267
172
133
163
19
163
191
87
0
273
292
235
131
298
37
257
107
283
131
140
257
142
172
33
113
252
40
249
147
11
286
252
145
22
116
296
35
148
131
172
133
163
281
8
169
273
235
172
133
163
11
21
163
206
162
279
111
257
217
296
175
170
168
262
5
163
234
163
253
73
275
219
257
164
30
5
265
92
264
87
0
273
292
235
131
298
37
257
107
283
131
140
257
142
172
33
113
252
40
249
147
11
286
252
145
22
116
296
35
148
131
172
133
163
281
8
169
273
235
172
133
163
11
21
163
206
162
279
111
257
217
296
175
170
168
262
5
163
234
163
253
73
275
219
257
164
30
5
265
92
264
11
21
163
206
162
279
111
257
217
296
175
170
168
262
5
163
234
163
253
73
275
219
257
164
30
5
265
92
264
206
162
279
111
257
217
296
175
170
168
262
5
163
234
163
253
73
275
219
257
164
30
5
265
92
264
279
111
257
217
296
175
170
168
262
5
163
234
163
253
73
275
219
257
164
30
5
265
92
264
67
