17
9
214
5
96
92
248
103
245
83
6
250
0
247
128
14
257
44
29
281
109
257
108
148
131
132
167
5
230
87
0
168
253
239
247
290
24
87
298
44
216
11
15
198
182
85
221
130
258
133
163
19
165
191
216
84
248
213
247
210
87
296
147
33
248
141
172
253
221
290
248
257
18
296
183
287
213
16
248
24
87
296
132
167
11
168
5
11
83
6
257
248
278
257
96
257
135
0
44
25
11
283
202
296
22
18
296
79
298
178
206
162
253
130
173
168
0
186
239
272
248
76
11
206
87
180
221
172
182
273
203
1
139
19
167
172
248
167
44
168
17
11
214
5
188
163
163
163
73
45
163
70
44
229
167
171
163
253
73
275
219
257
164
30
167
44
265
92
167
44
5
253
130
173
168
0
186
239
272
248
76
11
206
87
180
221
172
182
273
203
1
139
19
167
172
248
167
44
168
17
11
214
5
188
163
163
163
73
45
163
70
44
229
167
171
163
253
73
275
219
257
164
30
167
44
265
92
167
44
5
203
1
139
19
167
172
248
167
44
168
17
11
214
5
188
163
163
163
73
45
163
70
44
229
167
171
163
253
73
275
219
257
164
30
167
44
265
92
167
44
5
44
168
17
11
214
5
188
163
163
163
73
45
163
70
44
229
167
171
163
253
73
275
219
257
164
30
167
44
265
92
167
44
5
73
45
163
70
44
229
167
171
163
253
73
275
219
257
164
30
167
44
265
92
167
44
5
67
