17
9
214
5
279
111
257
217
296
227
103
298
129
257
132
167
87
173
168
182
239
274
59
253
133
11
21
251
59
199
97
296
248
177
257
137
154
1
167
30
242
0
33
260
20
228
221
11
150
56
235
11
80
239
274
59
290
242
172
133
163
133
163
11
21
163
87
251
199
130
225
266
227
257
208
298
239
274
59
116
296
35
148
131
87
173
168
251
274
59
248
167
5
170
290
22
176
153
254
91
11
218
248
239
79
182
120
187
33
274
87
154
11
257
206
87
0
274
203
1
139
19
167
172
248
167
44
168
17
11
214
5
188
163
163
163
73
45
163
70
44
229
167
171
163
253
73
275
219
257
164
30
167
44
265
92
167
44
5
133
163
11
21
163
87
251
199
130
225
266
227
257
208
298
239
274
59
116
296
35
148
131
87
173
168
251
274
59
248
167
5
170
290
22
176
153
254
91
11
218
248
239
79
182
120
187
33
274
87
154
11
257
206
87
0
274
203
1
139
19
167
172
248
167
44
168
17
11
214
5
188
163
163
163
73
45
163
70
44
229
167
171
163
253
73
275
219
257
164
30
167
44
265
92
167
44
5
11
21
163
87
251
199
130
225
266
227
257
208
298
239
274
59
116
296
35
148
131
87
173
168
251
274
59
248
167
5
170
290
22
176
153
254
91
11
218
248
239
79
182
120
187
33
274
87
154
11
257
206
87
0
274
203
1
139
19
167
172
248
167
44
168
17
11
214
5
188
163
163
163
73
45
163
70
44
229
167
171
163
253
73
275
219
257
164
30
167
44
265
92
167
44
5
87
251
199
130
225
266
227
257
208
298
239
274
59
116
296
35
148
131
87
173
168
251
274
59
248
167
5
170
290
22
176
153
254
91
11
218
248
239
79
182
120
187
33
274
87
154
11
257
206
87
0
274
203
1
139
19
167
172
248
167
44
168
17
11
214
5
188
163
163
163
73
45
163
70
44
229
167
171
163
253
73
275
219
257
164
30
167
44
265
92
167
44
5
116
296
35
148
131
87
173
168
251
274
59
248
167
5
170
290
22
176
153
254
91
11
218
248
239
79
182
120
187
33
274
87
154
11
257
206
87
0
274
203
1
139
19
167
172
248
167
44
168
17
11
214
5
188
163
163
163
73
45
163
70
44
229
167
171
163
253
73
275
219
257
164
30
167
44
265
92
167
44
5
87
154
11
257
206
87
0
274
203
1
139
19
167
172
248
167
44
168
17
11
214
5
188
163
163
163
73
45
163
70
44
229
167
171
163
253
73
275
219
257
164
30
167
44
265
92
167
44
5
44
168
17
11
214
5
188
163
163
163
73
45
163
70
44
229
167
171
163
253
73
275
219
257
164
30
167
44
265
92
167
44
5
73
45
163
70
44
229
167
171
163
253
73
275
219
257
164
30
167
44
265
92
167
44
5
67
