138
96
257
135
180
25
130
120
11
131
255
87
248
44
260
257
235
92
248
16
69
11
257
182
33
257
242
186
120
182
127
87
110
213
159
113
296
96
109
182
127
35
257
296
279
140
257
187
129
296
257
206
258
18
250
16
0
163
168
127
253
239
116
296
16
160
257
148
131
253
239
127
290
8
22
169
120
248
254
11
290
22
87
120
279
111
257
150
296
227
248
170
168
262
5
9
170
168
262
5
163
163
253
73
275
219
257
164
30
9
265
92
9
35
257
296
279
140
257
187
129
296
257
206
258
18
250
16
0
163
168
127
253
239
116
296
16
160
257
148
131
253
239
127
290
8
22
169
120
248
254
11
290
22
87
120
279
111
257
150
296
227
248
170
168
262
5
9
170
168
262
5
163
163
253
73
275
219
257
164
30
9
265
92
9
258
18
250
16
0
163
168
127
253
239
116
296
16
160
257
148
131
253
239
127
290
8
22
169
120
248
254
11
290
22
87
120
279
111
257
150
296
227
248
170
168
262
5
9
170
168
262
5
163
163
253
73
275
219
257
164
30
9
265
92
9
9
170
168
262
5
163
163
253
73
275
219
257
164
30
9
265
92
9
163
163
253
73
275
219
257
164
30
9
265
92
9
67
