60
163
163
173
168
77
163
262
19
276
88
264
0
17
213
120
292
10
165
235
80
163
147
11
163
257
248
264
92
29
247
174
186
168
253
98
233
248
180
130
120
248
235
168
249
192
168
289
242
248
257
137
11
249
257
249
2
120
7
163
168
248
41
168
163
205
2
87
236
247
248
156
264
120
267
9
294
163
182
130
248
174
259
163
156
264
257
184
2
112
120
180
112
120
112
120
11
120
106
257
154
246
165
276
88
248
295
131
8
119
257
247
182
48
257
126
72
278
276
88
200
126
235
292
0
78
120
11
49
257
137
154
1
7
168
251
98
78
190
274
182
33
49
133
11
21
274
92
133
163
21
163
279
290
169
120
187
123
221
292
235
33
260
253
261
274
78
290
22
169
153
91
92
165
165
191
11
165
191
165
191
206
87
298
33
274
78
109
279
8
111
297
132
267
87
182
142
273
123
221
276
11
217
248
294
248
201
279
111
297
86
182
257
137
154
1
177
19
276
88
276
88
264
253
73
275
219
257
164
30
276
88
264
5
265
92
276
88
264
0
17
213
120
292
10
165
235
80
163
147
11
163
257
248
264
92
29
247
174
186
168
253
98
233
248
180
130
120
248
235
168
249
192
168
289
242
248
257
137
11
249
257
249
2
120
7
163
168
248
41
168
163
205
2
87
236
247
248
156
264
120
267
9
294
163
182
130
248
174
259
163
156
264
257
184
2
112
120
180
112
120
112
120
11
120
106
257
154
246
165
276
88
248
295
131
8
119
257
247
182
48
257
126
72
278
276
88
200
126
235
292
0
78
120
11
49
257
137
154
1
7
168
251
98
78
190
274
182
33
49
133
11
21
274
92
133
163
21
163
279
290
169
120
187
123
221
292
235
33
260
253
261
274
78
290
22
169
153
91
92
165
165
191
11
165
191
165
191
206
87
298
33
274
78
109
279
8
111
297
132
267
87
182
142
273
123
221
276
11
217
248
294
248
201
279
111
297
86
182
257
137
154
1
177
19
276
88
276
88
264
253
73
275
219
257
164
30
276
88
264
5
265
92
276
88
264
247
248
156
264
120
267
9
294
163
182
130
248
174
259
163
156
264
257
184
2
112
120
180
112
120
112
120
11
120
106
257
154
246
165
276
88
248
295
131
8
119
257
247
182
48
257
126
72
278
276
88
200
126
235
292
0
78
120
11
49
257
137
154
1
7
168
251
98
78
190
274
182
33
49
133
11
21
274
92
133
163
21
163
279
290
169
120
187
123
221
292
235
33
260
253
261
274
78
290
22
169
153
91
92
165
165
191
11
165
191
165
191
206
87
298
33
274
78
109
279
8
111
297
132
267
87
182
142
273
123
221
276
11
217
248
294
248
201
279
111
297
86
182
257
137
154
1
177
19
276
88
276
88
264
253
73
275
219
257
164
30
276
88
264
5
265
92
276
88
264
279
8
111
297
132
267
87
182
142
273
123
221
276
11
217
248
294
248
201
279
111
297
86
182
257
137
154
1
177
19
276
88
276
88
264
253
73
275
219
257
164
30
276
88
264
5
265
92
276
88
264
11
217
248
294
248
201
279
111
297
86
182
257
137
154
1
177
19
276
88
276
88
264
253
73
275
219
257
164
30
276
88
264
5
265
92
276
88
264
217
248
294
248
201
279
111
297
86
182
257
137
154
1
177
19
276
88
276
88
264
253
73
275
219
257
164
30
276
88
264
5
265
92
276
88
264
67
