165
165
290
22
153
133
163
254
133
163
105
0
63
59
29
34
47
172
248
59
235
290
19
248
249
38
254
248
11
248
11
235
290
38
120
19
248
11
266
249
254
248
116
296
34
160
266
298
296
34
40
257
106
235
87
131
11
96
131
87
296
179
296
34
73
257
257
131
266
19
298
19
0
279
290
8
182
257
213
120
248
211
153
133
163
163
163
191
100
174
41
168
163
133
163
163
163
191
295
174
41
168
163
133
163
163
163
191
295
174
41
168
163
133
163
163
163
191
295
11
12
180
41
168
163
190
116
296
16
179
160
296
0
190
52
110
213
279
66
106
0
168
116
296
140
257
173
190
66
225
175
19
257
266
298
296
290
157
257
168
292
296
18
0
179
168
298
67
