15
16
176
227
103
14
137
154
274
103
18
296
195
257
14
257
109
283
296
157
257
135
1
182
15
198
297
231
292
248
15
182
15
130
0
90
15
247
97
267
25
168
113
257
108
296
298
44
216
11
222
266
298
57
120
248
15
237
298
15
254
248
13
248
15
179
248
15
226
180
297
157
0
163
261
2
215
178
11
298
56
110
213
116
296
16
14
87
157
83
6
22
240
257
209
248
11
103
281
257
205
298
15
116
296
106
202
1
182
15
198
82
90
257
183
257
182
243
14
163
229
46
163
163
163
163
299
163
46
44
7
210
208
265
92
49
92
46
44
253
73
275
219
257
164
30
46
44
170
168
5
265
92
46
44
137
154
274
103
18
296
195
257
14
257
109
283
296
157
257
135
1
182
15
198
297
231
292
248
15
182
15
130
0
90
15
247
97
267
25
168
113
257
108
296
298
44
216
11
222
266
298
57
120
248
15
237
298
15
254
248
13
248
15
179
248
15
226
180
297
157
0
163
261
2
215
178
11
298
56
110
213
116
296
16
14
87
157
83
6
22
240
257
209
248
11
103
281
257
205
298
15
116
296
106
202
1
182
15
198
82
90
257
183
257
182
243
14
163
229
46
163
163
163
163
299
163
46
44
7
210
208
265
92
49
92
46
44
253
73
275
219
257
164
30
46
44
170
168
5
265
92
46
44
274
103
18
296
195
257
14
257
109
283
296
157
257
135
1
182
15
198
297
231
292
248
15
182
15
130
0
90
15
247
97
267
25
168
113
257
108
296
298
44
216
11
222
266
298
57
120
248
15
237
298
15
254
248
13
248
15
179
248
15
226
180
297
157
0
163
261
2
215
178
11
298
56
110
213
116
296
16
14
87
157
83
6
22
240
257
209
248
11
103
281
257
205
298
15
116
296
106
202
1
182
15
198
82
90
257
183
257
182
243
14
163
229
46
163
163
163
163
299
163
46
44
7
210
208
265
92
49
92
46
44
253
73
275
219
257
164
30
46
44
170
168
5
265
92
46
44
103
18
296
195
257
14
257
109
283
296
157
257
135
1
182
15
198
297
231
292
248
15
182
15
130
0
90
15
247
97
267
25
168
113
257
108
296
298
44
216
11
222
266
298
57
120
248
15
237
298
15
254
248
13
248
15
179
248
15
226
180
297
157
0
163
261
2
215
178
11
298
56
110
213
116
296
16
14
87
157
83
6
22
240
257
209
248
11
103
281
257
205
298
15
116
296
106
202
1
182
15
198
82
90
257
183
257
182
243
14
163
229
46
163
163
163
163
299
163
46
44
7
210
208
265
92
49
92
46
44
253
73
275
219
257
164
30
46
44
170
168
5
265
92
46
44
297
231
292
248
15
182
15
130
0
90
15
247
97
267
25
168
113
257
108
296
298
44
216
11
222
266
298
57
120
248
15
237
298
15
254
248
13
248
15
179
248
15
226
180
297
157
0
163
261
2
215
178
11
298
56
110
213
116
296
16
14
87
157
83
6
22
240
257
209
248
11
103
281
257
205
298
15
116
296
106
202
1
182
15
198
82
90
257
183
257
182
243
14
163
229
46
163
163
163
163
299
163
46
44
7
210
208
265
92
49
92
46
44
253
73
275
219
257
164
30
46
44
170
168
5
265
92
46
44
182
15
130
0
90
15
247
97
267
25
168
113
257
108
296
298
44
216
11
222
266
298
57
120
248
15
237
298
15
254
248
13
248
15
179
248
15
226
180
297
157
0
163
261
2
215
178
11
298
56
110
213
116
296
16
14
87
157
83
6
22
240
257
209
248
11
103
281
257
205
298
15
116
296
106
202
1
182
15
198
82
90
257
183
257
182
243
14
163
229
46
163
163
163
163
299
163
46
44
7
210
208
265
92
49
92
46
44
253
73
275
219
257
164
30
46
44
170
168
5
265
92
46
44
248
15
179
248
15
226
180
297
157
0
163
261
2
215
178
11
298
56
110
213
116
296
16
14
87
157
83
6
22
240
257
209
248
11
103
281
257
205
298
15
116
296
106
202
1
182
15
198
82
90
257
183
257
182
243
14
163
229
46
163
163
163
163
299
163
46
44
7
210
208
265
92
49
92
46
44
253
73
275
219
257
164
30
46
44
170
168
5
265
92
46
44
179
248
15
226
180
297
157
0
163
261
2
215
178
11
298
56
110
213
116
296
16
14
87
157
83
6
22
240
257
209
248
11
103
281
257
205
298
15
116
296
106
202
1
182
15
198
82
90
257
183
257
182
243
14
163
229
46
163
163
163
163
299
163
46
44
7
210
208
265
92
49
92
46
44
253
73
275
219
257
164
30
46
44
170
168
5
265
92
46
44
226
180
297
157
0
163
261
2
215
178
11
298
56
110
213
116
296
16
14
87
157
83
6
22
240
257
209
248
11
103
281
257
205
298
15
116
296
106
202
1
182
15
198
82
90
257
183
257
182
243
14
163
229
46
163
163
163
163
299
163
46
44
7
210
208
265
92
49
92
46
44
253
73
275
219
257
164
30
46
44
170
168
5
265
92
46
44
103
281
257
205
298
15
116
296
106
202
1
182
15
198
82
90
257
183
257
182
243
14
163
229
46
163
163
163
163
299
163
46
44
7
210
208
265
92
49
92
46
44
253
73
275
219
257
164
30
46
44
170
168
5
265
92
46
44
14
163
229
46
163
163
163
163
299
163
46
44
7
210
208
265
92
49
92
46
44
253
73
275
219
257
164
30
46
44
170
168
5
265
92
46
44
163
229
46
163
163
163
163
299
163
46
44
7
210
208
265
92
49
92
46
44
253
73
275
219
257
164
30
46
44
170
168
5
265
92
46
44
299
163
46
44
7
210
208
265
92
49
92
46
44
253
73
275
219
257
164
30
46
44
170
168
5
265
92
46
44
92
49
92
46
44
253
73
275
219
257
164
30
46
44
170
168
5
265
92
46
44
67
