103
115
290
22
273
11
120
187
127
253
239
257
137
1
296
298
298
44
189
11
283
296
111
257
66
251
123
16
8
87
137
1
264
287
120
248
259
168
267
11
294
163
168
156
264
248
163
264
120
248
87
163
295
120
0
130
162
18
0
156
264
287
10
120
19
296
290
96
0
168
187
247
130
257
231
292
251
173
172
173
292
149
22
298
5
55
298
44
216
198
127
16
0
101
177
87
296
257
268
44
5
123
279
34
1
298
15
298
11
119
140
182
163
71
15
133
163
165
165
191
133
163
165
191
165
191
11
163
69
117
133
163
165
191
165
191
133
163
165
165
191
11
248
163
70
163
117
153
133
163
165
191
165
191
11
185
163
185
117
133
163
133
163
133
163
133
163
255
273
127
16
30
174
225
22
240
257
211
298
150
255
116
168
248
255
293
87
296
82
90
257
52
149
19
179
163
163
163
115
111
257
257
296
227
64
168
5
39
170
264
170
168
262
5
163
163
163
163
163
253
73
275
219
257
164
30
265
92
262
73
133
163
165
191
165
191
133
163
165
165
191
11
248
163
70
163
117
153
133
163
165
191
165
191
11
185
163
185
117
133
163
133
163
133
163
133
163
255
273
127
16
30
174
225
22
240
257
211
298
150
255
116
168
248
255
293
87
296
82
90
257
52
149
19
179
163
163
163
115
111
257
257
296
227
64
168
5
39
170
264
170
168
262
5
163
163
163
163
163
253
73
275
219
257
164
30
265
92
262
73
153
133
163
165
191
165
191
11
185
163
185
117
133
163
133
163
133
163
133
163
255
273
127
16
30
174
225
22
240
257
211
298
150
255
116
168
248
255
293
87
296
82
90
257
52
149
19
179
163
163
163
115
111
257
257
296
227
64
168
5
39
170
264
170
168
262
5
163
163
163
163
163
253
73
275
219
257
164
30
265
92
262
73
133
163
133
163
133
163
133
163
255
273
127
16
30
174
225
22
240
257
211
298
150
255
116
168
248
255
293
87
296
82
90
257
52
149
19
179
163
163
163
115
111
257
257
296
227
64
168
5
39
170
264
170
168
262
5
163
163
163
163
163
253
73
275
219
257
164
30
265
92
262
73
67
