272
120
103
296
84
298
19
102
300
286
279
300
223
1
182
78
11
172
298
44
216
116
296
82
247
296
300
0
292
267
138
267
135
296
300
140
257
137
154
253
290
22
182
73
277
257
137
154
279
300
223
123
172
274
178
11
180
286
250
16
204
286
102
264
22
172
298
141
109
16
134
163
168
115
296
10
123
11
44
216
64
168
262
5
102
264
163
70
44
102
117
163
279
205
298
52
123
92
235
216
220
116
296
194
160
257
205
73
92
102
264
42
109
257
265
103
296
84
298
19
102
300
286
279
300
223
1
182
78
11
172
298
44
216
116
296
82
247
296
300
0
292
267
138
267
135
296
300
140
257
137
154
253
290
22
182
73
277
257
137
154
279
300
223
123
172
274
178
11
180
286
250
16
204
286
102
264
22
172
298
141
109
16
134
163
168
115
296
10
123
11
44
216
64
168
262
5
102
264
163
70
44
102
117
163
279
205
298
52
123
92
235
216
220
116
296
194
160
257
205
73
92
102
264
42
109
257
265
67
