79
7
247
146
169
19
146
103
146
130
63
87
296
257
19
173
168
248
155
124
120
248
156
206
162
257
217
146
48
257
200
296
0
72
78
173
247
130
172
207
11
139
296
290
8
292
2
235
11
93
289
290
298
238
206
109
146
153
21
163
163
146
33
66
160
183
172
253
177
257
217
146
266
11
137
123
257
0
206
109
253
73
275
219
257
164
30
146
265
92
144
232
264
130
63
87
296
257
19
173
168
248
155
124
120
248
156
206
162
257
217
146
48
257
200
296
0
72
78
173
247
130
172
207
11
139
296
290
8
292
2
235
11
93
289
290
298
238
206
109
146
153
21
163
163
146
33
66
160
183
172
253
177
257
217
146
266
11
137
123
257
0
206
109
253
73
275
219
257
164
30
146
265
92
144
232
264
19
173
168
248
155
124
120
248
156
206
162
257
217
146
48
257
200
296
0
72
78
173
247
130
172
207
11
139
296
290
8
292
2
235
11
93
289
290
298
238
206
109
146
153
21
163
163
146
33
66
160
183
172
253
177
257
217
146
266
11
137
123
257
0
206
109
253
73
275
219
257
164
30
146
265
92
144
232
264
146
153
21
163
163
146
33
66
160
183
172
253
177
257
217
146
266
11
137
123
257
0
206
109
253
73
275
219
257
164
30
146
265
92
144
232
264
153
21
163
163
146
33
66
160
183
172
253
177
257
217
146
266
11
137
123
257
0
206
109
253
73
275
219
257
164
30
146
265
92
144
232
264
11
137
123
257
0
206
109
253
73
275
219
257
164
30
146
265
92
144
232
264
206
109
253
73
275
219
257
164
30
146
265
92
144
232
264
253
73
275
219
257
164
30
146
265
92
144
232
264
67
