22
0
231
298
11
206
162
87
182
120
187
176
112
22
0
132
267
87
176
112
257
137
1
5
128
112
178
83
6
11
212
150
292
2
44
11
235
242
0
33
11
260
107
92
56
235
11
106
0
37
257
226
91
133
163
163
33
59
76
231
298
11
206
87
182
176
112
76
34
22
19
10
122
199
211
290
22
219
183
257
257
248
76
163
163
163
253
73
275
219
257
164
30
262
5
76
265
92
118
264
257
137
1
5
128
112
178
83
6
11
212
150
292
2
44
11
235
242
0
33
11
260
107
92
56
235
11
106
0
37
257
226
91
133
163
163
33
59
76
231
298
11
206
87
182
176
112
76
34
22
19
10
122
199
211
290
22
219
183
257
257
248
76
163
163
163
253
73
275
219
257
164
30
262
5
76
265
92
118
264
76
34
22
19
10
122
199
211
290
22
219
183
257
257
248
76
163
163
163
253
73
275
219
257
164
30
262
5
76
265
92
118
264
10
122
199
211
290
22
219
183
257
257
248
76
163
163
163
253
73
275
219
257
164
30
262
5
76
265
92
118
264
67
