137
113
279
148
87
182
235
11
249
81
130
257
148
240
248
290
120
248
278
168
0
72
103
296
135
247
173
120
235
257
20
11
248
147
168
182
235
205
157
212
109
113
279
148
87
182
235
11
249
81
163
157
6
279
6
212
172
157
160
172
279
8
150
163
168
182
235
83
157
16
157
5
198
298
83
157
11
298
6
15
290
298
37
168
22
257
122
83
6
182
83
6
170
290
293
292
296
11
298
81
257
298
83
11
0
57
83
6
257
242
248
183
168
279
148
0
257
77
235
298
83
290
160
296
92
87
81
292
165
168
81
248
179
257
249
235
257
18
252
249
232
213
0
81
87
249
235
72
182
130
257
248
155
235
257
0
83
6
199
257
108
235
34
249
72
277
257
135
113
298
81
205
120
212
6
268
182
257
96
10
120
134
0
152
137
154
1
83
6
14
87
83
6
290
298
37
168
5
116
296
16
1
248
15
86
248
109
87
10
15
120
158
253
295
248
268
120
14
87
124
6
130
90
87
262
81
148
266
257
165
0
295
87
154
123
274
253
109
51
292
267
79
11
217
109
163
234
163
163
163
163
170
168
5
163
163
163
103
83
6
170
11
168
44
253
73
275
219
257
164
30
44
5
9
83
6
265
92
44
5
9
83
6
87
182
235
11
249
81
163
157
6
279
6
212
172
157
160
172
279
8
150
163
168
182
235
83
157
16
157
5
198
298
83
157
11
298
6
15
290
298
37
168
22
257
122
83
6
182
83
6
170
290
293
292
296
11
298
81
257
298
83
11
0
57
83
6
257
242
248
183
168
279
148
0
257
77
235
298
83
290
160
296
92
87
81
292
165
168
81
248
179
257
249
235
257
18
252
249
232
213
0
81
87
249
235
72
182
130
257
248
155
235
257
0
83
6
199
257
108
235
34
249
72
277
257
135
113
298
81
205
120
212
6
268
182
257
96
10
120
134
0
152
137
154
1
83
6
14
87
83
6
290
298
37
168
5
116
296
16
1
248
15
86
248
109
87
10
15
120
158
253
295
248
268
120
14
87
124
6
130
90
87
262
81
148
266
257
165
0
295
87
154
123
274
253
109
51
292
267
79
11
217
109
163
234
163
163
163
163
170
168
5
163
163
163
103
83
6
170
11
168
44
253
73
275
219
257
164
30
44
5
9
83
6
265
92
44
5
9
83
6
257
96
10
120
134
0
152
137
154
1
83
6
14
87
83
6
290
298
37
168
5
116
296
16
1
248
15
86
248
109
87
10
15
120
158
253
295
248
268
120
14
87
124
6
130
90
87
262
81
148
266
257
165
0
295
87
154
123
274
253
109
51
292
267
79
11
217
109
163
234
163
163
163
163
170
168
5
163
163
163
103
83
6
170
11
168
44
253
73
275
219
257
164
30
44
5
9
83
6
265
92
44
5
9
83
6
14
87
83
6
290
298
37
168
5
116
296
16
1
248
15
86
248
109
87
10
15
120
158
253
295
248
268
120
14
87
124
6
130
90
87
262
81
148
266
257
165
0
295
87
154
123
274
253
109
51
292
267
79
11
217
109
163
234
163
163
163
163
170
168
5
163
163
163
103
83
6
170
11
168
44
253
73
275
219
257
164
30
44
5
9
83
6
265
92
44
5
9
83
6
120
158
253
295
248
268
120
14
87
124
6
130
90
87
262
81
148
266
257
165
0
295
87
154
123
274
253
109
51
292
267
79
11
217
109
163
234
163
163
163
163
170
168
5
163
163
163
103
83
6
170
11
168
44
253
73
275
219
257
164
30
44
5
9
83
6
265
92
44
5
9
83
6
51
292
267
79
11
217
109
163
234
163
163
163
163
170
168
5
163
163
163
103
83
6
170
11
168
44
253
73
275
219
257
164
30
44
5
9
83
6
265
92
44
5
9
83
6
11
217
109
163
234
163
163
163
163
170
168
5
163
163
163
103
83
6
170
11
168
44
253
73
275
219
257
164
30
44
5
9
83
6
265
92
44
5
9
83
6
253
73
275
219
257
164
30
44
5
9
83
6
265
92
44
5
9
83
6
67
