60
103
284
296
100
92
248
53
263
213
168
74
296
290
132
10
168
53
100
16
30
98
158
11
259
100
213
295
163
168
182
100
281
255
179
120
236
168
100
182
148
10
172
137
1
11
168
11
11
168
11
120
177
11
78
19
248
53
263
224
170
168
5
248
53
263
132
182
141
242
0
273
260
132
267
87
10
76
253
73
275
219
257
164
30
248
53
263
265
92
53
263
11
168
11
11
168
11
120
177
11
78
19
248
53
263
224
170
168
5
248
53
263
132
182
141
242
0
273
260
132
267
87
10
76
253
73
275
219
257
164
30
248
53
263
265
92
53
263
11
168
11
120
177
11
78
19
248
53
263
224
170
168
5
248
53
263
132
182
141
242
0
273
260
132
267
87
10
76
253
73
275
219
257
164
30
248
53
263
265
92
53
263
177
11
78
19
248
53
263
224
170
168
5
248
53
263
132
182
141
242
0
273
260
132
267
87
10
76
253
73
275
219
257
164
30
248
53
263
265
92
53
263
242
0
273
260
132
267
87
10
76
253
73
275
219
257
164
30
248
53
263
265
92
53
263
132
267
87
10
76
253
73
275
219
257
164
30
248
53
263
265
92
53
263
253
73
275
219
257
164
30
248
53
263
265
92
53
263
67
