137
154
1
264
264
170
168
5
235
137
168
248
120
220
137
148
10
120
248
49
149
163
103
16
296
125
120
148
10
172
298
49
163
288
8
0
72
116
225
203
220
137
130
186
168
248
264
163
120
279
169
163
220
137
41
295
251
290
242
296
183
168
248
11
128
182
49
257
294
7
288
44
147
163
163
168
253
177
257
18
0
77
91
292
0
19
213
120
252
203
11
293
172
180
4
252
8
11
17
220
137
105
149
257
18
248
168
220
137
11
168
247
115
160
106
137
1
300
163
163
103
116
296
277
220
137
257
22
186
168
298
44
78
115
296
257
132
182
141
163
280
296
154
172
248
177
87
296
109
224
64
168
262
5
201
296
34
265
163
92
182
73
264
170
168
5
11
235
238
264
163
163
163
163
51
292
267
163
163
163
163
296
16
205
253
73
296
106
120
257
182
73
141
10
72
245
179
207
179
254
182
124
300
265
163
163
