206
87
146
258
103
146
130
257
286
146
130
248
87
296
279
145
257
217
296
19
182
155
176
112
76
257
296
113
257
148
298
296
11
298
81
16
129
257
132
267
153
21
163
257
137
154
1
248
146
235
78
11
96
123
1
248
15
11
5
198
208
298
109
146
153
21
163
163
146
33
279
16
143
89
257
150
296
11
7
298
202
1
146
208
298
109
253
73
275
219
257
164
30
146
265
92
144
232
264
130
257
286
146
130
248
87
296
279
145
257
217
296
19
182
155
176
112
76
257
296
113
257
148
298
296
11
298
81
16
129
257
132
267
153
21
163
257
137
154
1
248
146
235
78
11
96
123
1
248
15
11
5
198
208
298
109
146
153
21
163
163
146
33
279
16
143
89
257
150
296
11
7
298
202
1
146
208
298
109
253
73
275
219
257
164
30
146
265
92
144
232
264
257
296
113
257
148
298
296
11
298
81
16
129
257
132
267
153
21
163
257
137
154
1
248
146
235
78
11
96
123
1
248
15
11
5
198
208
298
109
146
153
21
163
163
146
33
279
16
143
89
257
150
296
11
7
298
202
1
146
208
298
109
253
73
275
219
257
164
30
146
265
92
144
232
264
296
11
298
81
16
129
257
132
267
153
21
163
257
137
154
1
248
146
235
78
11
96
123
1
248
15
11
5
198
208
298
109
146
153
21
163
163
146
33
279
16
143
89
257
150
296
11
7
298
202
1
146
208
298
109
253
73
275
219
257
164
30
146
265
92
144
232
264
257
137
154
1
248
146
235
78
11
96
123
1
248
15
11
5
198
208
298
109
146
153
21
163
163
146
33
279
16
143
89
257
150
296
11
7
298
202
1
146
208
298
109
253
73
275
219
257
164
30
146
265
92
144
232
264
146
153
21
163
163
146
33
279
16
143
89
257
150
296
11
7
298
202
1
146
208
298
109
253
73
275
219
257
164
30
146
265
92
144
232
264
153
21
163
163
146
33
279
16
143
89
257
150
296
11
7
298
202
1
146
208
298
109
253
73
275
219
257
164
30
146
265
92
144
232
264
253
73
275
219
257
164
30
146
265
92
144
232
264
67
