90
15
257
269
264
131
298
255
103
255
257
248
148
87
298
93
11
79
283
168
44
179
264
140
257
20
257
298
253
130
10
11
26
120
139
131
253
130
285
7
248
247
296
47
11
16
257
298
11
125
16
296
257
65
248
19
270
269
264
15
176
258
11
22
257
298
44
216
92
248
231
11
22
173
168
248
85
44
15
296
50
44
15
30
237
298
90
15
257
269
264
19
148
240
257
247
237
296
290
106
134
14
257
44
247
0
26
279
111
257
209
298
15
18
296
79
269
264
11
65
134
113
270
298
269
264
5
243
166
163
69
269
120
163
163
253
73
275
219
257
164
30
269
264
5
265
92
269
264
269
264
15
176
258
11
22
257
298
44
216
92
248
231
11
22
173
168
248
85
44
15
296
50
44
15
30
237
298
90
15
257
269
264
19
148
240
257
247
237
296
290
106
134
14
257
44
247
0
26
279
111
257
209
298
15
18
296
79
269
264
11
65
134
113
270
298
269
264
5
243
166
163
69
269
120
163
163
253
73
275
219
257
164
30
269
264
5
265
92
269
264
148
240
257
247
237
296
290
106
134
14
257
44
247
0
26
279
111
257
209
298
15
18
296
79
269
264
11
65
134
113
270
298
269
264
5
243
166
163
69
269
120
163
163
253
73
275
219
257
164
30
269
264
5
265
92
269
264
163
69
269
120
163
163
253
73
275
219
257
164
30
269
264
5
265
92
269
264
67
