60
103
92
104
281
247
296
16
125
120
137
154
1
267
16
0
168
248
278
247
296
34
292
182
170
162
11
254
248
239
116
296
106
163
152
79
104
50
0
15
242
261
152
79
33
172
298
184
292
182
273
260
116
296
106
163
152
20
0
142
273
123
221
211
10
127
292
10
5
55
179
56
235
116
296
106
163
152
242
0
142
273
260
30
56
104
44
235
289
290
223
249
233
11
298
202
248
278
116
296
106
0
59
279
16
257
257
33
266
87
10
123
221
11
260
179
47
172
133
163
87
182
239
196
59
35
47
257
33
20
273
239
196
59
172
133
163
296
34
104
163
271
11
182
271
279
143
89
257
217
296
227
104
44
170
168
5
104
44
170
168
5
163
185
234
104
163
163
163
163
163
104
44
130
48
257
0
193
168
120
168
5
11
112
11
120
3
257
11
120
131
72
199
220
179
4
159
187
22
172
248
168
156
179
94
94
11
179
298
197
130
119
257
267
18
130
298
122
253
73
275
219
257
164
30
104
44
265
92
104
44
50
0
15
242
261
152
79
33
172
298
184
292
182
273
260
116
296
106
163
152
20
0
142
273
123
221
211
10
127
292
10
5
55
179
56
235
116
296
106
163
152
242
0
142
273
260
30
56
104
44
235
289
290
223
249
233
11
298
202
248
278
116
296
106
0
59
279
16
257
257
33
266
87
10
123
221
11
260
179
47
172
133
163
87
182
239
196
59
35
47
257
33
20
273
239
196
59
172
133
163
296
34
104
163
271
11
182
271
279
143
89
257
217
296
227
104
44
170
168
5
104
44
170
168
5
163
185
234
104
163
163
163
163
163
104
44
130
48
257
0
193
168
120
168
5
11
112
11
120
3
257
11
120
131
72
199
220
179
4
159
187
22
172
248
168
156
179
94
94
11
179
298
197
130
119
257
267
18
130
298
122
253
73
275
219
257
164
30
104
44
265
92
104
44
242
261
152
79
33
172
298
184
292
182
273
260
116
296
106
163
152
20
0
142
273
123
221
211
10
127
292
10
5
55
179
56
235
116
296
106
163
152
242
0
142
273
260
30
56
104
44
235
289
290
223
249
233
11
298
202
248
278
116
296
106
0
59
279
16
257
257
33
266
87
10
123
221
11
260
179
47
172
133
163
87
182
239
196
59
35
47
257
33
20
273
239
196
59
172
133
163
296
34
104
163
271
11
182
271
279
143
89
257
217
296
227
104
44
170
168
5
104
44
170
168
5
163
185
234
104
163
163
163
163
163
104
44
130
48
257
0
193
168
120
168
5
11
112
11
120
3
257
11
120
131
72
199
220
179
4
159
187
22
172
248
168
156
179
94
94
11
179
298
197
130
119
257
267
18
130
298
122
253
73
275
219
257
164
30
104
44
265
92
104
44
116
296
106
163
152
20
0
142
273
123
221
211
10
127
292
10
5
55
179
56
235
116
296
106
163
152
242
0
142
273
260
30
56
104
44
235
289
290
223
249
233
11
298
202
248
278
116
296
106
0
59
279
16
257
257
33
266
87
10
123
221
11
260
179
47
172
133
163
87
182
239
196
59
35
47
257
33
20
273
239
196
59
172
133
163
296
34
104
163
271
11
182
271
279
143
89
257
217
296
227
104
44
170
168
5
104
44
170
168
5
163
185
234
104
163
163
163
163
163
104
44
130
48
257
0
193
168
120
168
5
11
112
11
120
3
257
11
120
131
72
199
220
179
4
159
187
22
172
248
168
156
179
94
94
11
179
298
197
130
119
257
267
18
130
298
122
253
73
275
219
257
164
30
104
44
265
92
104
44
211
10
127
292
10
5
55
179
56
235
116
296
106
163
152
242
0
142
273
260
30
56
104
44
235
289
290
223
249
233
11
298
202
248
278
116
296
106
0
59
279
16
257
257
33
266
87
10
123
221
11
260
179
47
172
133
163
87
182
239
196
59
35
47
257
33
20
273
239
196
59
172
133
163
296
34
104
163
271
11
182
271
279
143
89
257
217
296
227
104
44
170
168
5
104
44
170
168
5
163
185
234
104
163
163
163
163
163
104
44
130
48
257
0
193
168
120
168
5
11
112
11
120
3
257
11
120
131
72
199
220
179
4
159
187
22
172
248
168
156
179
94
94
11
179
298
197
130
119
257
267
18
130
298
122
253
73
275
219
257
164
30
104
44
265
92
104
44
292
10
5
55
179
56
235
116
296
106
163
152
242
0
142
273
260
30
56
104
44
235
289
290
223
249
233
11
298
202
248
278
116
296
106
0
59
279
16
257
257
33
266
87
10
123
221
11
260
179
47
172
133
163
87
182
239
196
59
35
47
257
33
20
273
239
196
59
172
133
163
296
34
104
163
271
11
182
271
279
143
89
257
217
296
227
104
44
170
168
5
104
44
170
168
5
163
185
234
104
163
163
163
163
163
104
44
130
48
257
0
193
168
120
168
5
11
112
11
120
3
257
11
120
131
72
199
220
179
4
159
187
22
172
248
168
156
179
94
94
11
179
298
197
130
119
257
267
18
130
298
122
253
73
275
219
257
164
30
104
44
265
92
104
44
289
290
223
249
233
11
298
202
248
278
116
296
106
0
59
279
16
257
257
33
266
87
10
123
221
11
260
179
47
172
133
163
87
182
239
196
59
35
47
257
33
20
273
239
196
59
172
133
163
296
34
104
163
271
11
182
271
279
143
89
257
217
296
227
104
44
170
168
5
104
44
170
168
5
163
185
234
104
163
163
163
163
163
104
44
130
48
257
0
193
168
120
168
5
11
112
11
120
3
257
11
120
131
72
199
220
179
4
159
187
22
172
248
168
156
179
94
94
11
179
298
197
130
119
257
267
18
130
298
122
253
73
275
219
257
164
30
104
44
265
92
104
44
179
47
172
133
163
87
182
239
196
59
35
47
257
33
20
273
239
196
59
172
133
163
296
34
104
163
271
11
182
271
279
143
89
257
217
296
227
104
44
170
168
5
104
44
170
168
5
163
185
234
104
163
163
163
163
163
104
44
130
48
257
0
193
168
120
168
5
11
112
11
120
3
257
11
120
131
72
199
220
179
4
159
187
22
172
248
168
156
179
94
94
11
179
298
197
130
119
257
267
18
130
298
122
253
73
275
219
257
164
30
104
44
265
92
104
44
35
47
257
33
20
273
239
196
59
172
133
163
296
34
104
163
271
11
182
271
279
143
89
257
217
296
227
104
44
170
168
5
104
44
170
168
5
163
185
234
104
163
163
163
163
163
104
44
130
48
257
0
193
168
120
168
5
11
112
11
120
3
257
11
120
131
72
199
220
179
4
159
187
22
172
248
168
156
179
94
94
11
179
298
197
130
119
257
267
18
130
298
122
253
73
275
219
257
164
30
104
44
265
92
104
44
172
133
163
296
34
104
163
271
11
182
271
279
143
89
257
217
296
227
104
44
170
168
5
104
44
170
168
5
163
185
234
104
163
163
163
163
163
104
44
130
48
257
0
193
168
120
168
5
11
112
11
120
3
257
11
120
131
72
199
220
179
4
159
187
22
172
248
168
156
179
94
94
11
179
298
197
130
119
257
267
18
130
298
122
253
73
275
219
257
164
30
104
44
265
92
104
44
11
182
271
279
143
89
257
217
296
227
104
44
170
168
5
104
44
170
168
5
163
185
234
104
163
163
163
163
163
104
44
130
48
257
0
193
168
120
168
5
11
112
11
120
3
257
11
120
131
72
199
220
179
4
159
187
22
172
248
168
156
179
94
94
11
179
298
197
130
119
257
267
18
130
298
122
253
73
275
219
257
164
30
104
44
265
92
104
44
67
