103
116
296
145
268
11
22
125
120
0
36
247
296
84
257
139
11
182
273
294
146
105
248
199
87
296
123
9
61
214
235
120
14
249
257
0
222
253
199
121
123
11
15
74
87
235
125
120
63
168
248
93
253
199
121
63
63
11
154
214
11
298
199
11
268
257
120
12
228
121
214
11
11
74
74
63
11
247
268
257
248
294
253
293
34
22
172
0
140
63
0
154
179
0
87
0
158
180
199
19
146
17
214
9
74
222
183
279
106
168
180
178
247
279
16
257
223
292
296
257
108
296
57
298
2
78
242
0
273
33
260
253
73
275
219
257
164
30
146
265
92
144
232
264
235
120
14
249
257
0
222
253
199
121
123
11
15
74
87
235
125
120
63
168
248
93
253
199
121
63
63
11
154
214
11
298
199
11
268
257
120
12
228
121
214
11
11
74
74
63
11
247
268
257
248
294
253
293
34
22
172
0
140
63
0
154
179
0
87
0
158
180
199
19
146
17
214
9
74
222
183
279
106
168
180
178
247
279
16
257
223
292
296
257
108
296
57
298
2
78
242
0
273
33
260
253
73
275
219
257
164
30
146
265
92
144
232
264
87
235
125
120
63
168
248
93
253
199
121
63
63
11
154
214
11
298
199
11
268
257
120
12
228
121
214
11
11
74
74
63
11
247
268
257
248
294
253
293
34
22
172
0
140
63
0
154
179
0
87
0
158
180
199
19
146
17
214
9
74
222
183
279
106
168
180
178
247
279
16
257
223
292
296
257
108
296
57
298
2
78
242
0
273
33
260
253
73
275
219
257
164
30
146
265
92
144
232
264
11
298
199
11
268
257
120
12
228
121
214
11
11
74
74
63
11
247
268
257
248
294
253
293
34
22
172
0
140
63
0
154
179
0
87
0
158
180
199
19
146
17
214
9
74
222
183
279
106
168
180
178
247
279
16
257
223
292
296
257
108
296
57
298
2
78
242
0
273
33
260
253
73
275
219
257
164
30
146
265
92
144
232
264
63
11
247
268
257
248
294
253
293
34
22
172
0
140
63
0
154
179
0
87
0
158
180
199
19
146
17
214
9
74
222
183
279
106
168
180
178
247
279
16
257
223
292
296
257
108
296
57
298
2
78
242
0
273
33
260
253
73
275
219
257
164
30
146
265
92
144
232
264
17
214
9
74
222
183
279
106
168
180
178
247
279
16
257
223
292
296
257
108
296
57
298
2
78
242
0
273
33
260
253
73
275
219
257
164
30
146
265
92
144
232
264
214
9
74
222
183
279
106
168
180
178
247
279
16
257
223
292
296
257
108
296
57
298
2
78
242
0
273
33
260
253
73
275
219
257
164
30
146
265
92
144
232
264
74
222
183
279
106
168
180
178
247
279
16
257
223
292
296
257
108
296
57
298
2
78
242
0
273
33
260
253
73
275
219
257
164
30
146
265
92
144
232
264
222
183
279
106
168
180
178
247
279
16
257
223
292
296
257
108
296
57
298
2
78
242
0
273
33
260
253
73
275
219
257
164
30
146
265
92
144
232
264
222
183
279
106
168
180
178
247
279
16
257
223
292
296
257
108
296
57
298
2
78
242
0
273
33
260
253
73
275
219
257
164
30
146
265
92
144
232
264
222
183
279
106
168
180
178
247
279
16
257
223
292
296
257
108
296
57
298
2
78
242
0
273
33
260
253
73
275
219
257
164
30
146
265
92
144
232
264
183
279
106
168
180
178
247
279
16
257
223
292
296
257
108
296
57
298
2
78
242
0
273
33
260
253
73
275
219
257
164
30
146
265
92
144
232
264
253
73
275
219
257
164
30
146
265
92
144
232
264
67
