60
103
257
248
294
155
140
179
11
154
242
11
0
53
199
296
257
293
292
235
11
80
147
11
213
120
243
298
120
28
92
248
266
179
245
10
279
106
0
87
296
224
170
168
5
248
53
263
132
182
141
242
0
273
260
132
267
87
10
76
253
73
275
219
257
164
30
248
53
263
265
92
53
263
199
296
257
293
292
235
11
80
147
11
213
120
243
298
120
28
92
248
266
179
245
10
279
106
0
87
296
224
170
168
5
248
53
263
132
182
141
242
0
273
260
132
267
87
10
76
253
73
275
219
257
164
30
248
53
263
265
92
53
263
242
0
273
260
132
267
87
10
76
253
73
275
219
257
164
30
248
53
263
265
92
53
263
132
267
87
10
76
253
73
275
219
257
164
30
248
53
263
265
92
53
263
253
73
275
219
257
164
30
248
53
263
265
92
53
263
67
