87
183
109
283
279
92
296
298
73
164
275
284
296
237
253
85
103
202
115
135
247
16
172
163
115
290
22
179
0
159
115
106
0
168
159
115
106
231
257
248
168
41
159
115
106
231
257
248
87
159
202
115
135
247
7
16
172
91
163
11
115
106
179
290
106
11
237
30
159
190
286
296
159
257
12
168
248
202
225
179
162
257
248
202
115
106
159
115
106
0
159
96
173
115
106
13
159
115
34
268
13
159
12
159
120
248
202
179
115
106
0
168
248
120
179
172
69
159
159
29
130
116
275
159
149
283
130
109
179
115
106
248
186
292
248
159
115
106
248
186
248
159
115
106
254
134
18
10
78
159
115
135
247
115
157
257
292
172
11
160
173
159
66
296
217
12
204
19
253
192
286
296
160
106
248
237
30
91
163
19
165
191
159
115
106
248
215
87
248
172
159
190
12
92
248
202
121
286
296
160
106
248
237
172
91
179
298
184
67
