284
296
96
257
9
298
294
96
103
248
294
130
96
210
19
247
283
296
280
283
284
296
47
257
9
298
294
130
174
99
257
96
37
16
182
165
262
130
246
298
56
213
182
49
279
106
235
92
163
11
7
163
232
29
131
154
246
247
182
81
121
235
92
0
168
78
121
11
172
248
11
154
120
248
179
183
33
297
150
235
11
80
292
139
78
92
298
184
19
279
11
137
92
7
168
182
49
287
160
174
257
0
2
29
10
292
177
296
135
155
131
0
49
285
235
16
257
22
249
279
111
296
132
182
33
49
279
34
137
92
180
11
295
297
22
257
183
128
247
179
294
82
154
19
296
22
247
0
120
290
163
293
18
248
85
156
19
11
231
298
184
163
179
22
248
85
168
163
132
248
11
132
248
294
248
170
168
262
5
9
170
168
262
5
163
163
253
73
275
219
257
164
30
9
265
92
9
9
170
168
262
5
163
163
253
73
275
219
257
164
30
9
265
92
9
163
163
253
73
275
219
257
164
30
9
265
92
9
67
