103
115
296
106
248
257
109
19
247
300
286
115
300
257
296
247
14
292
298
15
98
14
235
14
235
13
95
130
246
296
300
106
257
237
245
215
116
296
300
106
11
279
300
12
292
298
15
14
258
11
115
300
97
296
10
5
61
261
257
96
231
3
298
15
98
14
235
14
235
13
95
292
248
5
61
298
228
8
296
300
106
257
10
15
11
296
300
106
257
10
296
16
8
257
237
248
13
98
14
235
14
235
13
95
115
300
148
240
296
205
248
278
237
298
15
98
14
235
14
235
13
95
179
248
13
98
14
235
14
235
13
95
258
224
98
201
116
296
300
143
257
0
98
120
44
169
177
257
236
120
182
300
126
199
87
169
257
236
0
296
300
125
120
253
199
130
134
173
168
248
11
235
257
252
66
16
296
173
50
298
15
98
14
235
14
235
13
95
179
248
13
98
14
235
14
235
13
95
11
84
183
98
235
216
220
168
248
44
116
160
205
73
92
264
138
267
135
138
267
