115
247
22
115
160
292
18
18
131
257
248
131
22
0
115
8
0
22
0
178
87
0
115
106
19
0
148
154
246
0
131
120
248
87
248
103
172
163
163
19
165
191
115
248
168
97
10
257
300
115
275
168
97
10
87
220
257
248
49
11
120
248
168
139
66
296
131
300
182
22
0
179
0
10
22
268
280
250
11
248
187
78
106
0
26
116
22
19
76
172
163
163
19
165
103
172
163
163
19
165
296
292
131
172
163
163
19
165
115
34
66
10
225
116
279
7
172
172
163
163
19
165
116
279
66
115
34
66
187
78
105
66
248
11
115
106
172
163
163
19
165
240
172
163
163
19
165
34
296
96
172
248
243
172
163
163
19
165
172
163
163
19
165
191
103
160
240
1
12
29
279
148
0
141
120
248
11
173
131
22
24
116
279
168
247
293
292
7
168
172
163
163
19
165
296
96
257
1
283
279
300
140
257
66
67
