44
274
257
269
264
259
163
204
257
274
269
264
253
239
274
130
248
163
278
257
79
298
19
269
264
11
298
93
172
33
155
235
247
252
270
275
87
179
19
248
259
168
249
141
274
0
257
248
156
185
257
298
274
134
163
152
92
33
148
131
0
59
30
257
248
179
99
87
0
248
37
16
297
270
235
250
266
248
143
120
298
9
292
90
270
298
274
274
248
120
248
235
263
257
87
154
128
182
281
248
174
262
124
120
248
232
257
106
173
262
207
130
0
26
109
185
120
269
257
131
0
270
141
257
96
0
292
288
298
38
183
248
11
172
248
239
274
178
79
270
59
133
163
133
163
133
163
33
260
9
123
221
153
91
279
143
89
257
296
257
182
33
11
49
11
137
154
1
298
125
11
298
269
264
5
243
166
163
69
269
120
163
163
253
73
275
219
257
164
30
269
264
5
265
92
269
264
253
239
274
130
248
163
278
257
79
298
19
269
264
11
298
93
172
33
155
235
247
252
270
275
87
179
19
248
259
168
249
141
274
0
257
248
156
185
257
298
274
134
163
152
92
33
148
131
0
59
30
257
248
179
99
87
0
248
37
16
297
270
235
250
266
248
143
120
298
9
292
90
270
298
274
274
248
120
248
235
263
257
87
154
128
182
281
248
174
262
124
120
248
232
257
106
173
262
207
130
0
26
109
185
120
269
257
131
0
270
141
257
96
0
292
288
298
38
183
248
11
172
248
239
274
178
79
270
59
133
163
133
163
133
163
33
260
9
123
221
153
91
279
143
89
257
296
257
182
33
11
49
11
137
154
1
298
125
11
298
269
264
5
243
166
163
69
269
120
163
163
253
73
275
219
257
164
30
269
264
5
265
92
269
264
163
69
269
120
163
163
253
73
275
219
257
164
30
269
264
5
265
92
269
264
67
