296
87
251
202
11
22
225
292
298
293
115
77
247
115
137
92
248
179
134
134
247
10
187
160
135
172
113
280
298
130
296
22
186
168
298
296
160
22
123
120
248
290
160
106
115
77
179
284
115
141
247
115
92
247
284
296
92
247
283
116
115
106
92
115
134
292
0
253
130
0
101
202
115
226
248
11
115
248
130
257
292
0
166
172
163
163
19
165
191
103
60
115
0
1
287
123
279
11
8
279
131
120
115
77
247
115
137
92
248
179
134
115
77
179
284
115
141
247
115
92
247
283
116
115
106
92
115
134
292
0
131
22
101
116
296
73
149
227
224
103
67
