272
120
151
195
296
300
22
30
156
80
120
172
207
11
51
257
36
177
296
300
22
195
87
11
103
137
113
298
292
182
87
238
284
279
296
300
182
259
131
247
279
300
47
266
292
182
184
257
298
93
238
279
66
145
163
7
151
264
163
70
110
234
171
163
279
205
298
52
123
92
235
216
220
116
296
194
160
257
205
73
92
151
264
42
109
257
265
151
195
296
300
22
30
156
80
120
172
207
11
51
257
36
177
296
300
22
195
87
11
103
137
113
298
292
182
87
238
284
279
296
300
182
259
131
247
279
300
47
266
292
182
184
257
298
93
238
279
66
145
163
7
151
264
163
70
110
234
171
163
279
205
298
52
123
92
235
216
220
116
296
194
160
257
205
73
92
151
264
42
109
257
265
298
292
182
87
238
284
279
296
300
182
259
131
247
279
300
47
266
292
182
184
257
298
93
238
279
66
145
163
7
151
264
163
70
110
234
171
163
279
205
298
52
123
92
235
216
220
116
296
194
160
257
205
73
92
151
264
42
109
257
265
257
298
93
238
279
66
145
163
7
151
264
163
70
110
234
171
163
279
205
298
52
123
92
235
216
220
116
296
194
160
257
205
73
92
151
264
42
109
257
265
67
