60
103
66
296
106
189
87
248
239
279
22
0
29
279
250
159
25
278
257
0
239
59
246
274
241
33
135
1
241
267
257
279
16
0
49
168
165
235
285
292
47
87
248
248
168
248
85
241
130
8
11
3
154
246
168
241
235
205
83
6
11
163
168
41
106
248
85
95
120
249
81
257
20
44
279
111
225
132
267
172
33
87
0
260
11
123
221
274
33
172
298
184
211
11
266
87
0
260
116
296
35
148
131
257
33
38
183
182
273
178
241
130
257
274
296
47
30
163
152
92
126
11
179
115
163
115
163
116
296
106
12
202
190
73
267
19
279
111
257
217
296
227
106
0
101
239
224
248
168
248
241
5
170
140
257
31
296
283
140
257
22
31
116
279
16
268
248
190
73
5
241
44
5
163
163
163
253
73
275
219
257
164
30
241
44
265
92
241
44
274
33
172
298
184
211
11
266
87
0
260
116
296
35
148
131
257
33
38
183
182
273
178
241
130
257
274
296
47
30
163
152
92
126
11
179
115
163
115
163
116
296
106
12
202
190
73
267
19
279
111
257
217
296
227
106
0
101
239
224
248
168
248
241
5
170
140
257
31
296
283
140
257
22
31
116
279
16
268
248
190
73
5
241
44
5
163
163
163
253
73
275
219
257
164
30
241
44
265
92
241
44
116
296
35
148
131
257
33
38
183
182
273
178
241
130
257
274
296
47
30
163
152
92
126
11
179
115
163
115
163
116
296
106
12
202
190
73
267
19
279
111
257
217
296
227
106
0
101
239
224
248
168
248
241
5
170
140
257
31
296
283
140
257
22
31
116
279
16
268
248
190
73
5
241
44
5
163
163
163
253
73
275
219
257
164
30
241
44
265
92
241
44
241
130
257
274
296
47
30
163
152
92
126
11
179
115
163
115
163
116
296
106
12
202
190
73
267
19
279
111
257
217
296
227
106
0
101
239
224
248
168
248
241
5
170
140
257
31
296
283
140
257
22
31
116
279
16
268
248
190
73
5
241
44
5
163
163
163
253
73
275
219
257
164
30
241
44
265
92
241
44
241
44
5
163
163
163
253
73
275
219
257
164
30
241
44
265
92
241
44
253
73
275
219
257
164
30
241
44
265
92
241
44
67
