274
120
187
179
175
60
103
18
0
264
279
242
248
31
257
179
87
248
187
115
111
253
73
84
296
11
298
81
280
120
253
294
281
137
257
257
173
115
143
89
257
96
257
135
182
87
41
11
115
111
257
121
296
237
298
15
257
264
18
227
18
131
266
257
247
255
115
296
257
137
7
296
34
1
286
182
49
22
0
101
87
296
296
34
96
0
231
292
182
5
198
79
212
11
83
6
177
11
205
172
182
245
178
193
162
130
8
0
101
255
257
274
11
217
283
279
106
257
169
298
143
257
47
257
33
179
38
183
182
33
273
279
106
168
178
257
79
11
137
1
182
49
242
11
115
143
89
257
223
154
1
248
297
205
254
0
264
72
224
98
201
206
87
173
168
182
274
59
63
87
235
140
296
289
87
238
19
145
257
97
296
10
266
272
168
7
247
182
49
105
257
169
296
264
163
163
98
248
44
235
216
220
265
257
159
205
73
92
267
