87
183
186
261
109
283
279
92
296
186
261
248
168
253
130
257
123
1
235
289
290
22
120
248
120
187
19
298
73
164
275
284
296
237
253
85
103
188
163
159
163
159
159
134
163
163
163
236
248
290
22
211
87
165
165
191
172
247
293
128
298
211
159
160
115
189
257
120
248
120
187
87
159
168
211
159
168
160
248
290
22
211
87
165
165
191
172
247
293
128
298
211
159
160
115
189
257
120
248
120
187
87
248
159
168
211
159
168
160
19
253
255
66
296
217
87
47
266
120
298
211
140
159
115
22
20
257
245
123
7
235
290
157
257
106
87
245
235
157
245
290
22
19
248
85
115
248
245
123
159
115
290
157
0
245
19
248
85
159
115
106
173
159
115
22
253
130
257
38
172
298
115
106
0
159
115
290
157
173
159
115
22
159
0
179
11
157
173
115
106
0
87
159
115
290
157
173
159
115
22
159
0
190
12
179
202
109
179
298
184
67
