17
9
214
5
79
17
44
120
103
279
111
296
34
132
267
133
163
163
87
248
44
260
0
101
177
257
260
226
168
248
17
44
120
248
167
282
11
106
7
243
266
257
169
199
231
19
165
11
165
191
172
168
251
59
251
213
16
7
69
225
296
34
274
163
163
59
113
213
290
296
274
131
266
257
296
206
162
190
274
248
44
260
257
137
154
1
253
177
279
111
257
217
296
172
33
120
133
203
1
139
19
167
172
248
167
44
168
17
11
214
5
188
163
163
163
73
45
163
70
44
229
167
171
163
253
73
275
219
257
164
30
167
44
265
92
167
44
5
190
274
248
44
260
257
137
154
1
253
177
279
111
257
217
296
172
33
120
133
203
1
139
19
167
172
248
167
44
168
17
11
214
5
188
163
163
163
73
45
163
70
44
229
167
171
163
253
73
275
219
257
164
30
167
44
265
92
167
44
5
257
137
154
1
253
177
279
111
257
217
296
172
33
120
133
203
1
139
19
167
172
248
167
44
168
17
11
214
5
188
163
163
163
73
45
163
70
44
229
167
171
163
253
73
275
219
257
164
30
167
44
265
92
167
44
5
44
168
17
11
214
5
188
163
163
163
73
45
163
70
44
229
167
171
163
253
73
275
219
257
164
30
167
44
265
92
167
44
5
73
45
163
70
44
229
167
171
163
253
73
275
219
257
164
30
167
44
265
92
167
44
5
67
