60
103
53
235
249
239
148
247
252
236
11
207
248
120
120
120
11
248
120
226
40
257
120
248
0
199
285
235
293
11
120
243
257
10
11
0
257
249
180
19
54
11
154
130
110
213
235
120
182
239
199
0
172
74
78
120
41
18
63
11
74
113
290
296
298
53
239
224
170
168
5
248
53
263
132
182
141
242
0
273
260
132
267
87
10
76
253
73
275
219
257
164
30
248
53
263
265
92
53
263
120
120
120
11
248
120
226
40
257
120
248
0
199
285
235
293
11
120
243
257
10
11
0
257
249
180
19
54
11
154
130
110
213
235
120
182
239
199
0
172
74
78
120
41
18
63
11
74
113
290
296
298
53
239
224
170
168
5
248
53
263
132
182
141
242
0
273
260
132
267
87
10
76
253
73
275
219
257
164
30
248
53
263
265
92
53
263
0
199
285
235
293
11
120
243
257
10
11
0
257
249
180
19
54
11
154
130
110
213
235
120
182
239
199
0
172
74
78
120
41
18
63
11
74
113
290
296
298
53
239
224
170
168
5
248
53
263
132
182
141
242
0
273
260
132
267
87
10
76
253
73
275
219
257
164
30
248
53
263
265
92
53
263
130
110
213
235
120
182
239
199
0
172
74
78
120
41
18
63
11
74
113
290
296
298
53
239
224
170
168
5
248
53
263
132
182
141
242
0
273
260
132
267
87
10
76
253
73
275
219
257
164
30
248
53
263
265
92
53
263
199
0
172
74
78
120
41
18
63
11
74
113
290
296
298
53
239
224
170
168
5
248
53
263
132
182
141
242
0
273
260
132
267
87
10
76
253
73
275
219
257
164
30
248
53
263
265
92
53
263
242
0
273
260
132
267
87
10
76
253
73
275
219
257
164
30
248
53
263
265
92
53
263
132
267
87
10
76
253
73
275
219
257
164
30
248
53
263
265
92
53
263
253
73
275
219
257
164
30
248
53
263
265
92
53
263
67
