172
91
182
11
290
248
44
11
36
253
273
290
242
7
235
11
290
106
248
177
257
150
292
92
124
92
248
121
248
264
168
118
264
168
264
11
154
253
290
22
0
101
177
87
235
11
257
107
1
248
44
252
16
125
120
11
106
249
202
172
91
182
11
290
248
44
11
36
253
273
290
242
7
235
11
290
106
248
177
257
150
292
92
124
92
248
121
248
264
168
118
264
168
264
11
154
253
290
22
0
101
177
87
235
11
257
107
1
248
44
252
16
125
120
11
106
249
202
235
11
16
257
266
87
221
30
42
253
87
123
190
52
19
235
11
16
257
266
87
221
30
42
253
87
123
190
52
19
