298
2
103
16
296
30
11
248
202
257
66
296
140
131
284
207
11
105
298
172
131
296
140
0
109
296
222
298
184
292
248
11
168
80
11
230
248
2
78
19
104
130
1
298
11
285
296
277
131
257
242
296
277
257
135
154
225
66
279
217
285
298
19
104
11
116
298
231
257
296
217
109
279
129
296
257
237
248
11
15
258
224
104
44
170
168
5
201
279
150
163
168
298
83
157
174
0
168
44
11
264
154
246
165
120
248
232
34
247
104
44
170
168
5
163
185
234
104
163
163
163
163
163
104
44
130
48
257
0
193
168
120
168
5
11
112
11
120
3
257
11
120
131
72
199
220
179
4
159
187
22
172
248
168
156
179
94
94
11
179
298
197
130
119
257
267
18
130
298
122
253
73
275
219
257
164
30
104
44
265
92
104
44
103
16
296
30
11
248
202
257
66
296
140
131
284
207
11
105
298
172
131
296
140
0
109
296
222
298
184
292
248
11
168
80
11
230
248
2
78
19
104
130
1
298
11
285
296
277
131
257
242
296
277
257
135
154
225
66
279
217
285
298
19
104
11
116
298
231
257
296
217
109
279
129
296
257
237
248
11
15
258
224
104
44
170
168
5
201
279
150
163
168
298
83
157
174
0
168
44
11
264
154
246
165
120
248
232
34
247
104
44
170
168
5
163
185
234
104
163
163
163
163
163
104
44
130
48
257
0
193
168
120
168
5
11
112
11
120
3
257
11
120
131
72
199
220
179
4
159
187
22
172
248
168
156
179
94
94
11
179
298
197
130
119
257
267
18
130
298
122
253
73
275
219
257
164
30
104
44
265
92
104
44
217
285
298
19
104
11
116
298
231
257
296
217
109
279
129
296
257
237
248
11
15
258
224
104
44
170
168
5
201
279
150
163
168
298
83
157
174
0
168
44
11
264
154
246
165
120
248
232
34
247
104
44
170
168
5
163
185
234
104
163
163
163
163
163
104
44
130
48
257
0
193
168
120
168
5
11
112
11
120
3
257
11
120
131
72
199
220
179
4
159
187
22
172
248
168
156
179
94
94
11
179
298
197
130
119
257
267
18
130
298
122
253
73
275
219
257
164
30
104
44
265
92
104
44
258
224
104
44
170
168
5
201
279
150
163
168
298
83
157
174
0
168
44
11
264
154
246
165
120
248
232
34
247
104
44
170
168
5
163
185
234
104
163
163
163
163
163
104
44
130
48
257
0
193
168
120
168
5
11
112
11
120
3
257
11
120
131
72
199
220
179
4
159
187
22
172
248
168
156
179
94
94
11
179
298
197
130
119
257
267
18
130
298
122
253
73
275
219
257
164
30
104
44
265
92
104
44
67
