60
235
226
235
34
160
47
128
248
28
257
106
249
105
0
278
257
235
257
249
184
257
22
268
120
248
120
235
34
180
168
116
296
106
160
87
248
179
140
257
96
298
296
274
248
11
120
268
298
73
296
290
22
219
0
163
4
73
11
296
290
248
172
248
11
257
248
296
290
42
172
248
11
86
248
257
298
247
296
290
242
19
296
34
298
184
92
298
184
120
248
295
11
248
213
139
250
130
159
247
279
290
268
251
120
248
29
250
130
0
37
247
279
290
190
242
168
253
177
257
22
121
120
298
120
253
11
295
296
87
298
248
230
11
11
67
