203
1
283
68
105
257
169
279
135
247
183
283
130
24
87
298
125
34
22
296
106
257
253
84
248
210
124
257
296
120
298
122
130
257
298
238
18
0
235
11
0
68
172
294
78
296
168
248
293
254
207
11
182
199
296
290
137
30
292
11
11
84
120
10
247
298
11
200
0
37
257
245
69
298
36
68
183
248
120
287
296
34
28
298
93
36
279
129
296
257
182
11
175
287
290
97
296
0
25
168
68
264
11
182
168
137
105
257
169
109
296
34
272
182
262
2
11
154
217
248
294
254
68
236
199
296
34
79
226
168
248
294
155
226
121
11
137
154
139
19
68
96
0
168
283
131
140
257
22
0
68
254
182
5
235
271
235
233
11
273
260
168
33
137
154
242
0
143
182
274
260
79
248
168
278
296
34
51
292
68
92
182
172
33
5
76
257
142
173
172
173
292
5
55
292
260
271
233
11
154
137
154
5
274
33
52
267
68
264
262
5
163
234
163
166
253
73
275
219
257
164
30
68
264
265
92
68
264
175
287
290
97
296
0
25
168
68
264
11
182
168
137
105
257
169
109
296
34
272
182
262
2
11
154
217
248
294
254
68
236
199
296
34
79
226
168
248
294
155
226
121
11
137
154
139
19
68
96
0
168
283
131
140
257
22
0
68
254
182
5
235
271
235
233
11
273
260
168
33
137
154
242
0
143
182
274
260
79
248
168
278
296
34
51
292
68
92
182
172
33
5
76
257
142
173
172
173
292
5
55
292
260
271
233
11
154
137
154
5
274
33
52
267
68
264
262
5
163
234
163
166
253
73
275
219
257
164
30
68
264
265
92
68
264
139
19
68
96
0
168
283
131
140
257
22
0
68
254
182
5
235
271
235
233
11
273
260
168
33
137
154
242
0
143
182
274
260
79
248
168
278
296
34
51
292
68
92
182
172
33
5
76
257
142
173
172
173
292
5
55
292
260
271
233
11
154
137
154
5
274
33
52
267
68
264
262
5
163
234
163
166
253
73
275
219
257
164
30
68
264
265
92
68
264
242
0
143
182
274
260
79
248
168
278
296
34
51
292
68
92
182
172
33
5
76
257
142
173
172
173
292
5
55
292
260
271
233
11
154
137
154
5
274
33
52
267
68
264
262
5
163
234
163
166
253
73
275
219
257
164
30
68
264
265
92
68
264
5
274
33
52
267
68
264
262
5
163
234
163
166
253
73
275
219
257
164
30
68
264
265
92
68
264
274
33
52
267
68
264
262
5
163
234
163
166
253
73
275
219
257
164
30
68
264
265
92
68
264
52
267
68
264
262
5
163
234
163
166
253
73
275
219
257
164
30
68
264
265
92
68
264
68
264
262
5
163
234
163
166
253
73
275
219
257
164
30
68
264
265
92
68
264
67
