60
88
264
130
0
17
213
120
292
10
165
235
80
163
147
11
163
11
0
163
179
100
213
0
295
279
106
130
106
0
162
279
135
131
106
0
19
276
88
279
135
253
120
186
92
248
293
168
182
289
121
163
163
0
120
85
121
120
163
11
163
11
163
11
120
249
11
130
162
19
154
246
163
248
29
279
135
131
182
235
35
267
105
248
155
262
19
276
88
248
173
168
77
163
100
105
131
120
29
247
248
233
163
168
249
147
120
179
214
11
18
292
248
276
88
130
248
285
150
294
78
276
88
87
128
87
131
131
11
11
131
11
254
251
199
235
257
245
248
168
249
108
0
0
11
0
257
130
0
120
287
235
205
11
148
257
120
187
248
76
168
248
295
97
235
0
37
257
257
87
257
137
154
1
113
276
88
248
168
248
17
257
120
257
150
248
294
157
47
274
182
23
33
257
110
260
16
162
87
21
206
21
274
92
21
163
21
163
279
290
169
120
187
123
221
292
235
33
260
253
261
274
78
290
22
169
153
91
92
165
165
191
11
165
191
165
191
206
87
298
33
274
78
109
279
8
111
297
132
267
87
182
142
273
123
221
276
11
279
296
257
86
182
257
137
154
1
177
19
276
88
276
88
264
253
73
275
219
257
164
30
276
88
264
5
265
92
276
88
264
130
0
17
213
120
292
10
165
235
80
163
147
11
163
11
0
163
179
100
213
0
295
279
106
130
106
0
162
279
135
131
106
0
19
276
88
279
135
253
120
186
92
248
293
168
182
289
121
163
163
0
120
85
121
120
163
11
163
11
163
11
120
249
11
130
162
19
154
246
163
248
29
279
135
131
182
235
35
267
105
248
155
262
19
276
88
248
173
168
77
163
100
105
131
120
29
247
248
233
163
168
249
147
120
179
214
11
18
292
248
276
88
130
248
285
150
294
78
276
88
87
128
87
131
131
11
11
131
11
254
251
199
235
257
245
248
168
249
108
0
0
11
0
257
130
0
120
287
235
205
11
148
257
120
187
248
76
168
248
295
97
235
0
37
257
257
87
257
137
154
1
113
276
88
248
168
248
17
257
120
257
150
248
294
157
47
274
182
23
33
257
110
260
16
162
87
21
206
21
274
92
21
163
21
163
279
290
169
120
187
123
221
292
235
33
260
253
261
274
78
290
22
169
153
91
92
165
165
191
11
165
191
165
191
206
87
298
33
274
78
109
279
8
111
297
132
267
87
182
142
273
123
221
276
11
279
296
257
86
182
257
137
154
1
177
19
276
88
276
88
264
253
73
275
219
257
164
30
276
88
264
5
265
92
276
88
264
279
8
111
297
132
267
87
182
142
273
123
221
276
11
279
296
257
86
182
257
137
154
1
177
19
276
88
276
88
264
253
73
275
219
257
164
30
276
88
264
5
265
92
276
88
264
11
279
296
257
86
182
257
137
154
1
177
19
276
88
276
88
264
253
73
275
219
257
164
30
276
88
264
5
265
92
276
88
264
279
296
257
86
182
257
137
154
1
177
19
276
88
276
88
264
253
73
275
219
257
164
30
276
88
264
5
265
92
276
88
264
67
