133
163
163
163
190
132
267
44
15
133
163
163
163
60
103
298
129
257
0
228
199
172
248
44
216
11
15
198
11
30
161
58
5
55
248
44
15
130
0
168
163
152
221
63
87
110
213
199
172
248
296
277
257
79
120
298
44
216
11
15
198
92
84
248
210
257
248
44
297
106
248
177
257
202
11
137
1
283
155
257
296
248
44
216
11
84
248
210
153
133
163
165
165
191
75
206
109
4
11
298
15
133
163
165
165
191
75
206
109
248
44
133
163
165
165
191
75
206
109
248
44
15
11
209
133
163
165
165
191
75
206
109
279
111
296
34
132
267
44
15
296
34
20
7
221
179
40
168
155
125
257
296
120
296
221
290
22
11
109
87
272
170
168
262
5
161
58
120
163
166
299
163
264
168
161
58
253
73
275
219
257
164
30
264
168
161
58
265
92
7
5
73
4
11
298
15
133
163
165
165
191
75
206
109
248
44
133
163
165
165
191
75
206
109
248
44
15
11
209
133
163
165
165
191
75
206
109
279
111
296
34
132
267
44
15
296
34
20
7
221
179
40
168
155
125
257
296
120
296
221
290
22
11
109
87
272
170
168
262
5
161
58
120
163
166
299
163
264
168
161
58
253
73
275
219
257
164
30
264
168
161
58
265
92
7
5
73
248
44
133
163
165
165
191
75
206
109
248
44
15
11
209
133
163
165
165
191
75
206
109
279
111
296
34
132
267
44
15
296
34
20
7
221
179
40
168
155
125
257
296
120
296
221
290
22
11
109
87
272
170
168
262
5
161
58
120
163
166
299
163
264
168
161
58
253
73
275
219
257
164
30
264
168
161
58
265
92
7
5
73
248
44
133
163
165
165
191
75
206
109
248
44
15
11
209
133
163
165
165
191
75
206
109
279
111
296
34
132
267
44
15
296
34
20
7
221
179
40
168
155
125
257
296
120
296
221
290
22
11
109
87
272
170
168
262
5
161
58
120
163
166
299
163
264
168
161
58
253
73
275
219
257
164
30
264
168
161
58
265
92
7
5
73
248
44
15
11
209
133
163
165
165
191
75
206
109
279
111
296
34
132
267
44
15
296
34
20
7
221
179
40
168
155
125
257
296
120
296
221
290
22
11
109
87
272
170
168
262
5
161
58
120
163
166
299
163
264
168
161
58
253
73
275
219
257
164
30
264
168
161
58
265
92
7
5
73
279
111
296
34
132
267
44
15
296
34
20
7
221
179
40
168
155
125
257
296
120
296
221
290
22
11
109
87
272
170
168
262
5
161
58
120
163
166
299
163
264
168
161
58
253
73
275
219
257
164
30
264
168
161
58
265
92
7
5
73
299
163
264
168
161
58
253
73
275
219
257
164
30
264
168
161
58
265
92
7
5
73
67
