279
143
19
77
168
298
248
15
163
5
198
279
277
296
257
135
7
248
279
120
182
29
5
198
103
298
78
11
195
120
2
11
180
121
113
298
110
213
41
16
179
4
228
179
178
11
178
168
22
0
245
256
135
284
248
16
87
11
11
148
0
245
189
292
298
110
213
55
120
257
22
87
124
212
245
22
133
163
19
248
168
298
295
268
248
8
296
34
242
251
245
18
255
18
296
277
38
183
154
245
242
256
109
203
154
1
182
245
193
109
245
256
245
193
202
183
257
182
108
5
230
19
179
31
163
163
163
292
12
202
296
106
1
182
5
198
281
257
108
163
163
163
70
163
235
220
28
136
163
163
26
26
197
193
14
274
253
73
275
219
257
164
30
264
168
244
265
92
248
264
168
244
136
253
73
275
219
257
164
30
264
168
244
265
92
248
264
168
244
136
67
