60
103
281
296
257
20
104
120
187
239
196
59
279
106
178
87
296
273
239
196
59
130
104
273
168
182
239
176
112
107
92
235
80
11
230
19
104
11
137
283
148
182
33
11
49
206
87
182
273
239
196
59
172
133
163
224
104
44
170
168
5
104
44
170
168
5
163
185
234
104
163
163
163
163
163
104
44
130
48
257
0
193
168
120
168
5
11
112
11
120
3
257
11
120
131
72
199
220
179
4
159
187
22
172
248
168
156
179
94
94
11
179
298
197
130
119
257
267
18
130
298
122
253
73
275
219
257
164
30
104
44
265
92
104
44
224
104
44
170
168
5
104
44
170
168
5
163
185
234
104
163
163
163
163
163
104
44
130
48
257
0
193
168
120
168
5
11
112
11
120
3
257
11
120
131
72
199
220
179
4
159
187
22
172
248
168
156
179
94
94
11
179
298
197
130
119
257
267
18
130
298
122
253
73
275
219
257
164
30
104
44
265
92
104
44
67
