257
296
60
103
296
22
283
66
115
157
257
135
1
248
5
198
19
54
109
16
257
66
18
296
195
257
14
163
137
283
54
143
87
120
248
15
198
163
247
279
106
248
254
163
163
209
182
5
11
15
163
38
183
182
273
274
257
78
54
163
202
182
11
5
34
108
279
143
89
257
22
0
87
296
298
44
216
198
24
54
264
262
5
262
5
170
54
264
163
163
163
253
73
275
219
257
164
30
54
264
5
265
92
54
264
120
248
15
198
163
247
279
106
248
254
163
163
209
182
5
11
15
163
38
183
182
273
274
257
78
54
163
202
182
11
5
34
108
279
143
89
257
22
0
87
296
298
44
216
198
24
54
264
262
5
262
5
170
54
264
163
163
163
253
73
275
219
257
164
30
54
264
5
265
92
54
264
254
163
163
209
182
5
11
15
163
38
183
182
273
274
257
78
54
163
202
182
11
5
34
108
279
143
89
257
22
0
87
296
298
44
216
198
24
54
264
262
5
262
5
170
54
264
163
163
163
253
73
275
219
257
164
30
54
264
5
265
92
54
264
11
15
163
38
183
182
273
274
257
78
54
163
202
182
11
5
34
108
279
143
89
257
22
0
87
296
298
44
216
198
24
54
264
262
5
262
5
170
54
264
163
163
163
253
73
275
219
257
164
30
54
264
5
265
92
54
264
163
38
183
182
273
274
257
78
54
163
202
182
11
5
34
108
279
143
89
257
22
0
87
296
298
44
216
198
24
54
264
262
5
262
5
170
54
264
163
163
163
253
73
275
219
257
164
30
54
264
5
265
92
54
264
34
108
279
143
89
257
22
0
87
296
298
44
216
198
24
54
264
262
5
262
5
170
54
264
163
163
163
253
73
275
219
257
164
30
54
264
5
265
92
54
264
67
