279
129
296
257
269
264
257
298
141
298
239
44
274
292
269
264
255
87
239
121
79
298
93
172
44
274
298
148
0
168
44
274
248
278
288
172
0
81
179
148
0
257
274
270
145
257
298
239
11
296
257
269
264
33
120
269
120
269
264
130
48
257
113
235
34
18
10
122
11
186
168
120
248
247
130
286
225
235
270
110
172
249
141
249
33
274
132
267
19
173
168
248
86
274
178
257
137
154
1
182
2
33
139
177
168
248
248
33
49
11
154
79
270
59
133
163
133
163
133
163
79
270
59
130
0
101
278
257
137
1
269
264
19
298
184
279
290
169
0
37
257
150
182
5
55
107
92
56
235
11
28
298
184
260
78
137
154
1
248
15
198
2
199
11
235
139
33
260
11
123
221
153
91
242
168
248
101
120
253
239
11
211
0
270
33
260
79
269
264
0
235
260
10
123
221
292
10
5
55
18
296
189
298
148
0
59
179
59
168
131
11
38
183
226
168
283
269
11
248
106
257
169
288
298
109
248
156
185
134
163
152
33
172
248
168
296
34
0
11
154
296
34
270
235
19
248
172
248
269
168
33
248
169
168
11
292
185
11
163
69
120
226
11
248
23
239
19
182
235
69
120
131
248
24
134
163
87
0
296
120
0
163
266
248
235
145
248
279
111
297
242
267
266
172
298
129
11
296
257
182
33
11
49
298
269
264
5
243
166
163
69
269
120
163
163
253
73
275
219
257
164
30
269
264
5
265
92
269
264
163
69
269
120
163
163
253
73
275
219
257
164
30
269
264
5
265
92
269
264
67
