60
103
137
1
53
11
139
53
92
189
298
274
183
257
0
235
11
73
267
19
292
12
202
224
170
168
5
248
53
263
132
182
141
242
0
273
260
132
267
87
10
76
266
87
253
73
275
219
257
164
30
248
53
263
265
92
53
263
183
257
0
235
11
73
267
19
292
12
202
224
170
168
5
248
53
263
132
182
141
242
0
273
260
132
267
87
10
76
266
87
253
73
275
219
257
164
30
248
53
263
265
92
53
263
11
73
267
19
292
12
202
224
170
168
5
248
53
263
132
182
141
242
0
273
260
132
267
87
10
76
266
87
253
73
275
219
257
164
30
248
53
263
265
92
53
263
242
0
273
260
132
267
87
10
76
266
87
253
73
275
219
257
164
30
248
53
263
265
92
53
263
132
267
87
10
76
266
87
253
73
275
219
257
164
30
248
53
263
265
92
53
263
266
87
253
73
275
219
257
164
30
248
53
263
265
92
53
263
253
73
275
219
257
164
30
248
53
263
265
92
53
263
67
