17
9
214
5
113
290
296
4
19
167
103
16
4
120
0
168
278
296
34
132
173
168
182
163
243
132
0
140
248
179
248
179
292
298
172
10
243
8
106
3
257
90
41
40
92
178
121
11
296
34
242
179
87
79
278
257
22
4
172
33
296
277
257
22
10
120
179
132
248
156
250
87
19
167
203
1
139
19
167
172
248
167
44
168
17
11
214
5
188
163
163
163
73
45
163
70
44
229
167
171
163
253
73
275
219
257
164
30
167
44
265
92
167
44
5
296
277
257
22
10
120
179
132
248
156
250
87
19
167
203
1
139
19
167
172
248
167
44
168
17
11
214
5
188
163
163
163
73
45
163
70
44
229
167
171
163
253
73
275
219
257
164
30
167
44
265
92
167
44
5
44
168
17
11
214
5
188
163
163
163
73
45
163
70
44
229
167
171
163
253
73
275
219
257
164
30
167
44
265
92
167
44
5
73
45
163
70
44
229
167
171
163
253
73
275
219
257
164
30
167
44
265
92
167
44
5
67
