272
120
130
248
151
264
78
87
296
109
300
283
257
116
131
140
279
300
0
138
267
135
137
154
289
279
16
279
300
10
168
11
86
11
134
257
0
150
267
283
279
66
182
87
238
51
248
92
285
296
16
257
285
296
277
257
99
217
113
2
5
9
6
139
19
151
274
267
151
264
163
70
110
234
171
163
279
205
298
52
123
92
235
216
220
116
296
194
160
257
205
73
92
151
264
42
109
257
265
130
248
151
264
78
87
296
109
300
283
257
116
131
140
279
300
0
138
267
135
137
154
289
279
16
279
300
10
168
11
86
11
134
257
0
150
267
283
279
66
182
87
238
51
248
92
285
296
16
257
285
296
277
257
99
217
113
2
5
9
6
139
19
151
274
267
151
264
163
70
110
234
171
163
279
205
298
52
123
92
235
216
220
116
296
194
160
257
205
73
92
151
264
42
109
257
265
289
279
16
279
300
10
168
11
86
11
134
257
0
150
267
283
279
66
182
87
238
51
248
92
285
296
16
257
285
296
277
257
99
217
113
2
5
9
6
139
19
151
274
267
151
264
163
70
110
234
171
163
279
205
298
52
123
92
235
216
220
116
296
194
160
257
205
73
92
151
264
42
109
257
265
283
279
66
182
87
238
51
248
92
285
296
16
257
285
296
277
257
99
217
113
2
5
9
6
139
19
151
274
267
151
264
163
70
110
234
171
163
279
205
298
52
123
92
235
216
220
116
296
194
160
257
205
73
92
151
264
42
109
257
265
2
5
9
6
139
19
151
274
267
151
264
163
70
110
234
171
163
279
205
298
52
123
92
235
216
220
116
296
194
160
257
205
73
92
151
264
42
109
257
265
5
9
6
139
19
151
274
267
151
264
163
70
110
234
171
163
279
205
298
52
123
92
235
216
220
116
296
194
160
257
205
73
92
151
264
42
109
257
265
139
19
151
274
267
151
264
163
70
110
234
171
163
279
205
298
52
123
92
235
216
220
116
296
194
160
257
205
73
92
151
264
42
109
257
265
274
267
151
264
163
70
110
234
171
163
279
205
298
52
123
92
235
216
220
116
296
194
160
257
205
73
92
151
264
42
109
257
265
151
264
163
70
110
234
171
163
279
205
298
52
123
92
235
216
220
116
296
194
160
257
205
73
92
151
264
42
109
257
265
67
