103
134
0
247
296
16
211
257
242
248
118
214
166
163
163
120
248
190
257
248
120
255
257
231
245
19
165
296
290
22
19
248
168
257
50
298
41
179
99
257
296
11
138
149
135
116
296
106
12
202
168
73
92
166
18
296
135
7
16
257
242
248
118
214
253
295
253
130
120
292
245
287
7
213
257
253
214
257
235
120
0
213
120
163
248
245
0
168
296
106
236
120
298
214
41
250
130
159
157
257
236
87
253
245
134
96
0
248
11
0
296
106
211
257
242
253
245
172
163
163
163
0
163
296
0
292
296
190
38
257
148
240
296
106
248
163
13
172
298
131
275
183
257
298
253
295
163
116
296
0
189
172
22
266
19
298
266
255
163
296
290
22
92
298
41
172
253
59
29
38
120
292
298
87
12
293
296
296
106
257
242
248
120
248
190
250
120
255
87
248
85
190
138
149
135
116
296
106
12
202
87
110
213
166
194
194
67
