279
277
257
217
296
120
133
103
170
168
5
11
83
163
257
274
96
0
163
103
279
277
257
217
296
172
33
253
133
116
298
154
246
163
257
32
87
239
274
59
133
163
179
10
122
274
253
280
296
87
163
168
298
84
183
154
206
87
0
239
274
279
35
257
217
296
120
133
103
201
116
298
38
183
182
172
33
268
87
0
32
264
163
163
163
163
163
163
163
163
253
73
275
219
257
164
30
32
264
274
243
265
92
32
264
133
163
179
10
122
274
253
280
296
87
163
168
298
84
183
154
206
87
0
239
274
279
35
257
217
296
120
133
103
201
116
298
38
183
182
172
33
268
87
0
32
264
163
163
163
163
163
163
163
163
253
73
275
219
257
164
30
32
264
274
243
265
92
32
264
253
280
296
87
163
168
298
84
183
154
206
87
0
239
274
279
35
257
217
296
120
133
103
201
116
298
38
183
182
172
33
268
87
0
32
264
163
163
163
163
163
163
163
163
253
73
275
219
257
164
30
32
264
274
243
265
92
32
264
206
87
0
239
274
279
35
257
217
296
120
133
103
201
116
298
38
183
182
172
33
268
87
0
32
264
163
163
163
163
163
163
163
163
253
73
275
219
257
164
30
32
264
274
243
265
92
32
264
279
35
257
217
296
120
133
103
201
116
298
38
183
182
172
33
268
87
0
32
264
163
163
163
163
163
163
163
163
253
73
275
219
257
164
30
32
264
274
243
265
92
32
264
268
87
0
32
264
163
163
163
163
163
163
163
163
253
73
275
219
257
164
30
32
264
274
243
265
92
32
264
163
163
163
253
73
275
219
257
164
30
32
264
274
243
265
92
32
264
253
73
275
219
257
164
30
32
264
274
243
265
92
32
264
67
