103
283
186
168
275
49
109
153
115
290
160
22
109
225
109
16
298
87
283
296
290
66
153
298
290
22
172
150
168
190
19
248
116
298
190
242
183
298
11
116
298
120
187
115
106
30
248
87
296
257
116
296
157
130
298
116
298
120
187
115
140
106
226
172
26
266
116
296
157
226
248
245
130
172
190
66
248
85
66
248
248
130
255
225
298
255
296
186
296
41
258
296
231
248
18
71
18
284
298
292
186
116
296
106
255
296
293
172
41
248
22
292
296
163
110
213
163
163
163
172
163
163
19
165
191
103
60
131
49
257
149
247
115
106
257
50
248
248
41
225
115
134
115
50
131
248
41
116
115
247
130
113
131
105
77
180
255
279
106
0
245
131
275
0
59
279
255
87
248
115
50
0
168
131
29
266
19
248
247
115
50
131
213
116
296
87
0
225
115
50
131
247
22
101
224
103
67
