253
130
0
257
73
1
248
36
11
44
76
247
231
172
153
19
257
22
268
292
86
115
219
296
0
141
168
247
16
257
150
292
296
298
235
109
130
248
247
275
223
292
235
120
257
266
87
190
298
235
257
242
168
253
177
190
247
251
273
163
152
9
18
16
211
87
163
163
120
248
255
105
165
165
179
290
150
292
248
97
0
168
249
11
176
131
266
257
235
202
248
86
153
11
11
92
165
213
55
290
11
254
51
36
125
257
44
147
279
189
257
268
248
141
87
153
153
11
18
0
248
76
290
22
0
273
44
172
163
248
292
248
259
163
44
235
20
296
67
