278
298
274
78
290
22
257
296
103
217
87
274
33
257
274
296
106
178
103
274
0
44
33
130
10
119
186
168
248
61
148
198
284
40
248
44
247
130
210
87
296
279
277
257
148
240
247
298
257
217
283
148
248
225
228
247
286
298
129
257
274
54
44
278
24
296
116
296
40
257
274
267
120
187
86
296
242
0
260
292
0
56
235
10
5
55
179
0
11
96
7
168
298
202
116
296
40
257
274
267
175
297
22
257
51
292
0
56
235
5
55
179
7
92
296
31
11
297
22
257
96
7
168
298
202
178
296
40
279
16
257
0
57
274
78
134
87
296
211
0
274
190
138
149
135
116
296
106
12
202
24
64
168
5
39
163
163
163
163
173
168
248
44
247
142
170
168
5
166
163
85
234
163
253
73
275
219
257
164
30
54
44
265
92
54
44
257
274
296
106
178
103
274
0
44
33
130
10
119
186
168
248
61
148
198
284
40
248
44
247
130
210
87
296
279
277
257
148
240
247
298
257
217
283
148
248
225
228
247
286
298
129
257
274
54
44
278
24
296
116
296
40
257
274
267
120
187
86
296
242
0
260
292
0
56
235
10
5
55
179
0
11
96
7
168
298
202
116
296
40
257
274
267
175
297
22
257
51
292
0
56
235
5
55
179
7
92
296
31
11
297
22
257
96
7
168
298
202
178
296
40
279
16
257
0
57
274
78
134
87
296
211
0
274
190
138
149
135
116
296
106
12
202
24
64
168
5
39
163
163
163
163
173
168
248
44
247
142
170
168
5
166
163
85
234
163
253
73
275
219
257
164
30
54
44
265
92
54
44
86
296
242
0
260
292
0
56
235
10
5
55
179
0
11
96
7
168
298
202
116
296
40
257
274
267
175
297
22
257
51
292
0
56
235
5
55
179
7
92
296
31
11
297
22
257
96
7
168
298
202
178
296
40
279
16
257
0
57
274
78
134
87
296
211
0
274
190
138
149
135
116
296
106
12
202
24
64
168
5
39
163
163
163
163
173
168
248
44
247
142
170
168
5
166
163
85
234
163
253
73
275
219
257
164
30
54
44
265
92
54
44
297
22
257
51
292
0
56
235
5
55
179
7
92
296
31
11
297
22
257
96
7
168
298
202
178
296
40
279
16
257
0
57
274
78
134
87
296
211
0
274
190
138
149
135
116
296
106
12
202
24
64
168
5
39
163
163
163
163
173
168
248
44
247
142
170
168
5
166
163
85
234
163
253
73
275
219
257
164
30
54
44
265
92
54
44
190
138
149
135
116
296
106
12
202
24
64
168
5
39
163
163
163
163
173
168
248
44
247
142
170
168
5
166
163
85
234
163
253
73
275
219
257
164
30
54
44
265
92
54
44
170
168
5
166
163
85
234
163
253
73
275
219
257
164
30
54
44
265
92
54
44
166
163
85
234
163
253
73
275
219
257
164
30
54
44
265
92
54
44
163
85
234
163
253
73
275
219
257
164
30
54
44
265
92
54
44
67
