253
130
0
247
296
290
22
150
292
298
55
173
172
173
120
298
41
120
257
298
87
295
190
257
298
50
183
257
251
150
11
22
257
97
266
87
298
109
130
0
257
248
225
247
296
34
209
7
248
253
130
0
247
296
290
22
150
292
298
55
173
172
173
120
298
41
120
257
298
87
295
190
257
298
50
183
257
251
150
11
22
257
97
266
87
298
109
130
0
257
248
225
247
296
34
209
7
248
253
130
0
247
296
290
22
150
292
298
55
173
172
173
120
298
41
120
257
298
87
295
190
257
298
50
183
257
251
150
11
22
257
97
266
87
298
109
130
0
257
248
225
247
296
34
209
7
248
