296
16
125
120
94
210
179
11
120
248
54
213
290
200
0
87
296
257
251
11
180
254
0
11
235
160
174
79
251
11
180
29
8
137
11
257
120
49
11
248
294
168
248
235
11
120
179
49
30
140
54
126
248
11
248
54
87
137
154
1
182
36
177
11
278
257
51
292
267
30
182
123
271
262
5
170
54
264
163
163
163
253
73
275
219
257
164
30
54
213
262
5
265
92
213
168
11
235
160
174
79
251
11
180
29
8
137
11
257
120
49
11
248
294
168
248
235
11
120
179
49
30
140
54
126
248
11
248
54
87
137
154
1
182
36
177
11
278
257
51
292
267
30
182
123
271
262
5
170
54
264
163
163
163
253
73
275
219
257
164
30
54
213
262
5
265
92
213
168
11
11
248
54
87
137
154
1
182
36
177
11
278
257
51
292
267
30
182
123
271
262
5
170
54
264
163
163
163
253
73
275
219
257
164
30
54
213
262
5
265
92
213
168
11
262
5
170
54
264
163
163
163
253
73
275
219
257
164
30
54
213
262
5
265
92
213
168
11
253
73
275
219
257
164
30
54
213
262
5
265
92
213
168
11
67
