38
183
251
11
256
257
172
44
5
239
195
296
257
14
257
259
44
103
248
239
298
295
168
110
213
130
0
255
257
195
87
248
44
15
198
130
109
257
108
296
172
279
108
110
235
92
172
249
257
0
259
44
298
257
0
295
212
34
231
109
257
108
296
96
231
190
44
5
163
257
137
1
5
11
256
87
14
257
259
44
257
137
154
1
11
248
156
44
132
182
123
221
172
163
19
165
191
255
257
292
230
22
172
248
87
154
92
267
248
239
24
248
243
163
163
130
0
206
253
73
275
219
257
164
30
265
92
163
44
199
87
110
213
130
109
257
108
296
172
279
108
110
235
92
172
249
257
0
259
44
298
257
0
295
212
34
231
109
257
108
296
96
231
190
44
5
163
257
137
1
5
11
256
87
14
257
259
44
257
137
154
1
11
248
156
44
132
182
123
221
172
163
19
165
191
255
257
292
230
22
172
248
87
154
92
267
248
239
24
248
243
163
163
130
0
206
253
73
275
219
257
164
30
265
92
163
44
199
87
110
213
257
137
1
5
11
256
87
14
257
259
44
257
137
154
1
11
248
156
44
132
182
123
221
172
163
19
165
191
255
257
292
230
22
172
248
87
154
92
267
248
239
24
248
243
163
163
130
0
206
253
73
275
219
257
164
30
265
92
163
44
199
87
110
213
172
163
19
165
191
255
257
292
230
22
172
248
87
154
92
267
248
239
24
248
243
163
163
130
0
206
253
73
275
219
257
164
30
265
92
163
44
199
87
110
213
67
