273
123
221
257
202
11
200
154
123
60
103
279
16
257
169
296
248
177
257
20
0
273
123
221
292
5
92
264
264
264
168
161
58
11
264
120
229
190
42
172
248
221
257
206
165
191
75
172
163
163
248
221
290
121
0
168
161
58
11
86
30
0
128
248
44
216
198
5
170
92
213
290
169
128
113
257
148
248
155
168
298
255
292
44
18
296
79
287
213
22
210
87
296
285
296
143
87
5
123
283
16
202
257
284
292
10
5
170
287
168
16
155
87
44
235
182
5
290
251
202
11
154
279
143
89
257
217
296
250
170
168
262
5
161
58
120
163
166
299
163
264
168
161
58
253
73
275
219
257
164
30
264
168
161
58
265
92
264
168
161
58
248
221
290
121
0
168
161
58
11
86
30
0
128
248
44
216
198
5
170
92
213
290
169
128
113
257
148
248
155
168
298
255
292
44
18
296
79
287
213
22
210
87
296
285
296
143
87
5
123
283
16
202
257
284
292
10
5
170
287
168
16
155
87
44
235
182
5
290
251
202
11
154
279
143
89
257
217
296
250
170
168
262
5
161
58
120
163
166
299
163
264
168
161
58
253
73
275
219
257
164
30
264
168
161
58
265
92
264
168
161
58
299
163
264
168
161
58
253
73
275
219
257
164
30
264
168
161
58
265
92
264
168
161
58
67
