60
103
279
135
72
130
10
119
247
286
232
264
130
48
257
148
298
137
78
280
11
168
288
182
2
85
80
11
0
101
172
16
204
257
40
257
22
0
131
182
232
168
248
17
11
142
247
222
267
131
173
257
203
1
120
10
73
179
0
29
257
96
0
82
87
283
148
228
279
296
257
78
131
279
129
296
257
274
33
120
278
148
87
296
40
92
0
168
274
177
92
11
260
257
273
221
11
40
173
179
40
7
134
148
240
296
183
211
298
274
279
111
257
217
296
172
33
227
190
82
90
257
73
179
31
163
163
163
116
296
106
12
202
224
87
5
9
5
170
163
163
163
163
163
163
163
120
249
11
163
235
220
28
163
33
69
163
253
73
275
219
257
164
30
232
264
265
92
264
120
278
148
87
296
40
92
0
168
274
177
92
11
260
257
273
221
11
40
173
179
40
7
134
148
240
296
183
211
298
274
279
111
257
217
296
172
33
227
190
82
90
257
73
179
31
163
163
163
116
296
106
12
202
224
87
5
9
5
170
163
163
163
163
163
163
163
120
249
11
163
235
220
28
163
33
69
163
253
73
275
219
257
164
30
232
264
265
92
264
279
111
257
217
296
172
33
227
190
82
90
257
73
179
31
163
163
163
116
296
106
12
202
224
87
5
9
5
170
163
163
163
163
163
163
163
120
249
11
163
235
220
28
163
33
69
163
253
73
275
219
257
164
30
232
264
265
92
264
120
249
11
163
235
220
28
163
33
69
163
253
73
275
219
257
164
30
232
264
265
92
264
67
