103
172
298
218
257
14
257
264
292
228
268
298
15
98
14
235
14
235
13
95
115
300
257
296
87
5
247
300
286
279
298
15
98
14
235
14
235
13
95
225
257
11
237
11
286
296
300
8
205
226
101
85
168
7
296
34
237
298
15
98
14
235
14
235
13
95
90
168
296
106
159
257
159
245
215
178
11
279
300
87
10
11
115
300
148
240
296
205
10
5
61
261
116
296
194
257
237
248
13
98
14
235
14
235
13
95
190
99
11
267
257
298
141
168
213
115
300
148
240
296
205
248
296
300
278
296
14
115
143
89
257
217
298
15
227
103
258
224
98
201
115
296
22
0
101
87
11
115
277
257
217
116
115
300
210
237
298
15
98
14
235
14
235
13
95
179
248
13
98
14
235
14
235
13
95
258
98
235
216
220
168
248
44
116
160
205
73
92
264
138
267
135
138
267
