60
103
30
264
87
10
177
129
296
257
14
87
5
292
182
187
15
98
14
235
14
235
13
95
15
208
87
110
235
140
296
253
228
15
105
257
22
154
246
115
277
257
205
298
15
18
227
18
14
257
258
98
14
235
14
235
13
95
11
297
242
168
212
0
261
5
61
87
295
172
182
33
0
15
22
240
257
298
120
248
15
245
215
130
178
279
300
298
15
179
160
296
257
200
215
103
92
182
87
295
172
182
33
257
182
187
297
84
296
157
257
298
121
199
11
220
247
16
257
86
253
257
50
298
187
15
162
98
14
235
14
235
13
95
115
143
89
257
205
298
15
98
14
235
14
235
13
95
227
224
98
201
103
14
257
130
246
257
245
215
22
178
42
109
257
14
162
292
298
187
15
98
14
235
14
235
13
95
98
248
44
235
216
220
116
160
205
73
264
138
267
135
138
267
