258
248
87
11
247
213
257
87
235
11
230
289
16
163
11
248
118
168
131
130
248
300
87
163
120
163
213
248
213
130
19
253
232
168
72
7
118
213
290
268
248
258
257
231
248
163
163
213
295
296
203
154
120
300
279
16
209
248
11
290
49
292
230
11
81
284
123
130
49
110
213
163
166
232
168
72
7
118
213
290
268
248
258
257
231
248
163
163
213
295
296
203
154
120
300
279
16
209
248
11
290
49
292
230
11
81
284
123
130
49
110
213
163
166
279
16
209
248
11
290
49
292
230
11
81
284
123
130
49
110
213
163
166
67
