103
86
266
257
148
240
296
205
187
129
257
14
257
98
292
98
14
235
14
235
13
95
292
14
257
232
292
159
11
3
257
182
15
98
14
235
14
235
13
95
298
115
277
257
296
87
5
18
71
18
115
34
296
8
14
292
248
13
284
131
292
296
157
257
237
245
215
279
257
148
10
5
61
116
296
66
257
237
298
245
215
297
205
212
287
130
172
0
85
47
85
298
15
98
14
235
14
235
13
95
130
222
266
11
257
99
225
50
131
175
162
98
14
235
14
235
13
95
11
64
168
5
98
235
216
220
168
248
44
163
229
163
116
296
194
160
257
205
73
92
232
264
190
138
267
135
190
138
267
