103
279
106
248
86
52
123
172
87
296
248
154
296
267
1
248
25
279
34
49
292
296
296
34
42
109
257
209
11
253
123
235
103
235
73
164
235
188
163
188
163
163
163
163
163
73
163
117
163
163
296
290
44
163
143
101
296
66
160
157
257
66
66
296
157
257
173
179
154
42
109
257
148
12
257
298
52
123
224
64
168
262
5
299
163
27
264
163
27
117
163
163
163
163
253
73
275
219
257
164
30
27
264
265
92
27
264
257
209
11
253
123
235
103
235
73
164
235
188
163
188
163
163
163
163
163
73
163
117
163
163
296
290
44
163
143
101
296
66
160
157
257
66
66
296
157
257
173
179
154
42
109
257
148
12
257
298
52
123
224
64
168
262
5
299
163
27
264
163
27
117
163
163
163
163
253
73
275
219
257
164
30
27
264
265
92
27
264
257
148
12
257
298
52
123
224
64
168
262
5
299
163
27
264
163
27
117
163
163
163
163
253
73
275
219
257
164
30
27
264
265
92
27
264
67
