206
87
146
176
112
103
296
16
129
257
132
267
87
146
182
155
176
112
78
87
235
120
0
59
79
168
182
23
33
294
80
11
56
235
289
16
257
296
257
248
85
120
298
146
153
21
163
163
146
33
66
160
183
172
253
177
257
205
256
18
296
248
198
257
0
162
253
73
275
219
257
164
30
146
265
92
144
232
264
182
155
176
112
78
87
235
120
0
59
79
168
182
23
33
294
80
11
56
235
289
16
257
296
257
248
85
120
298
146
153
21
163
163
146
33
66
160
183
172
253
177
257
205
256
18
296
248
198
257
0
162
253
73
275
219
257
164
30
146
265
92
144
232
264
87
235
120
0
59
79
168
182
23
33
294
80
11
56
235
289
16
257
296
257
248
85
120
298
146
153
21
163
163
146
33
66
160
183
172
253
177
257
205
256
18
296
248
198
257
0
162
253
73
275
219
257
164
30
146
265
92
144
232
264
153
21
163
163
146
33
66
160
183
172
253
177
257
205
256
18
296
248
198
257
0
162
253
73
275
219
257
164
30
146
265
92
144
232
264
257
205
256
18
296
248
198
257
0
162
253
73
275
219
257
164
30
146
265
92
144
232
264
253
73
275
219
257
164
30
146
265
92
144
232
264
67
