253
271
92
181
257
65
154
1
253
49
11
248
247
296
19
182
264
0
285
296
34
106
131
7
19
248
264
168
134
289
279
16
131
283
279
66
253
271
92
181
257
65
154
1
253
49
11
248
247
296
19
182
264
0
285
296
34
106
131
7
271
279
0
5
198
287
121
2
11
168
109
16
226
108
279
16
0
245
178
124
225
235
66
160
157
257
237
10
179
215
257
22
257
181
179
205
0
212
0
215
257
11
257
212
177
279
8
215
287
22
279
268
87
5
11
212
61
11
290
257
245
120
163
142
172
264
181
5
11
163
163
163
163
163
163
248
264
168
130
10
177
124
163
163
163
163
163
163
248
264
168
130
10
177
124
253
73
275
219
257
164
30
181
5
265
92
248
264
168
279
0
5
198
287
121
2
11
168
109
16
226
108
279
16
0
245
178
124
225
235
66
160
157
257
237
10
179
215
257
22
257
181
179
205
0
212
0
215
257
11
257
212
177
279
8
215
287
22
279
268
87
5
11
212
61
11
290
257
245
120
163
142
172
264
181
5
11
163
163
163
163
163
163
248
264
168
130
10
177
124
163
163
163
163
163
163
248
264
168
130
10
177
124
253
73
275
219
257
164
30
181
5
265
92
248
264
168
287
121
2
11
168
109
16
226
108
279
16
0
245
178
124
225
235
66
160
157
257
237
10
179
215
257
22
257
181
179
205
0
212
0
215
257
11
257
212
177
279
8
215
287
22
279
268
87
5
11
212
61
11
290
257
245
120
163
142
172
264
181
5
11
163
163
163
163
163
163
248
264
168
130
10
177
124
163
163
163
163
163
163
248
264
168
130
10
177
124
253
73
275
219
257
164
30
181
5
265
92
248
264
168
124
225
235
66
160
157
257
237
10
179
215
257
22
257
181
179
205
0
212
0
215
257
11
257
212
177
279
8
215
287
22
279
268
87
5
11
212
61
11
290
257
245
120
163
142
172
264
181
5
11
163
163
163
163
163
163
248
264
168
130
10
177
124
163
163
163
163
163
163
248
264
168
130
10
177
124
253
73
275
219
257
164
30
181
5
265
92
248
264
168
67
