60
103
115
277
257
138
296
120
172
173
168
248
168
118
282
163
120
257
36
163
168
248
41
168
163
19
173
249
163
295
19
168
247
120
235
109
168
235
289
50
10
163
261
179
154
103
115
129
296
257
137
154
1
248
36
11
131
199
109
11
116
296
274
33
286
160
211
0
274
258
145
257
150
296
248
5
243
118
282
264
163
85
163
253
73
275
219
257
164
30
118
282
264
265
92
118
282
264
257
36
163
168
248
41
168
163
19
173
249
163
295
19
168
247
120
235
109
168
235
289
50
10
163
261
179
154
103
115
129
296
257
137
154
1
248
36
11
131
199
109
11
116
296
274
33
286
160
211
0
274
258
145
257
150
296
248
5
243
118
282
264
163
85
163
253
73
275
219
257
164
30
118
282
264
265
92
118
282
264
163
168
248
41
168
163
19
173
249
163
295
19
168
247
120
235
109
168
235
289
50
10
163
261
179
154
103
115
129
296
257
137
154
1
248
36
11
131
199
109
11
116
296
274
33
286
160
211
0
274
258
145
257
150
296
248
5
243
118
282
264
163
85
163
253
73
275
219
257
164
30
118
282
264
265
92
118
282
264
11
116
296
274
33
286
160
211
0
274
258
145
257
150
296
248
5
243
118
282
264
163
85
163
253
73
275
219
257
164
30
118
282
264
265
92
118
282
264
286
160
211
0
274
258
145
257
150
296
248
5
243
118
282
264
163
85
163
253
73
275
219
257
164
30
118
282
264
265
92
118
282
264
67
