103
296
16
211
257
242
248
172
163
163
296
290
22
242
253
120
163
242
248
130
0
101
278
257
84
183
113
195
296
16
87
44
11
36
248
245
8
51
296
257
44
199
11
220
247
34
296
257
177
296
300
109
16
0
245
290
19
165
11
19
165
290
213
116
296
69
179
96
0
190
22
120
298
245
30
165
290
22
120
248
245
296
0
292
296
29
159
180
179
290
22
120
248
245
296
248
86
87
245
213
179
261
159
163
292
296
160
248
86
188
179
180
179
16
279
296
298
188
120
257
49
292
248
245
130
50
296
290
22
257
131
245
179
179
12
180
187
247
106
268
148
179
268
0
290
163
152
245
10
290
19
165
154
123
11
245
34
22
19
253
296
8
106
205
0
120
298
41
116
296
106
12
202
190
66
160
257
99
87
110
213
166
194
296
8
106
205
0
120
298
41
116
296
106
12
202
190
66
160
257
99
87
110
213
166
194
194
67
