103
298
269
264
5
55
109
257
108
296
11
298
81
248
5
198
92
231
257
116
298
134
96
257
135
270
115
34
223
123
1
12
168
182
163
147
137
177
179
139
19
270
121
248
11
49
115
17
11
154
116
296
106
12
202
1
248
5
198
109
257
108
31
163
163
163
179
73
18
248
295
109
226
123
247
22
108
277
257
135
283
131
140
257
142
172
33
109
1
182
217
33
87
11
211
0
274
120
248
38
183
182
273
260
296
106
257
106
131
7
183
134
130
11
247
11
115
16
109
257
296
248
198
11
257
298
257
44
139
115
111
257
107
92
296
227
99
270
64
168
5
166
163
69
269
120
163
163
253
73
275
219
257
164
30
265
92
269
264
120
248
38
183
182
273
260
296
106
257
106
131
7
183
134
130
11
247
11
115
16
109
257
296
248
198
11
257
298
257
44
139
115
111
257
107
92
296
227
99
270
64
168
5
166
163
69
269
120
163
163
253
73
275
219
257
164
30
265
92
269
264
163
69
269
120
163
163
253
73
275
219
257
164
30
265
92
269
264
67
