242
0
143
19
113
235
106
249
239
168
60
103
248
239
130
168
137
11
139
78
87
208
264
235
121
207
120
287
163
168
235
11
163
210
109
120
235
96
172
137
177
254
248
11
239
235
120
248
17
11
214
16
218
87
251
177
248
239
168
251
235
11
288
28
249
18
252
248
95
168
49
109
16
226
101
168
168
19
257
3
257
11
292
248
49
172
126
236
11
236
108
257
189
248
17
19
87
248
17
10
247
200
41
11
120
248
17
11
214
207
24
87
10
87
228
11
49
11
292
195
19
10
247
122
292
293
292
248
11
199
230
19
44
162
287
257
72
248
126
236
100
236
168
248
168
0
158
199
19
87
72
287
257
72
172
248
214
168
214
292
76
11
4
18
280
18
248
168
198
87
168
10
247
200
125
90
257
11
292
11
11
49
19
298
239
18
0
235
103
11
248
247
290
47
92
24
168
262
5
279
277
257
135
296
25
267
1
