60
103
115
296
257
237
298
98
14
235
14
235
13
95
257
248
232
19
192
248
267
220
106
15
279
296
257
231
298
15
257
192
98
14
235
14
235
13
95
258
120
247
250
130
159
15
11
296
106
257
237
245
215
280
87
298
215
120
248
15
198
298
2
247
296
106
298
222
172
0
259
44
72
247
283
297
84
19
192
292
182
294
2
199
110
11
80
297
106
248
11
157
257
28
0
93
77
192
235
205
0
90
72
19
165
121
11
11
0
257
87
187
235
140
296
182
16
248
235
120
248
156
217
116
279
16
0
87
296
11
237
298
98
14
235
14
235
13
95
224
98
201
162
130
248
255
257
257
148
240
296
106
255
257
50
182
15
198
176
298
98
14
235
14
235
13
95
258
98
235
216
220
168
248
44
116
296
159
257
205
73
92
248
232
42
109
42
