272
120
79
270
59
133
163
163
9
163
150
5
55
51
292
56
235
11
260
182
23
33
296
34
28
298
184
78
11
57
298
59
250
300
159
25
278
257
217
116
270
130
298
93
246
274
267
79
270
59
298
184
11
65
283
131
257
22
0
65
270
300
199
11
235
139
177
11
96
123
1
248
5
198
106
202
296
300
96
298
19
79
270
59
57
298
78
250
16
180
278
257
79
270
279
169
187
274
11
273
260
177
257
65
139
18
0
2
5
9
6
139
19
270
259
204
269
264
163
69
269
120
163
279
205
298
52
123
92
235
216
220
116
296
194
160
257
205
73
92
269
264
42
109
257
265
79
270
59
133
163
163
9
163
150
5
55
51
292
56
235
11
260
182
23
33
296
34
28
298
184
78
11
57
298
59
250
300
159
25
278
257
217
116
270
130
298
93
246
274
267
79
270
59
298
184
11
65
283
131
257
22
0
65
270
300
199
11
235
139
177
11
96
123
1
248
5
198
106
202
296
300
96
298
19
79
270
59
57
298
78
250
16
180
278
257
79
270
279
169
187
274
11
273
260
177
257
65
139
18
0
2
5
9
6
139
19
270
259
204
269
264
163
69
269
120
163
279
205
298
52
123
92
235
216
220
116
296
194
160
257
205
73
92
269
264
42
109
257
265
5
9
6
139
19
270
259
204
269
264
163
69
269
120
163
279
205
298
52
123
92
235
216
220
116
296
194
160
257
205
73
92
269
264
42
109
257
265
139
19
270
259
204
269
264
163
69
269
120
163
279
205
298
52
123
92
235
216
220
116
296
194
160
257
205
73
92
269
264
42
109
257
265
259
204
269
264
163
69
269
120
163
279
205
298
52
123
92
235
216
220
116
296
194
160
257
205
73
92
269
264
42
109
257
265
269
264
163
69
269
120
163
279
205
298
52
123
92
235
216
220
116
296
194
160
257
205
73
92
269
264
42
109
257
265
67
