296
157
257
135
1
182
2
44
2
44
163
296
22
1
248
0
264
11
10
2
44
103
101
202
264
140
248
264
168
244
136
16
248
124
247
169
262
11
100
199
2
44
16
213
247
169
2
199
11
148
266
248
264
257
108
296
96
0
25
168
283
279
169
242
0
143
19
182
2
44
109
44
211
10
2
182
44
169
120
187
11
273
274
178
257
108
296
137
154
1
249
2
199
135
283
296
277
257
236
211
10
257
217
283
247
199
130
140
19
11
283
252
143
87
120
10
15
211
10
2
211
202
183
257
182
108
5
230
19
179
31
163
163
163
281
257
108
163
163
163
70
163
235
220
28
136
163
163
26
26
197
193
14
274
253
73
275
219
257
164
30
264
168
244
265
92
248
264
168
244
136
253
73
275
219
257
164
30
264
168
244
265
92
248
264
168
244
136
67
