272
120
0
100
292
137
113
285
290
296
99
44
292
0
62
92
151
248
130
296
277
217
154
151
264
163
70
110
234
171
163
279
205
298
52
123
92
235
216
220
116
296
194
160
257
205
73
92
151
264
42
109
257
265
0
100
292
137
113
285
290
296
99
44
292
0
62
92
151
248
130
296
277
217
154
151
264
163
70
110
234
171
163
279
205
298
52
123
92
235
216
220
116
296
194
160
257
205
73
92
151
264
42
109
257
265
285
290
296
99
44
292
0
62
92
151
248
130
296
277
217
154
151
264
163
70
110
234
171
163
279
205
298
52
123
92
235
216
220
116
296
194
160
257
205
73
92
151
264
42
109
257
265
151
264
163
70
110
234
171
163
279
205
298
52
123
92
235
216
220
116
296
194
160
257
205
73
92
151
264
42
109
257
265
67
