59
92
248
170
168
5
103
239
130
120
11
279
135
247
213
22
248
92
298
29
279
277
257
296
168
0
19
182
163
15
176
21
163
163
11
279
111
296
16
172
298
257
72
279
16
120
187
33
260
253
239
225
279
129
296
11
298
81
257
38
267
183
11
248
11
168
279
16
169
182
273
123
221
11
116
296
296
34
242
0
273
260
168
33
11
182
190
82
90
257
52
267
116
296
106
12
202
120
257
137
19
11
106
0
239
103
224
170
168
5
264
11
235
238
170
168
5
163
234
163
163
188
163
163
163
179
163
163
163
163
163
163
70
253
73
275
219
257
164
30
170
168
5
265
92
264
168
33
11
182
190
82
90
257
52
267
116
296
106
12
202
120
257
137
19
11
106
0
239
103
224
170
168
5
264
11
235
238
170
168
5
163
234
163
163
188
163
163
163
179
163
163
163
163
163
163
70
253
73
275
219
257
164
30
170
168
5
265
92
264
67
