137
154
1
267
103
248
296
106
137
1
44
29
130
154
246
10
72
131
0
285
296
290
84
0
51
292
298
82
101
120
22
31
0
242
168
248
11
177
248
39
298
31
11
293
298
11
230
257
131
78
254
220
11
137
154
1
11
84
51
120
182
49
103
131
255
87
0
72
120
39
51
292
267
227
257
137
154
163
44
69
118
163
166
253
73
275
219
257
164
30
44
265
92
44
163
44
117
163
29
130
154
246
10
72
131
0
285
296
290
84
0
51
292
298
82
101
120
22
31
0
242
168
248
11
177
248
39
298
31
11
293
298
11
230
257
131
78
254
220
11
137
154
1
11
84
51
120
182
49
103
131
255
87
0
72
120
39
51
292
267
227
257
137
154
163
44
69
118
163
166
253
73
275
219
257
164
30
44
265
92
44
163
44
117
163
67
