60
103
92
54
264
279
16
183
257
200
123
1
208
170
177
72
105
0
19
248
264
87
163
295
54
0
120
163
11
92
7
168
248
163
163
163
18
173
168
248
294
155
264
54
169
0
292
294
41
80
11
10
49
168
235
120
292
248
168
10
124
285
12
187
34
84
120
12
49
187
11
212
11
11
235
92
77
168
279
296
257
79
182
273
274
11
51
292
267
172
296
8
82
90
257
267
202
182
224
54
264
262
5
262
5
170
54
264
163
163
163
253
73
275
219
257
164
30
54
264
5
265
92
54
264
177
72
105
0
19
248
264
87
163
295
54
0
120
163
11
92
7
168
248
163
163
163
18
173
168
248
294
155
264
54
169
0
292
294
41
80
11
10
49
168
235
120
292
248
168
10
124
285
12
187
34
84
120
12
49
187
11
212
11
11
235
92
77
168
279
296
257
79
182
273
274
11
51
292
267
172
296
8
82
90
257
267
202
182
224
54
264
262
5
262
5
170
54
264
163
163
163
253
73
275
219
257
164
30
54
264
5
265
92
54
264
172
296
8
82
90
257
267
202
182
224
54
264
262
5
262
5
170
54
264
163
163
163
253
73
275
219
257
164
30
54
264
5
265
92
54
264
67
