169
154
246
163
147
11
199
168
236
120
62
44
11
213
103
248
264
168
130
248
257
298
292
154
246
163
147
11
199
168
236
120
62
44
11
213
298
174
30
298
168
199
16
248
24
120
248
169
11
180
44
11
264
294
41
177
296
19
65
298
258
14
162
277
154
298
63
298
184
147
292
158
44
92
199
120
110
235
106
178
140
44
257
172
147
179
248
199
9
296
257
293
298
262
11
100
62
292
248
177
257
120
295
14
162
163
163
163
90
163
163
163
170
168
262
5
163
163
253
73
275
219
257
164
30
248
264
168
265
92
248
264
168
14
162
277
154
298
63
298
184
147
292
158
44
92
199
120
110
235
106
178
140
44
257
172
147
179
248
199
9
296
257
293
298
262
11
100
62
292
248
177
257
120
295
14
162
163
163
163
90
163
163
163
170
168
262
5
163
163
253
73
275
219
257
164
30
248
264
168
265
92
248
264
168
277
154
298
63
298
184
147
292
158
44
92
199
120
110
235
106
178
140
44
257
172
147
179
248
199
9
296
257
293
298
262
11
100
62
292
248
177
257
120
295
14
162
163
163
163
90
163
163
163
170
168
262
5
163
163
253
73
275
219
257
164
30
248
264
168
265
92
248
264
168
92
199
120
110
235
106
178
140
44
257
172
147
179
248
199
9
296
257
293
298
262
11
100
62
292
248
177
257
120
295
14
162
163
163
163
90
163
163
163
170
168
262
5
163
163
253
73
275
219
257
164
30
248
264
168
265
92
248
264
168
257
172
147
179
248
199
9
296
257
293
298
262
11
100
62
292
248
177
257
120
295
14
162
163
163
163
90
163
163
163
170
168
262
5
163
163
253
73
275
219
257
164
30
248
264
168
265
92
248
264
168
9
296
257
293
298
262
11
100
62
292
248
177
257
120
295
14
162
163
163
163
90
163
163
163
170
168
262
5
163
163
253
73
275
219
257
164
30
248
264
168
265
92
248
264
168
163
163
163
90
163
163
163
170
168
262
5
163
163
253
73
275
219
257
164
30
248
264
168
265
92
248
264
168
67
