250
0
87
77
168
19
167
17
9
214
5
130
120
182
103
297
84
19
167
257
248
168
182
259
44
168
17
11
214
11
294
168
298
10
10
179
10
250
16
278
296
34
128
298
255
120
248
44
168
17
11
214
121
20
41
120
248
179
0
242
120
92
11
26
257
11
0
231
298
184
0
172
167
235
292
163
0
295
159
116
298
128
0
179
279
106
87
296
79
177
277
248
24
168
294
182
62
199
235
257
11
17
19
248
30
62
120
203
1
139
19
167
172
248
167
44
168
17
11
214
5
188
163
163
163
73
45
163
70
44
229
167
171
163
253
73
275
219
257
164
30
167
44
265
92
167
44
5
277
248
24
168
294
182
62
199
235
257
11
17
19
248
30
62
120
203
1
139
19
167
172
248
167
44
168
17
11
214
5
188
163
163
163
73
45
163
70
44
229
167
171
163
253
73
275
219
257
164
30
167
44
265
92
167
44
5
235
257
11
17
19
248
30
62
120
203
1
139
19
167
172
248
167
44
168
17
11
214
5
188
163
163
163
73
45
163
70
44
229
167
171
163
253
73
275
219
257
164
30
167
44
265
92
167
44
5
44
168
17
11
214
5
188
163
163
163
73
45
163
70
44
229
167
171
163
253
73
275
219
257
164
30
167
44
265
92
167
44
5
73
45
163
70
44
229
167
171
163
253
73
275
219
257
164
30
167
44
265
92
167
44
5
67
