103
296
109
248
172
163
163
19
165
191
103
87
52
149
1
0
150
115
290
22
172
153
296
103
172
163
163
19
165
191
103
140
257
222
266
0
55
150
292
296
257
99
298
41
16
296
172
153
298
190
138
149
135
296
213
55
110
213
117
163
163
163
163
213
55
110
213
117
163
163
163
163
172
163
163
19
165
191
103
87
52
149
1
0
150
115
290
22
172
153
296
103
172
163
163
19
165
191
103
140
257
222
266
0
55
150
292
296
257
99
298
41
16
296
172
153
298
190
138
149
135
296
213
55
110
213
117
163
163
163
163
213
55
110
213
117
163
163
163
163
67
