105
105
162
300
248
37
257
242
137
128
298
184
11
257
134
113
296
34
137
120
134
163
152
0
59
87
173
257
96
231
148
240
296
300
298
90
11
222
0
87
283
296
277
257
137
253
133
157
0
257
231
242
182
96
87
248
168
296
277
257
137
296
300
298
163
152
168
137
38
59
163
172
298
11
0
101
231
223
0
168
298
172
268
248
30
133
163
87
0
37
257
0
137
158
34
82
173
168
248
155
119
279
34
66
130
231
236
221
296
34
137
182
257
257
96
226
256
172
298
87
137
162
24
168
230
116
296
253
105
219
257
296
120
190
42
257
265
105
162
300
248
37
257
242
137
128
298
184
11
257
134
113
296
34
137
120
134
163
152
0
59
87
173
257
96
231
148
240
296
300
298
90
11
222
0
87
283
296
277
257
137
253
133
157
0
257
231
242
182
96
87
248
168
296
277
257
137
296
300
298
163
152
168
137
38
59
163
172
298
11
0
101
231
223
0
168
298
172
268
248
30
133
163
87
0
37
257
0
137
158
34
82
173
168
248
155
119
279
34
66
130
231
236
221
296
34
137
182
257
257
96
226
256
172
298
87
137
162
24
168
230
116
296
253
105
219
257
296
120
190
42
257
265
105
162
300
248
37
257
242
137
128
298
184
11
257
134
113
296
34
137
120
134
163
152
0
59
87
173
257
96
231
148
240
296
300
298
90
11
222
0
87
283
296
277
257
137
253
133
157
0
257
231
242
182
96
87
248
168
296
277
257
137
296
300
298
163
152
168
137
38
59
163
172
298
11
0
101
231
223
0
168
298
172
268
248
30
133
163
87
0
37
257
0
137
158
34
82
173
168
248
155
119
279
34
66
130
231
236
221
296
34
137
182
257
257
96
226
256
172
298
87
137
162
24
168
230
116
296
253
105
219
257
296
120
190
42
257
265
11
222
0
87
283
296
277
257
137
253
133
157
0
257
231
242
182
96
87
248
168
296
277
257
137
296
300
298
163
152
168
137
38
59
163
172
298
11
0
101
231
223
0
168
298
172
268
248
30
133
163
87
0
37
257
0
137
158
34
82
173
168
248
155
119
279
34
66
130
231
236
221
296
34
137
182
257
257
96
226
256
172
298
87
137
162
24
168
230
116
296
253
105
219
257
296
120
190
42
257
265
87
248
168
296
277
257
137
296
300
298
163
152
168
137
38
59
163
172
298
11
0
101
231
223
0
168
298
172
268
248
30
133
163
87
0
37
257
0
137
158
34
82
173
168
248
155
119
279
34
66
130
231
236
221
296
34
137
182
257
257
96
226
256
172
298
87
137
162
24
168
230
116
296
253
105
219
257
296
120
190
42
257
265
268
248
30
133
163
87
0
37
257
0
137
158
34
82
173
168
248
155
119
279
34
66
130
231
236
221
296
34
137
182
257
257
96
226
256
172
298
87
137
162
24
168
230
116
296
253
105
219
257
296
120
190
42
257
265
268
248
30
133
163
87
0
37
257
0
137
158
34
82
173
168
248
155
119
279
34
66
130
231
236
221
296
34
137
182
257
257
96
226
256
172
298
87
137
162
24
168
230
116
296
253
105
219
257
296
120
190
42
257
265
268
248
30
133
163
87
0
37
257
0
137
158
34
82
173
168
248
155
119
279
34
66
130
231
236
221
296
34
137
182
257
257
96
226
256
172
298
87
137
162
24
168
230
116
296
253
105
219
257
296
120
190
42
257
265
24
168
230
116
296
253
105
219
257
296
120
190
42
257
265
257
