103
298
134
231
298
44
216
179
298
281
111
297
274
267
172
274
59
11
84
298
19
19
298
274
59
296
290
137
1
5
11
212
198
260
33
292
0
56
235
137
154
1
163
147
107
1
44
139
92
56
235
96
202
30
10
5
91
133
163
91
21
163
40
92
261
231
255
165
9
165
206
87
274
59
115
257
20
12
168
248
239
274
59
116
296
35
132
267
253
239
248
87
182
274
59
163
163
163
163
91
163
163
91
163
163
91
163
163
116
296
106
202
190
52
267
163
163
163
179
279
111
257
217
296
172
33
227
264
5
170
168
262
5
163
163
163
163
163
253
73
275
219
257
164
30
264
5
265
92
262
73
115
257
20
12
168
248
239
274
59
116
296
35
132
267
253
239
248
87
182
274
59
163
163
163
163
91
163
163
91
163
163
91
163
163
116
296
106
202
190
52
267
163
163
163
179
279
111
257
217
296
172
33
227
264
5
170
168
262
5
163
163
163
163
163
253
73
275
219
257
164
30
264
5
265
92
262
73
116
296
35
132
267
253
239
248
87
182
274
59
163
163
163
163
91
163
163
91
163
163
91
163
163
116
296
106
202
190
52
267
163
163
163
179
279
111
257
217
296
172
33
227
264
5
170
168
262
5
163
163
163
163
163
253
73
275
219
257
164
30
264
5
265
92
262
73
67
