10
175
63
257
248
198
60
103
298
44
216
130
1
257
96
0
87
248
298
129
257
132
267
19
285
280
248
11
168
14
257
44
182
5
55
248
173
289
106
203
168
44
15
0
158
77
296
34
132
267
87
173
179
7
131
90
133
9
21
163
165
165
191
255
272
9
206
279
111
296
34
132
267
183
116
279
34
108
292
182
217
296
227
163
64
168
5
5
163
229
163
163
163
163
163
253
73
275
219
257
164
30
44
265
92
44
279
111
296
34
132
267
183
116
279
34
108
292
182
217
296
227
163
64
168
5
5
163
229
163
163
163
163
163
253
73
275
219
257
164
30
44
265
92
44
116
279
34
108
292
182
217
296
227
163
64
168
5
5
163
229
163
163
163
163
163
253
73
275
219
257
164
30
44
265
92
44
67
