133
15
11
296
116
298
257
14
29
279
135
296
16
247
10
15
87
95
5
257
174
31
87
298
187
123
11
10
280
242
245
215
116
296
106
225
176
182
15
96
231
11
217
87
296
237
258
11
38
14
257
298
44
257
66
141
18
0
280
0
228
257
77
133
15
289
5
279
248
172
33
257
172
225
131
248
296
87
298
182
15
231
162
11
22
173
168
182
15
116
296
237
258
14
257
170
168
5
163
163
163
163
229
163
274
14
84
298
130
10
124
253
73
275
219
257
164
30
5
265
92
248
264
168
18
0
280
0
228
257
77
133
15
289
5
279
248
172
33
257
172
225
131
248
296
87
298
182
15
231
162
11
22
173
168
182
15
116
296
237
258
14
257
170
168
5
163
163
163
163
229
163
274
14
84
298
130
10
124
253
73
275
219
257
164
30
5
265
92
248
264
168
170
168
5
163
163
163
163
229
163
274
14
84
298
130
10
124
253
73
275
219
257
164
30
5
265
92
248
264
168
14
84
298
130
10
124
253
73
275
219
257
164
30
5
265
92
248
264
168
84
298
130
10
124
253
73
275
219
257
164
30
5
265
92
248
264
168
130
10
124
253
73
275
219
257
164
30
5
265
92
248
264
168
67
