38
38
38
172
131
231
253
7
235
290
205
0
11
10
292
3
257
0
168
247
34
22
268
249
255
172
33
248
168
248
11
235
34
134
163
257
131
284
252
100
253
48
257
11
130
134
173
278
247
279
235
77
168
248
278
92
249
15
254
257
100
257
135
154
1
248
235
248
132
182
141
279
29
284
279
66
279
140
257
135
131
99
257
289
22
0
163
147
11
19
0
245
178
193
157
5
298
6
274
11
273
177
15
178
5
170
163
44
163
188
166
44
253
73
275
219
257
164
30
44
265
92
44
130
134
173
278
247
279
235
77
168
248
278
92
249
15
254
257
100
257
135
154
1
248
235
248
132
182
141
279
29
284
279
66
279
140
257
135
131
99
257
289
22
0
163
147
11
19
0
245
178
193
157
5
298
6
274
11
273
177
15
178
5
170
163
44
163
188
166
44
253
73
275
219
257
164
30
44
265
92
44
92
249
15
254
257
100
257
135
154
1
248
235
248
132
182
141
279
29
284
279
66
279
140
257
135
131
99
257
289
22
0
163
147
11
19
0
245
178
193
157
5
298
6
274
11
273
177
15
178
5
170
163
44
163
188
166
44
253
73
275
219
257
164
30
44
265
92
44
279
29
284
279
66
279
140
257
135
131
99
257
289
22
0
163
147
11
19
0
245
178
193
157
5
298
6
274
11
273
177
15
178
5
170
163
44
163
188
166
44
253
73
275
219
257
164
30
44
265
92
44
19
0
245
178
193
157
5
298
6
274
11
273
177
15
178
5
170
163
44
163
188
166
44
253
73
275
219
257
164
30
44
265
92
44
245
178
193
157
5
298
6
274
11
273
177
15
178
5
170
163
44
163
188
166
44
253
73
275
219
257
164
30
44
265
92
44
157
5
298
6
274
11
273
177
15
178
5
170
163
44
163
188
166
44
253
73
275
219
257
164
30
44
265
92
44
298
6
274
11
273
177
15
178
5
170
163
44
163
188
166
44
253
73
275
219
257
164
30
44
265
92
44
274
11
273
177
15
178
5
170
163
44
163
188
166
44
253
73
275
219
257
164
30
44
265
92
44
15
178
5
170
163
44
163
188
166
44
253
73
275
219
257
164
30
44
265
92
44
5
170
163
44
163
188
166
44
253
73
275
219
257
164
30
44
265
92
44
67
