103
116
296
106
78
115
66
160
217
286
296
160
242
214
0
295
283
106
296
120
120
248
248
41
130
154
168
0
41
29
279
120
247
41
18
280
279
1
248
11
113
131
293
13
1
26
11
154
138
149
135
116
296
106
12
202
115
296
99
11
266
87
0
116
247
130
283
296
277
257
66
87
183
133
110
213
64
7
7
248
255
172
163
163
19
165
191
103
60
115
275
292
55
11
257
149
247
115
125
120
214
18
0
36
115
242
0
214
19
115
106
226
11
11
115
247
115
22
257
242
214
0
99
254
214
149
257
52
296
1
253
257
1
253
154
11
183
111
257
107
92
296
227
224
103
67
