115
106
257
253
73
257
235
115
87
253
131
130
0
101
78
120
137
283
128
248
248
168
0
28
116
296
16
125
73
11
183
248
15
19
248
279
16
143
87
87
248
239
253
130
176
131
130
253
295
279
16
143
87
173
235
174
116
296
135
168
12
235
247
22
0
190
106
52
149
11
183
248
175
15
19
248
239
290
121
158
11
158
9
11
9
11
123
195
87
235
268
11
11
18
157
15
106
248
86
22
292
248
28
252
20
268
9
86
257
266
257
101
255
22
11
49
7
50
0
38
11
22
257
293
19
7
168
248
110
213
18
280
18
248
170
290
22
87
249
184
87
253
16
153
92
165
11
91
159
163
0
248
290
22
92
21
231
130
165
235
125
120
14
50
248
175
15
109
15
22
237
30
190
251
284
183
248
15
163
56
218
163
106
218
257
248
163
87
93
176
174
253
130
178
133
110
213
64
7
7
248
255
15
22
237
30
190
251
284
183
248
15
163
56
218
163
106
218
257
248
163
87
93
176
174
253
130
178
133
110
213
64
7
7
248
255
67
