17
9
214
5
103
107
131
92
248
245
83
6
250
0
247
128
14
257
44
29
281
109
257
108
148
131
132
167
5
230
87
0
168
253
239
247
290
24
87
298
44
216
11
15
198
182
221
130
133
163
19
165
191
14
128
248
15
11
209
198
283
248
71
71
61
11
61
289
115
257
0
168
87
149
115
215
132
267
257
107
1
251
11
154
18
280
18
0
172
113
257
268
298
15
257
257
10
5
120
248
24
278
206
162
253
130
173
168
0
186
239
272
248
76
11
206
87
180
221
172
182
273
203
1
139
19
167
172
248
167
44
168
17
11
214
5
188
163
163
163
73
45
163
70
44
229
167
171
163
253
73
275
219
257
164
30
167
44
265
92
167
44
5
253
130
173
168
0
186
239
272
248
76
11
206
87
180
221
172
182
273
203
1
139
19
167
172
248
167
44
168
17
11
214
5
188
163
163
163
73
45
163
70
44
229
167
171
163
253
73
275
219
257
164
30
167
44
265
92
167
44
5
203
1
139
19
167
172
248
167
44
168
17
11
214
5
188
163
163
163
73
45
163
70
44
229
167
171
163
253
73
275
219
257
164
30
167
44
265
92
167
44
5
44
168
17
11
214
5
188
163
163
163
73
45
163
70
44
229
167
171
163
253
73
275
219
257
164
30
167
44
265
92
167
44
5
73
45
163
70
44
229
167
171
163
253
73
275
219
257
164
30
167
44
265
92
167
44
5
67
