163
257
0
273
78
87
296
11
298
235
120
298
292
213
120
221
131
300
257
148
240
296
300
242
248
257
298
86
251
257
0
273
78
87
296
11
298
235
163
222
298
150
41
150
120
298
222
257
132
235
92
0
150
296
231
131
268
150
257
132
174
22
128
249
292
298
213
300
223
257
223
172
223
179
168
38
298
222
163
96
292
248
42
248
19
248
168
298
150
257
41
248
159
173
34
41
105
231
158
34
22
172
10
122
150
223
122
223
34
160
179
217
178
163
3
292
248
296
300
248
296
96
257
298
42
248
257
120
248
285
296
34
271
87
122
7
92
248
150
11
163
298
66
160
223
298
150
11
172
12
121
11
298
213
300
150
216
248
87
150
116
296
137
247
0
235
179
105
298
150
123
175
190
248
150
248
41
87
154
123
172
113
257
298
132
173
168
182
132
163
163
163
299
163
7
210
208
274
163
163
298
205
253
73
296
266
87
0
116
296
257
22
92
182
73
141
265
67
