60
103
155
264
223
226
279
106
251
29
66
296
135
251
247
16
126
199
253
199
235
257
242
10
120
248
294
172
12
11
248
174
252
87
16
248
292
248
156
275
248
264
120
248
294
257
22
30
248
156
253
11
182
257
158
97
182
235
257
120
172
221
20
150
292
11
172
248
168
248
95
18
170
168
253
170
248
11
202
168
182
235
128
112
78
18
248
124
11
248
239
199
140
251
131
300
257
217
286
182
235
16
11
199
199
140
248
62
120
74
11
17
9
214
214
9
11
11
74
182
235
257
125
128
0
296
277
257
11
74
179
261
180
251
51
257
139
254
173
168
251
199
261
168
182
11
248
85
16
182
173
168
182
11
130
248
284
248
163
33
11
254
28
180
16
134
87
91
253
140
248
168
49
247
296
277
257
0
186
168
116
225
274
33
257
137
113
296
34
28
298
93
292
24
64
168
5
44
168
286
130
163
49
11
236
253
11
180
11
292
300
158
44
168
96
292
73
235
126
235
188
163
163
163
163
163
163
87
11
257
202
190
274
264
300
163
123
265
67
