115
257
296
257
296
247
55
16
10
119
76
258
19
248
150
130
87
235
16
257
249
235
115
257
296
257
296
247
55
16
10
119
76
258
19
248
150
130
87
235
16
257
249
235
115
257
296
257
296
247
55
16
10
119
76
258
19
248
150
130
87
235
16
257
249
235
115
257
296
257
296
247
55
16
10
119
76
258
19
248
150
130
87
235
16
257
249
235
132
150
132
150
132
150
132
150
132
150
132
150
281
219
131
22
108
257
106
87
253
150
281
219
131
22
108
257
106
87
253
150
281
219
131
22
108
257
106
87
253
150
281
219
131
22
108
257
106
87
253
150
281
219
131
22
108
257
106
87
253
150
67
