250
255
257
132
267
103
103
250
255
257
206
257
132
267
87
182
65
196
59
253
172
33
274
121
10
2
11
235
139
0
235
260
168
33
11
177
257
202
168
56
80
248
260
297
106
248
177
257
217
182
158
214
158
154
65
196
59
91
133
163
163
91
21
163
163
165
165
191
75
206
162
182
163
33
120
290
82
140
11
182
156
2
290
222
296
266
87
238
100
29
131
182
235
289
290
296
16
248
168
11
160
257
148
173
168
251
279
8
169
180
172
33
11
273
274
178
248
295
137
154
11
211
298
257
33
172
182
163
120
163
163
163
163
253
73
275
219
257
164
30
264
265
92
7
92
264
170
168
5
253
172
33
274
121
10
2
11
235
139
0
235
260
168
33
11
177
257
202
168
56
80
248
260
297
106
248
177
257
217
182
158
214
158
154
65
196
59
91
133
163
163
91
21
163
163
165
165
191
75
206
162
182
163
33
120
290
82
140
11
182
156
2
290
222
296
266
87
238
100
29
131
182
235
289
290
296
16
248
168
11
160
257
148
173
168
251
279
8
169
180
172
33
11
273
274
178
248
295
137
154
11
211
298
257
33
172
182
163
120
163
163
163
163
253
73
275
219
257
164
30
264
265
92
7
92
264
170
168
5
158
154
65
196
59
91
133
163
163
91
21
163
163
165
165
191
75
206
162
182
163
33
120
290
82
140
11
182
156
2
290
222
296
266
87
238
100
29
131
182
235
289
290
296
16
248
168
11
160
257
148
173
168
251
279
8
169
180
172
33
11
273
274
178
248
295
137
154
11
211
298
257
33
172
182
163
120
163
163
163
163
253
73
275
219
257
164
30
264
265
92
7
92
264
170
168
5
158
154
65
196
59
91
133
163
163
91
21
163
163
165
165
191
75
206
162
182
163
33
120
290
82
140
11
182
156
2
290
222
296
266
87
238
100
29
131
182
235
289
290
296
16
248
168
11
160
257
148
173
168
251
279
8
169
180
172
33
11
273
274
178
248
295
137
154
11
211
298
257
33
172
182
163
120
163
163
163
163
253
73
275
219
257
164
30
264
265
92
7
92
264
170
168
5
182
163
33
120
290
82
140
11
182
156
2
290
222
296
266
87
238
100
29
131
182
235
289
290
296
16
248
168
11
160
257
148
173
168
251
279
8
169
180
172
33
11
273
274
178
248
295
137
154
11
211
298
257
33
172
182
163
120
163
163
163
163
253
73
275
219
257
164
30
264
265
92
7
92
264
170
168
5
120
290
82
140
11
182
156
2
290
222
296
266
87
238
100
29
131
182
235
289
290
296
16
248
168
11
160
257
148
173
168
251
279
8
169
180
172
33
11
273
274
178
248
295
137
154
11
211
298
257
33
172
182
163
120
163
163
163
163
253
73
275
219
257
164
30
264
265
92
7
92
264
170
168
5
163
120
163
163
163
163
253
73
275
219
257
164
30
264
265
92
7
92
264
170
168
5
67
