272
120
300
182
176
112
130
225
148
298
208
87
133
163
71
176
112
19
182
176
112
297
107
92
137
1
235
139
11
292
80
11
230
297
0
11
260
182
23
33
34
300
148
131
116
296
34
300
20
182
133
163
176
112
179
296
300
143
87
0
173
172
173
78
138
300
211
131
189
87
182
180
176
112
76
0
260
179
0
273
221
2
274
259
204
40
257
22
19
110
192
264
77
235
205
10
72
120
10
292
110
192
264
173
264
110
192
163
163
165
279
205
298
52
123
92
235
216
220
116
296
194
160
257
205
73
92
110
192
264
42
109
257
265
300
182
176
112
130
225
148
298
208
87
133
163
71
176
112
19
182
176
112
297
107
92
137
1
235
139
11
292
80
11
230
297
0
11
260
182
23
33
34
300
148
131
116
296
34
300
20
182
133
163
176
112
179
296
300
143
87
0
173
172
173
78
138
300
211
131
189
87
182
180
176
112
76
0
260
179
0
273
221
2
274
259
204
40
257
22
19
110
192
264
77
235
205
10
72
120
10
292
110
192
264
173
264
110
192
163
163
165
279
205
298
52
123
92
235
216
220
116
296
194
160
257
205
73
92
110
192
264
42
109
257
265
189
87
182
180
176
112
76
0
260
179
0
273
221
2
274
259
204
40
257
22
19
110
192
264
77
235
205
10
72
120
10
292
110
192
264
173
264
110
192
163
163
165
279
205
298
52
123
92
235
216
220
116
296
194
160
257
205
73
92
110
192
264
42
109
257
265
2
274
259
204
40
257
22
19
110
192
264
77
235
205
10
72
120
10
292
110
192
264
173
264
110
192
163
163
165
279
205
298
52
123
92
235
216
220
116
296
194
160
257
205
73
92
110
192
264
42
109
257
265
274
259
204
40
257
22
19
110
192
264
77
235
205
10
72
120
10
292
110
192
264
173
264
110
192
163
163
165
279
205
298
52
123
92
235
216
220
116
296
194
160
257
205
73
92
110
192
264
42
109
257
265
259
204
40
257
22
19
110
192
264
77
235
205
10
72
120
10
292
110
192
264
173
264
110
192
163
163
165
279
205
298
52
123
92
235
216
220
116
296
194
160
257
205
73
92
110
192
264
42
109
257
265
40
257
22
19
110
192
264
77
235
205
10
72
120
10
292
110
192
264
173
264
110
192
163
163
165
279
205
298
52
123
92
235
216
220
116
296
194
160
257
205
73
92
110
192
264
42
109
257
265
67
