223
11
11
60
81
115
168
296
0
292
298
81
11
106
257
248
168
248
2
11
211
115
35
168
296
87
298
11
53
18
279
16
254
295
292
163
298
11
248
293
11
168
7
168
182
235
105
115
140
257
0
119
123
192
2
279
106
257
200
155
168
182
72
78
121
11
11
17
115
292
248
293
168
182
235
18
280
18
248
168
182
230
120
150
235
2
11
157
279
106
257
200
175
3
257
137
292
63
87
235
289
106
257
235
106
3
257
11
248
213
59
279
16
182
163
7
235
300
4
168
182
300
11
300
11
182
235
53
120
257
279
106
257
200
7
168
182
213
11
4
11
168
182
235
106
120
226
213
4
279
8
7
11
180
18
279
106
257
106
19
155
76
296
87
247
16
19
251
4
168
288
279
106
257
213
76
279
290
160
22
106
182
213
253
253
130
257
248
163
163
11
248
168
19
253
172
213
76
130
292
155
110
213
182
290
257
7
235
11
168
180
189
213
76
18
279
254
248
295
279
16
0
248
247
120
0
257
247
87
7
235
230
11
18
280
18
179
163
245
87
213
163
168
118
300
163
213
16
120
248
279
247
248
290
160
18
279
281
160
120
248
279
290
257
296
168
253
135
247
248
120
213
11
179
245
87
213
130
120
87
213
279
257
86
248
11
198
120
247
267
257
257
200
120
187
137
11
245
248
232
11
156
200
253
121
