103
18
296
128
295
115
277
257
38
120
257
217
116
296
12
202
1
44
227
297
22
237
44
15
11
14
87
83
6
15
176
172
133
163
225
257
253
73
11
138
149
135
113
115
34
108
96
296
87
139
110
213
66
296
277
257
137
154
1
182
158
2
294
137
16
296
125
120
257
0
83
6
55
1
0
83
189
247
293
87
296
11
298
81
296
140
257
211
0
255
257
260
182
33
210
168
39
130
0
172
182
49
11
283
279
34
169
296
168
125
268
253
255
257
84
183
116
22
248
210
87
296
110
213
111
297
84
7
296
157
11
225
154
109
103
149
10
73
257
96
248
231
115
143
89
257
51
5
201
182
158
2
41
211
97
235
140
296
248
37
257
106
176
287
296
257
298
255
154
66
140
11
4
163
44
69
118
163
166
253
73
275
219
257
164
30
44
265
92
44
163
44
117
163
210
168
39
130
0
172
182
49
11
283
279
34
169
296
168
125
268
253
255
257
84
183
116
22
248
210
87
296
110
213
111
297
84
7
296
157
11
225
154
109
103
149
10
73
257
96
248
231
115
143
89
257
51
5
201
182
158
2
41
211
97
235
140
296
248
37
257
106
176
287
296
257
298
255
154
66
140
11
4
163
44
69
118
163
166
253
73
275
219
257
164
30
44
265
92
44
163
44
117
163
287
296
257
298
255
154
66
140
11
4
163
44
69
118
163
166
253
73
275
219
257
164
30
44
265
92
44
163
44
117
163
67
