257
272
253
73
18
0
99
257
248
179
11
131
128
298
103
120
163
165
172
248
33
87
248
85
255
295
279
300
72
179
148
0
120
182
49
11
248
294
140
168
296
279
300
134
96
257
285
279
16
279
120
248
293
92
0
28
172
10
257
173
168
248
259
264
120
248
267
253
130
279
16
0
156
207
264
292
199
11
235
298
231
109
285
296
34
183
22
22
279
290
296
257
283
296
300
275
279
290
296
257
11
90
168
248
22
248
24
300
0
131
300
182
124
15
87
5
176
133
163
279
300
8
22
0
168
248
13
287
176
172
21
163
277
257
38
267
183
47
132
267
87
0
33
260
267
172
179
285
296
254
248
44
260
179
79
254
182
272
14
258
253
73
275
219
30
126
264
163
229
151
163
267
279
298
210
257
197
274
248
86
257
272
182
193
274
248
86
257
298
274
248
86
257
298
274
248
86
257
265
67
