137
154
1
274
127
11
154
5
60
103
298
134
231
298
44
216
179
131
280
281
109
257
108
296
84
248
210
213
281
257
108
296
96
257
135
11
65
116
131
248
210
87
296
109
113
257
96
231
163
274
33
297
107
92
10
5
55
11
56
235
120
10
123
221
11
33
260
116
296
35
148
131
257
33
279
169
273
274
163
211
10
127
288
178
127
16
0
101
278
257
298
15
11
34
22
120
187
288
298
274
33
179
175
11
296
106
257
14
211
298
127
163
150
56
235
84
180
235
289
223
125
11
203
154
1
283
131
140
257
22
0
235
279
111
257
217
296
253
239
248
5
243
170
168
262
5
163
234
163
253
73
275
219
257
164
30
5
265
92
264
297
107
92
10
5
55
11
56
235
120
10
123
221
11
33
260
116
296
35
148
131
257
33
279
169
273
274
163
211
10
127
288
178
127
16
0
101
278
257
298
15
11
34
22
120
187
288
298
274
33
179
175
11
296
106
257
14
211
298
127
163
150
56
235
84
180
235
289
223
125
11
203
154
1
283
131
140
257
22
0
235
279
111
257
217
296
253
239
248
5
243
170
168
262
5
163
234
163
253
73
275
219
257
164
30
5
265
92
264
163
211
10
127
288
178
127
16
0
101
278
257
298
15
11
34
22
120
187
288
298
274
33
179
175
11
296
106
257
14
211
298
127
163
150
56
235
84
180
235
289
223
125
11
203
154
1
283
131
140
257
22
0
235
279
111
257
217
296
253
239
248
5
243
170
168
262
5
163
234
163
253
73
275
219
257
164
30
5
265
92
264
288
178
127
16
0
101
278
257
298
15
11
34
22
120
187
288
298
274
33
179
175
11
296
106
257
14
211
298
127
163
150
56
235
84
180
235
289
223
125
11
203
154
1
283
131
140
257
22
0
235
279
111
257
217
296
253
239
248
5
243
170
168
262
5
163
234
163
253
73
275
219
257
164
30
5
265
92
264
1
283
131
140
257
22
0
235
279
111
257
217
296
253
239
248
5
243
170
168
262
5
163
234
163
253
73
275
219
257
164
30
5
265
92
264
67
