103
239
196
59
130
182
239
176
112
199
87
235
11
249
131
248
255
257
274
104
11
79
248
49
279
106
0
168
4
189
248
59
253
176
112
121
10
123
221
292
10
5
55
11
0
56
235
0
235
33
260
0
80
41
0
56
235
11
0
178
260
168
2
11
28
18
280
18
0
163
168
120
187
127
11
83
6
290
22
120
248
279
111
257
217
296
172
33
206
87
104
239
196
59
172
133
163
224
248
104
44
274
243
201
116
296
35
132
267
172
33
190
38
183
182
273
239
196
59
172
133
163
104
44
170
168
5
163
185
234
104
163
163
163
163
163
104
44
130
48
257
0
193
168
120
168
5
11
112
11
120
3
257
11
120
131
72
199
220
179
4
159
187
22
172
248
168
156
179
94
94
11
179
298
197
130
119
257
267
18
130
298
122
253
73
275
219
257
164
30
104
44
265
92
104
44
224
248
104
44
274
243
201
116
296
35
132
267
172
33
190
38
183
182
273
239
196
59
172
133
163
104
44
170
168
5
163
185
234
104
163
163
163
163
163
104
44
130
48
257
0
193
168
120
168
5
11
112
11
120
3
257
11
120
131
72
199
220
179
4
159
187
22
172
248
168
156
179
94
94
11
179
298
197
130
119
257
267
18
130
298
122
253
73
275
219
257
164
30
104
44
265
92
104
44
172
133
163
104
44
170
168
5
163
185
234
104
163
163
163
163
163
104
44
130
48
257
0
193
168
120
168
5
11
112
11
120
3
257
11
120
131
72
199
220
179
4
159
187
22
172
248
168
156
179
94
94
11
179
298
197
130
119
257
267
18
130
298
122
253
73
275
219
257
164
30
104
44
265
92
104
44
67
