167
106
36
18
18
249
125
17
9
214
5
285
290
167
242
296
103
92
248
257
248
92
248
257
248
92
248
257
248
84
10
36
296
40
297
248
257
14
283
296
137
120
248
109
257
294
203
233
77
77
120
248
11
77
11
120
249
184
278
106
257
248
238
120
248
7
168
149
257
255
11
254
29
155
168
7
252
108
149
120
257
19
167
106
36
18
18
249
125
257
248
168
2
249
168
294
78
11
16
195
257
249
184
137
249
233
203
1
139
19
167
172
248
167
44
168
17
11
214
5
188
163
163
163
73
45
163
70
44
229
167
171
163
253
73
275
219
257
164
30
167
44
265
92
167
44
5
77
77
120
248
11
77
11
120
249
184
278
106
257
248
238
120
248
7
168
149
257
255
11
254
29
155
168
7
252
108
149
120
257
19
167
106
36
18
18
249
125
257
248
168
2
249
168
294
78
11
16
195
257
249
184
137
249
233
203
1
139
19
167
172
248
167
44
168
17
11
214
5
188
163
163
163
73
45
163
70
44
229
167
171
163
253
73
275
219
257
164
30
167
44
265
92
167
44
5
167
106
36
18
18
249
125
257
248
168
2
249
168
294
78
11
16
195
257
249
184
137
249
233
203
1
139
19
167
172
248
167
44
168
17
11
214
5
188
163
163
163
73
45
163
70
44
229
167
171
163
253
73
275
219
257
164
30
167
44
265
92
167
44
5
203
1
139
19
167
172
248
167
44
168
17
11
214
5
188
163
163
163
73
45
163
70
44
229
167
171
163
253
73
275
219
257
164
30
167
44
265
92
167
44
5
44
168
17
11
214
5
188
163
163
163
73
45
163
70
44
229
167
171
163
253
73
275
219
257
164
30
167
44
265
92
167
44
5
73
45
163
70
44
229
167
171
163
253
73
275
219
257
164
30
167
44
265
92
167
44
5
67
