272
120
277
257
79
116
248
102
264
78
130
248
173
87
296
288
223
113
257
79
172
298
184
279
296
257
267
154
225
279
34
57
248
123
296
205
280
257
200
248
123
247
125
296
155
1
102
264
289
279
16
281
4
11
292
125
92
257
72
11
154
283
279
66
279
195
87
298
44
292
110
137
11
78
5
9
6
2
274
259
204
102
264
163
70
44
102
117
163
279
205
298
52
123
92
235
216
220
116
296
194
160
257
205
73
92
102
264
42
109
257
265
277
257
79
116
248
102
264
78
130
248
173
87
296
288
223
113
257
79
172
298
184
279
296
257
267
154
225
279
34
57
248
123
296
205
280
257
200
248
123
247
125
296
155
1
102
264
289
279
16
281
4
11
292
125
92
257
72
11
154
283
279
66
279
195
87
298
44
292
110
137
11
78
5
9
6
2
274
259
204
102
264
163
70
44
102
117
163
279
205
298
52
123
92
235
216
220
116
296
194
160
257
205
73
92
102
264
42
109
257
265
2
274
259
204
102
264
163
70
44
102
117
163
279
205
298
52
123
92
235
216
220
116
296
194
160
257
205
73
92
102
264
42
109
257
265
274
259
204
102
264
163
70
44
102
117
163
279
205
298
52
123
92
235
216
220
116
296
194
160
257
205
73
92
102
264
42
109
257
265
259
204
102
264
163
70
44
102
117
163
279
205
298
52
123
92
235
216
220
116
296
194
160
257
205
73
92
102
264
42
109
257
265
102
264
163
70
44
102
117
163
279
205
298
52
123
92
235
216
220
116
296
194
160
257
205
73
92
102
264
42
109
257
265
67
