242
0
183
168
239
292
163
90
92
90
11
163
90
19
279
292
247
148
298
139
11
154
242
0
183
168
239
292
163
90
163
163
90
172
96
231
154
120
298
239
292
257
298
179
112
79
154
92
173
87
7
11
210
257
298
259
168
248
11
57
30
183
173
179
87
169
174
87
158
57
292
10
163
90
163
169
130
172
0
168
163
14
0
163
87
0
261
187
163
90
172
298
163
172
298
11
163
172
298
11
11
163
172
298
30
189
11
0
168
165
14
172
7
18
186
168
298
257
253
169
296
290
22
257
205
0
90
248
168
298
11
288
169
174
15
189
160
14
257
266
172
179
169
160
22
292
12
180
169
105
159
285
105
248
210
257
179
12
169
19
12
255
169
174
14
257
248
267
14
217
87
154
73
160
272
131
120
298
296
16
205
253
73
92
0
257
160
92
116
194
160
257
205
92
190
42
109
179
257
163
234
158
163
163
69
163
163
299
163
7
210
208
