217
267
120
187
103
170
168
5
11
83
257
239
274
59
96
0
163
103
132
267
87
239
274
59
172
133
163
116
298
154
246
163
257
32
280
296
87
163
168
298
84
183
154
206
87
239
274
59
260
32
23
33
298
202
87
0
292
80
11
56
235
107
92
248
264
38
183
10
178
83
6
221
11
0
90
172
248
116
133
163
293
87
296
211
10
122
274
12
59
120
133
257
22
87
248
201
116
298
38
183
182
172
33
268
87
0
32
264
163
163
163
163
163
163
163
163
253
73
275
219
257
164
30
32
264
274
243
265
92
32
264
206
87
239
274
59
260
32
23
33
298
202
87
0
292
80
11
56
235
107
92
248
264
38
183
10
178
83
6
221
11
0
90
172
248
116
133
163
293
87
296
211
10
122
274
12
59
120
133
257
22
87
248
201
116
298
38
183
182
172
33
268
87
0
32
264
163
163
163
163
163
163
163
163
253
73
275
219
257
164
30
32
264
274
243
265
92
32
264
260
32
23
33
298
202
87
0
292
80
11
56
235
107
92
248
264
38
183
10
178
83
6
221
11
0
90
172
248
116
133
163
293
87
296
211
10
122
274
12
59
120
133
257
22
87
248
201
116
298
38
183
182
172
33
268
87
0
32
264
163
163
163
163
163
163
163
163
253
73
275
219
257
164
30
32
264
274
243
265
92
32
264
12
59
120
133
257
22
87
248
201
116
298
38
183
182
172
33
268
87
0
32
264
163
163
163
163
163
163
163
163
253
73
275
219
257
164
30
32
264
274
243
265
92
32
264
268
87
0
32
264
163
163
163
163
163
163
163
163
253
73
275
219
257
164
30
32
264
274
243
265
92
32
264
163
163
163
253
73
275
219
257
164
30
32
264
274
243
265
92
32
264
253
73
275
219
257
164
30
32
264
274
243
265
92
32
264
67
