137
113
297
103
113
25
248
294
22
116
154
113
257
266
11
148
131
247
278
296
140
0
109
296
134
1
0
278
297
137
113
257
148
131
225
292
248
257
217
120
158
278
289
277
296
257
120
0
294
11
137
113
257
148
131
25
87
277
257
135
154
225
66
279
279
129
296
257
237
248
11
15
258
224
104
44
170
168
5
201
279
150
163
168
298
83
157
174
0
168
44
11
264
154
246
165
120
248
232
34
247
104
44
170
168
5
163
185
234
104
163
163
163
163
163
104
44
130
48
257
0
193
168
120
168
5
11
112
11
120
3
257
11
120
131
72
199
220
179
4
159
187
22
172
248
168
156
179
94
94
11
179
298
197
130
119
257
267
18
130
298
122
253
73
275
219
257
164
30
104
44
265
92
104
44
103
113
25
248
294
22
116
154
113
257
266
11
148
131
247
278
296
140
0
109
296
134
1
0
278
297
137
113
257
148
131
225
292
248
257
217
120
158
278
289
277
296
257
120
0
294
11
137
113
257
148
131
25
87
277
257
135
154
225
66
279
279
129
296
257
237
248
11
15
258
224
104
44
170
168
5
201
279
150
163
168
298
83
157
174
0
168
44
11
264
154
246
165
120
248
232
34
247
104
44
170
168
5
163
185
234
104
163
163
163
163
163
104
44
130
48
257
0
193
168
120
168
5
11
112
11
120
3
257
11
120
131
72
199
220
179
4
159
187
22
172
248
168
156
179
94
94
11
179
298
197
130
119
257
267
18
130
298
122
253
73
275
219
257
164
30
104
44
265
92
104
44
279
129
296
257
237
248
11
15
258
224
104
44
170
168
5
201
279
150
163
168
298
83
157
174
0
168
44
11
264
154
246
165
120
248
232
34
247
104
44
170
168
5
163
185
234
104
163
163
163
163
163
104
44
130
48
257
0
193
168
120
168
5
11
112
11
120
3
257
11
120
131
72
199
220
179
4
159
187
22
172
248
168
156
179
94
94
11
179
298
197
130
119
257
267
18
130
298
122
253
73
275
219
257
164
30
104
44
265
92
104
44
258
224
104
44
170
168
5
201
279
150
163
168
298
83
157
174
0
168
44
11
264
154
246
165
120
248
232
34
247
104
44
170
168
5
163
185
234
104
163
163
163
163
163
104
44
130
48
257
0
193
168
120
168
5
11
112
11
120
3
257
11
120
131
72
199
220
179
4
159
187
22
172
248
168
156
179
94
94
11
179
298
197
130
119
257
267
18
130
298
122
253
73
275
219
257
164
30
104
44
265
92
104
44
67
