273
123
221
60
103
279
16
257
169
296
248
177
257
20
0
273
123
221
292
5
92
264
264
264
168
161
58
11
264
120
229
190
42
172
248
221
257
206
165
191
75
172
133
163
163
113
257
40
298
61
189
135
113
11
284
257
14
290
22
257
222
266
87
238
120
0
218
5
198
107
92
5
19
248
213
11
137
113
296
34
11
71
5
189
257
298
15
165
191
75
172
133
163
163
113
257
223
298
233
298
44
15
0
233
247
296
16
87
5
170
226
186
168
248
233
16
30
92
92
55
29
155
186
16
87
296
248
15
257
113
34
296
66
253
11
283
256
66
5
170
106
87
235
18
252
50
249
15
165
191
75
172
133
163
163
113
257
84
298
298
195
298
15
298
1
298
172
298
184
130
119
11
257
0
238
44
141
132
5
92
182
213
257
107
113
296
34
268
298
233
11
257
292
248
213
172
298
44
141
279
143
89
257
217
296
170
168
262
5
161
58
120
163
166
299
163
264
168
161
58
253
73
275
219
257
164
30
264
168
161
58
265
92
264
168
161
58
113
257
40
298
61
189
135
113
11
284
257
14
290
22
257
222
266
87
238
120
0
218
5
198
107
92
5
19
248
213
11
137
113
296
34
11
71
5
189
257
298
15
165
191
75
172
133
163
163
113
257
223
298
233
298
44
15
0
233
247
296
16
87
5
170
226
186
168
248
233
16
30
92
92
55
29
155
186
16
87
296
248
15
257
113
34
296
66
253
11
283
256
66
5
170
106
87
235
18
252
50
249
15
165
191
75
172
133
163
163
113
257
84
298
298
195
298
15
298
1
298
172
298
184
130
119
11
257
0
238
44
141
132
5
92
182
213
257
107
113
296
34
268
298
233
11
257
292
248
213
172
298
44
141
279
143
89
257
217
296
170
168
262
5
161
58
120
163
166
299
163
264
168
161
58
253
73
275
219
257
164
30
264
168
161
58
265
92
264
168
161
58
113
257
223
298
233
298
44
15
0
233
247
296
16
87
5
170
226
186
168
248
233
16
30
92
92
55
29
155
186
16
87
296
248
15
257
113
34
296
66
253
11
283
256
66
5
170
106
87
235
18
252
50
249
15
165
191
75
172
133
163
163
113
257
84
298
298
195
298
15
298
1
298
172
298
184
130
119
11
257
0
238
44
141
132
5
92
182
213
257
107
113
296
34
268
298
233
11
257
292
248
213
172
298
44
141
279
143
89
257
217
296
170
168
262
5
161
58
120
163
166
299
163
264
168
161
58
253
73
275
219
257
164
30
264
168
161
58
265
92
264
168
161
58
113
257
84
298
298
195
298
15
298
1
298
172
298
184
130
119
11
257
0
238
44
141
132
5
92
182
213
257
107
113
296
34
268
298
233
11
257
292
248
213
172
298
44
141
279
143
89
257
217
296
170
168
262
5
161
58
120
163
166
299
163
264
168
161
58
253
73
275
219
257
164
30
264
168
161
58
265
92
264
168
161
58
299
163
264
168
161
58
253
73
275
219
257
164
30
264
168
161
58
265
92
264
168
161
58
67
