60
103
182
233
172
0
239
59
120
248
130
239
126
19
39
285
293
292
120
248
11
108
168
65
168
248
142
251
142
130
50
115
248
225
115
135
120
113
16
11
283
248
143
140
87
149
173
168
248
186
1
275
248
287
296
66
160
284
296
96
266
257
120
87
173
168
182
275
0
163
295
292
0
23
284
279
176
248
285
275
140
295
257
199
287
200
165
177
235
172
7
168
77
239
235
106
293
19
285
252
249
239
209
11
200
172
233
11
252
106
126
19
292
248
243
257
56
11
120
158
173
248
168
56
11
238
233
257
22
223
292
253
239
36
130
126
257
292
249
177
273
50
119
11
78
292
0
11
168
120
248
168
249
184
120
77
186
168
248
294
159
248
36
235
77
168
248
278
254
248
199
235
34
14
87
12
168
249
168
236
147
106
257
257
293
292
11
214
147
106
126
19
77
177
130
176
257
77
235
11
177
130
18
18
248
252
235
162
106
248
178
257
50
247
34
22
50
11
108
249
288
252
79
158
179
36
160
174
66
47
292
8
10
139
225
116
84
247
170
179
137
248
19
140
101
278
257
148
248
155
168
298
239
298
44
216
224
64
168
5
248
264
168
39
44
5
239
221
299
264
168
39
197
193
248
11
15
296
205
253
73
296
106
123
92
248
264
168
39
179
296
172
0
245
247
296
281
125
120
205
123
92
44
253
73
275
219
257
164
30
248
264
168
39
265
92
248
264
168
39
168
65
168
248
142
251
142
130
50
115
248
225
115
135
120
113
16
11
283
248
143
140
87
149
173
168
248
186
1
275
248
287
296
66
160
284
296
96
266
257
120
87
173
168
182
275
0
163
295
292
0
23
284
279
176
248
285
275
140
295
257
199
287
200
165
177
235
172
7
168
77
239
235
106
293
19
285
252
249
239
209
11
200
172
233
11
252
106
126
19
292
248
243
257
56
11
120
158
173
248
168
56
11
238
233
257
22
223
292
253
239
36
130
126
257
292
249
177
273
50
119
11
78
292
0
11
168
120
248
168
249
184
120
77
186
168
248
294
159
248
36
235
77
168
248
278
254
248
199
235
34
14
87
12
168
249
168
236
147
106
257
257
293
292
11
214
147
106
126
19
77
177
130
176
257
77
235
11
177
130
18
18
248
252
235
162
106
248
178
257
50
247
34
22
50
11
108
249
288
252
79
158
179
36
160
174
66
47
292
8
10
139
225
116
84
247
170
179
137
248
19
140
101
278
257
148
248
155
168
298
239
298
44
216
224
64
168
5
248
264
168
39
44
5
239
221
299
264
168
39
197
193
248
11
15
296
205
253
73
296
106
123
92
248
264
168
39
179
296
172
0
245
247
296
281
125
120
205
123
92
44
253
73
275
219
257
164
30
248
264
168
39
265
92
248
264
168
39
287
200
165
177
235
172
7
168
77
239
235
106
293
19
285
252
249
239
209
11
200
172
233
11
252
106
126
19
292
248
243
257
56
11
120
158
173
248
168
56
11
238
233
257
22
223
292
253
239
36
130
126
257
292
249
177
273
50
119
11
78
292
0
11
168
120
248
168
249
184
120
77
186
168
248
294
159
248
36
235
77
168
248
278
254
248
199
235
34
14
87
12
168
249
168
236
147
106
257
257
293
292
11
214
147
106
126
19
77
177
130
176
257
77
235
11
177
130
18
18
248
252
235
162
106
248
178
257
50
247
34
22
50
11
108
249
288
252
79
158
179
36
160
174
66
47
292
8
10
139
225
116
84
247
170
179
137
248
19
140
101
278
257
148
248
155
168
298
239
298
44
216
224
64
168
5
248
264
168
39
44
5
239
221
299
264
168
39
197
193
248
11
15
296
205
253
73
296
106
123
92
248
264
168
39
179
296
172
0
245
247
296
281
125
120
205
123
92
44
253
73
275
219
257
164
30
248
264
168
39
265
92
248
264
168
39
248
11
15
296
205
253
73
296
106
123
92
248
264
168
39
179
296
172
0
245
247
296
281
125
120
205
123
92
44
253
73
275
219
257
164
30
248
264
168
39
265
92
248
264
168
39
67
