87
183
87
72
163
163
22
183
30
166
109
283
275
205
87
72
163
163
22
183
30
166
120
235
179
163
168
248
0
72
296
22
120
163
120
257
0
296
160
106
236
71
179
120
298
211
120
168
296
40
0
236
71
179
16
160
178
85
85
40
163
85
179
296
290
157
257
237
253
116
296
16
11
257
0
87
73
164
163
19
259
168
163
85
103
55
218
298
87
213
295
116
296
16
0
235
190
40
248
296
140
257
242
298
160
15
190
200
248
168
298
179
257
87
298
190
141
248
247
296
140
257
242
120
168
30
237
253
115
0
115
8
247
130
120
292
257
183
168
