103
84
248
210
147
34
22
29
296
106
108
18
0
168
5
87
172
113
257
40
248
24
147
11
36
99
257
130
44
9
36
36
79
76
296
106
0
36
120
179
298
1
147
44
9
36
130
0
101
257
231
253
239
199
130
273
11
90
44
9
36
133
163
11
133
163
165
11
165
191
75
257
0
296
34
40
266
257
247
93
36
109
134
0
168
248
163
257
40
92
63
74
11
123
63
63
120
271
92
257
113
130
268
120
74
63
214
126
11
98
236
143
87
120
248
168
98
206
130
120
225
206
71
87
248
24
218
250
8
178
44
189
106
7
248
123
296
157
87
0
238
44
216
138
149
135
283
202
296
106
109
257
108
242
9
168
5
124
168
163
69
163
248
123
121
130
174
87
248
187
179
257
287
131
130
11
12
209
179
180
268
168
179
242
168
12
120
253
123
30
187
179
180
246
248
130
116
296
205
253
120
190
52
248
11
12
168
253
123
163
253
73
275
219
257
164
30
265
92
5
187
36
79
76
296
106
0
36
120
179
298
1
147
44
9
36
130
0
101
257
231
253
239
199
130
273
11
90
44
9
36
133
163
11
133
163
165
11
165
191
75
257
0
296
34
40
266
257
247
93
36
109
134
0
168
248
163
257
40
92
63
74
11
123
63
63
120
271
92
257
113
130
268
120
74
63
214
126
11
98
236
143
87
120
248
168
98
206
130
120
225
206
71
87
248
24
218
250
8
178
44
189
106
7
248
123
296
157
87
0
238
44
216
138
149
135
283
202
296
106
109
257
108
242
9
168
5
124
168
163
69
163
248
123
121
130
174
87
248
187
179
257
287
131
130
11
12
209
179
180
268
168
179
242
168
12
120
253
123
30
187
179
180
246
248
130
116
296
205
253
120
190
52
248
11
12
168
253
123
163
253
73
275
219
257
164
30
265
92
5
187
257
40
92
63
74
11
123
63
63
120
271
92
257
113
130
268
120
74
63
214
126
11
98
236
143
87
120
248
168
98
206
130
120
225
206
71
87
248
24
218
250
8
178
44
189
106
7
248
123
296
157
87
0
238
44
216
138
149
135
283
202
296
106
109
257
108
242
9
168
5
124
168
163
69
163
248
123
121
130
174
87
248
187
179
257
287
131
130
11
12
209
179
180
268
168
179
242
168
12
120
253
123
30
187
179
180
246
248
130
116
296
205
253
120
190
52
248
11
12
168
253
123
163
253
73
275
219
257
164
30
265
92
5
187
130
120
225
206
71
87
248
24
218
250
8
178
44
189
106
7
248
123
296
157
87
0
238
44
216
138
149
135
283
202
296
106
109
257
108
242
9
168
5
124
168
163
69
163
248
123
121
130
174
87
248
187
179
257
287
131
130
11
12
209
179
180
268
168
179
242
168
12
120
253
123
30
187
179
180
246
248
130
116
296
205
253
120
190
52
248
11
12
168
253
123
163
253
73
275
219
257
164
30
265
92
5
187
67
