91
144
52
224
392
203
36
137
0
231
107
132
68
19
180
14
203
310
344
372
26
19
372
369
344
392
158
179
95
132
333
323
372
149
225
19
243
127
392
344
181
248
225
2
268
344
63
132
50
213
292
149
339
179
205
333
389
146
316
132
14
225
311
19
225
0
348
283
355
333
94
269
333
311
231
386
216
19
173
127
149
0
348
283
355
231
139
19
85
237
227
231
333
93
171
167
333
358
149
333
225
389
19
179
31
246
61
247
339
342
231
333
389
84
333
389
19
236
231
333
216
348
225
68
52
333
286
55
366
15
94
28
18
311
167
333
52
358
19
55
167
333
52
339
146
180
249
19
392
217
335
50
333
231
337
179
246
74
19
52
358
28
236
231
333
348
355
19
268
28
0
348
216
355
348
235
348
271
292
42
352
268
42
49
268
19
42
268
372
26
152
127
392
113
313
231
333
371
121
130
344
273
247
386
20
272
7
163
392
149
20
272
258
121
130
344
273
247
52
123
358
235
107
7
157
204
225
228
52
214
204
132
134
207
359
0
