144
337
350
68
19
246
316
98
337
158
392
369
344
194
395
191
372
156
304
392
26
192
344
185
212
1
304
258
344
177
392
344
24
345
386
263
312
359
246
25
139
346
24
316
103
23
347
24
316
22
242
333
73
22
139
346
24
316
73
23
347
24
316
22
333
392
24
333
392
56
132
14
395
9
220
25
120
220
218
111
282
291
18
7
92
344
326
9
231
337
24
238
224
386
246
25
139
346
24
316
103
23
347
24
316
22
242
344
395
193
231
292
235
333
73
22
139
346
24
316
73
23
347
24
316
22
394
137
333
371
179
14
1
201
392
247
144
31
246
316
116
19
38
113
68
316
344
338
19
38
246
74
19
246
316
167
333
235
333
167
19
11
141
240
127
392
31
304
161
109
392
344
319
395
25
139
346
24
316
103
23
347
24
316
22
242
73
22
139
346
24
316
73
23
347
24
316
22
345
303
139
270
392
185
332
179
330
241
332
392
56
63
380
242
221
392
369
344
319
395
242
330
294
378
392
24
139
316
295
300
231
333
68
45
163
393
221
277
107
132
68
189
358
185
189
358
