290
0
55
365
344
188
212
144
333
115
179
52
333
392
385
48
152
19
158
338
385
392
129
221
237
98
246
316
26
344
116
335
316
194
386
188
132
19
302
115
386
316
231
95
19
382
201
335
43
316
19
43
181
358
127
18
170
301
19
55
349
344
188
212
19
163
392
149
20
272
121
130
344
78
395
279
7
82
303
333
233
231
7
17
122
12
290
0
365
68
225
225
225
225
225
339
107
366
299
344
226
52
68
356
132
68
344
188
212
19
163
392
149
20
272
121
130
344
78
395
279
7
82
303
333
233
231
7
17
122
12
290
0
365
68
225
225
225
225
225
339
107
366
299
344
226
52
68
356
132
68
303
333
233
231
7
17
122
12
290
0
365
68
225
225
225
225
225
339
107
366
299
344
226
52
68
356
132
68
68
225
225
225
225
225
339
107
366
299
344
226
52
68
356
132
68
339
107
366
299
344
226
52
68
356
132
68
99
