336
179
304
344
98
132
283
344
317
0
128
321
179
192
220
244
333
231
321
231
167
333
19
235
333
372
149
236
231
50
378
180
71
344
201
333
213
231
28
0
68
316
336
179
220
231
241
152
26
0
231
246
333
321
194
19
188
167
333
6
316
194
167
333
246
167
333
231
62
326
65
235
246
55
19
173
167
333
64
357
127
116
333
127
316
195
344
137
132
55
248
333
321
372
232
0
231
317
241
317
167
333
321
331
127
0
133
232
0
19
127
316
384
26
200
19
217
344
201
113
65
235
55
105
283
240
26
34
154
283
115
105
167
18
352
58
179
31
213
292
50
31
128
68
180
246
371
231
372
283
105
235
167
18
2
58
52
316
344
167
333
268
333
321
11
334
391
275
344
326
333
219
313
246
73
25
127
118
225
179
224
34
242
392
56
15
24
341
246
128
25
339
107
366
299
344
226
52
128
68
356
132
128
68
50
378
180
71
344
201
333
213
231
28
0
68
316
336
179
220
231
241
152
26
0
231
246
333
321
194
19
188
167
333
6
316
194
167
333
246
167
333
231
62
326
65
235
246
55
19
173
167
333
64
357
127
116
333
127
316
195
344
137
132
55
248
333
321
372
232
0
231
317
241
317
167
333
321
331
127
0
133
232
0
19
127
316
384
26
200
19
217
344
201
113
65
235
55
105
283
240
26
34
154
283
115
105
167
18
352
58
179
31
213
292
50
31
128
68
180
246
371
231
372
283
105
235
167
18
2
58
52
316
344
167
333
268
333
321
11
334
391
275
344
326
333
219
313
246
73
25
127
118
225
179
224
34
242
392
56
15
24
341
246
128
25
339
107
366
299
344
226
52
128
68
356
132
128
68
316
194
167
333
246
167
333
231
62
326
65
235
246
55
19
173
167
333
64
357
127
116
333
127
316
195
344
137
132
55
248
333
321
372
232
0
231
317
241
317
167
333
321
331
127
0
133
232
0
19
127
316
384
26
200
19
217
344
201
113
65
235
55
105
283
240
26
34
154
283
115
105
167
18
352
58
179
31
213
292
50
31
128
68
180
246
371
231
372
283
105
235
167
18
2
58
52
316
344
167
333
268
333
321
11
334
391
275
344
326
333
219
313
246
73
25
127
118
225
179
224
34
242
392
56
15
24
341
246
128
25
339
107
366
299
344
226
52
128
68
356
132
128
68
167
333
321
331
127
0
133
232
0
19
127
316
384
26
200
19
217
344
201
113
65
235
55
105
283
240
26
34
154
283
115
105
167
18
352
58
179
31
213
292
50
31
128
68
180
246
371
231
372
283
105
235
167
18
2
58
52
316
344
167
333
268
333
321
11
334
391
275
344
326
333
219
313
246
73
25
127
118
225
179
224
34
242
392
56
15
24
341
246
128
25
339
107
366
299
344
226
52
128
68
356
132
128
68
333
321
11
334
391
275
344
326
333
219
313
246
73
25
127
118
225
179
224
34
242
392
56
15
24
341
246
128
25
339
107
366
299
344
226
52
128
68
356
132
128
68
179
224
34
242
392
56
15
24
341
246
128
25
339
107
366
299
344
226
52
128
68
356
132
128
68
339
107
366
299
344
226
52
128
68
356
132
128
68
99
