377
180
344
188
31
100
100
389
65
2
386
389
115
392
344
48
395
19
264
392
344
201
18
100
179
0
256
332
151
392
344
395
176
398
19
392
344
40
333
392
394
310
52
48
0
231
341
333
231
246
117
19
384
26
387
334
394
149
333
59
344
24
339
218
188
341
246
80
106
268
283
19
244
188
115
332
256
392
344
296
183
158
337
26
6
359
378
392
344
65
394
36
344
302
19
386
395
19
339
354
231
264
19
25
392
344
333
231
395
106
392
344
221
237
333
19
344
387
395
50
344
15
115
335
344
359
344
188
212
1
158
100
354
94
385
264
392
344
365
333
352
2
17
268
250
100
138
392
333
240
344
24
395
31
0
398
383
167
292
180
395
59
344
116
0
58
141
188
212
283
19
100
179
0
283
355
235
333
231
377
296
158
246
179
333
371
344
0
218
188
212
191
31
100
137
0
231
377
180
192
344
36
0
100
341
246
7
316
362
316
314
19
364
349
231
55
188
212
7
365
55
78
358
100
355
352
7
225
315
254
225
228
339
107
366
299
344
226
52
100
355
356
132
100
355
100
138
392
333
240
344
24
395
31
0
398
383
167
292
180
395
59
344
116
0
58
141
188
212
283
19
100
179
0
283
355
235
333
231
377
296
158
246
179
333
371
344
0
218
188
212
191
31
100
137
0
231
377
180
192
344
36
0
100
341
246
7
316
362
316
314
19
364
349
231
55
188
212
7
365
55
78
358
100
355
352
7
225
315
254
225
228
339
107
366
299
344
226
52
100
355
356
132
100
355
283
19
100
179
0
283
355
235
333
231
377
296
158
246
179
333
371
344
0
218
188
212
191
31
100
137
0
231
377
180
192
344
36
0
100
341
246
7
316
362
316
314
19
364
349
231
55
188
212
7
365
55
78
358
100
355
352
7
225
315
254
225
228
339
107
366
299
344
226
52
100
355
356
132
100
355
191
31
100
137
0
231
377
180
192
344
36
0
100
341
246
7
316
362
316
314
19
364
349
231
55
188
212
7
365
55
78
358
100
355
352
7
225
315
254
225
228
339
107
366
299
344
226
52
100
355
356
132
100
355
7
365
55
78
358
100
355
352
7
225
315
254
225
228
339
107
366
299
344
226
52
100
355
356
132
100
355
365
55
78
358
100
355
352
7
225
315
254
225
228
339
107
366
299
344
226
52
100
355
356
132
100
355
78
358
100
355
352
7
225
315
254
225
228
339
107
366
299
344
226
52
100
355
356
132
100
355
100
355
352
7
225
315
254
225
228
339
107
366
299
344
226
52
100
355
356
132
100
355
99
