188
212
1
333
25
267
153
144
364
298
119
179
225
132
227
227
259
280
224
19
181
333
233
231
7
28
372
151
392
264
127
24
344
68
372
177
392
19
395
119
206
344
181
358
364
344
188
212
1
333
60
344
333
7
267
248
333
391
19
25
374
15
302
305
343
19
127
333
7
267
298
119
225
225
227
259
364
112
280
224
163
392
149
272
258
121
130
344
107
358
31
372
156
392
19
395
119
385
181
358
19
372
195
129
344
296
392
303
30
96
62
279
233
231
7
355
231
70
7
339
107
366
299
344
226
52
7
356
132
107
177
127
112
19
268
163
392
149
272
258
121
130
344
107
358
31
372
156
392
19
395
119
385
181
358
19
372
195
129
344
296
392
303
30
96
62
279
233
231
7
355
231
70
7
339
107
366
299
344
226
52
7
356
132
107
177
127
112
19
268
339
107
366
299
344
226
52
7
356
132
107
177
127
112
19
268
99
