91
144
132
145
375
332
392
26
172
167
188
212
1
358
41
26
0
231
333
371
332
392
56
110
386
246
233
224
19
341
333
321
163
392
149
225
210
116
145
75
0
25
326
350
210
116
55
235
395
249
386
246
364
349
163
392
149
225
210
32
0
194
364
170
301
290
18
175
386
18
7
82
242
85
316
163
392
149
225
210
326
0
194
364
349
52
85
145
68
316
384
385
302
334
314
19
21
395
272
333
371
163
392
149
0
88
372
26
344
373
344
55
357
127
18
170
301
19
349
242
71
235
182
225
127
246
321
265
88
57
71
344
55
32
364
321
265
88
235
182
225
392
56
370
145
225
362
19
246
362
372
195
129
344
296
392
306
145
68
233
231
7
145
68
233
231
7
225
251
315
145
178
225
225
225
225
225
145
68
179
72
344
0
261
231
167
231
7
108
19
157
19
167
3
344
19
167
180
106
268
300
242
6
220
253
36
235
333
231
216
242
135
135
19
312
242
395
266
179
166
344
358
28
179
395
169
339
107
366
299
344
226
52
145
68
356
132
145
68
75
0
25
326
350
210
116
55
235
395
249
386
246
364
349
163
392
149
225
210
32
0
194
364
170
301
290
18
175
386
18
7
82
242
85
316
163
392
149
225
210
326
0
194
364
349
52
85
145
68
316
384
385
302
334
314
19
21
395
272
333
371
163
392
149
0
88
372
26
344
373
344
55
357
127
18
170
301
19
349
242
71
235
182
225
127
246
321
265
88
57
71
344
55
32
364
321
265
88
235
182
225
392
56
370
145
225
362
19
246
362
372
195
129
344
296
392
306
145
68
233
231
7
145
68
233
231
7
225
251
315
145
178
225
225
225
225
225
145
68
179
72
344
0
261
231
167
231
7
108
19
157
19
167
3
344
19
167
180
106
268
300
242
6
220
253
36
235
333
231
216
242
135
135
19
312
242
395
266
179
166
344
358
28
179
395
169
339
107
366
299
344
226
52
145
68
356
132
145
68
326
350
210
116
55
235
395
249
386
246
364
349
163
392
149
225
210
32
0
194
364
170
301
290
18
175
386
18
7
82
242
85
316
163
392
149
225
210
326
0
194
364
349
52
85
145
68
316
384
385
302
334
314
19
21
395
272
333
371
163
392
149
0
88
372
26
344
373
344
55
357
127
18
170
301
19
349
242
71
235
182
225
127
246
321
265
88
57
71
344
55
32
364
321
265
88
235
182
225
392
56
370
145
225
362
19
246
362
372
195
129
344
296
392
306
145
68
233
231
7
145
68
233
231
7
225
251
315
145
178
225
225
225
225
225
145
68
179
72
344
0
261
231
167
231
7
108
19
157
19
167
3
344
19
167
180
106
268
300
242
6
220
253
36
235
333
231
216
242
135
135
19
312
242
395
266
179
166
344
358
28
179
395
169
339
107
366
299
344
226
52
145
68
356
132
145
68
163
392
149
225
210
32
0
194
364
170
301
290
18
175
386
18
7
82
242
85
316
163
392
149
225
210
326
0
194
364
349
52
85
145
68
316
384
385
302
334
314
19
21
395
272
333
371
163
392
149
0
88
372
26
344
373
344
55
357
127
18
170
301
19
349
242
71
235
182
225
127
246
321
265
88
57
71
344
55
32
364
321
265
88
235
182
225
392
56
370
145
225
362
19
246
362
372
195
129
344
296
392
306
145
68
233
231
7
145
68
233
231
7
225
251
315
145
178
225
225
225
225
225
145
68
179
72
344
0
261
231
167
231
7
108
19
157
19
167
3
344
19
167
180
106
268
300
242
6
220
253
36
235
333
231
216
242
135
135
19
312
242
395
266
179
166
344
358
28
179
395
169
339
107
366
299
344
226
52
145
68
356
132
145
68
290
18
175
386
18
7
82
242
85
316
163
392
149
225
210
326
0
194
364
349
52
85
145
68
316
384
385
302
334
314
19
21
395
272
333
371
163
392
149
0
88
372
26
344
373
344
55
357
127
18
170
301
19
349
242
71
235
182
225
127
246
321
265
88
57
71
344
55
32
364
321
265
88
235
182
225
392
56
370
145
225
362
19
246
362
372
195
129
344
296
392
306
145
68
233
231
7
145
68
233
231
7
225
251
315
145
178
225
225
225
225
225
145
68
179
72
344
0
261
231
167
231
7
108
19
157
19
167
3
344
19
167
180
106
268
300
242
6
220
253
36
235
333
231
216
242
135
135
19
312
242
395
266
179
166
344
358
28
179
395
169
339
107
366
299
344
226
52
145
68
356
132
145
68
386
18
7
82
242
85
316
163
392
149
225
210
326
0
194
364
349
52
85
145
68
316
384
385
302
334
314
19
21
395
272
333
371
163
392
149
0
88
372
26
344
373
344
55
357
127
18
170
301
19
349
242
71
235
182
225
127
246
321
265
88
57
71
344
55
32
364
321
265
88
235
182
225
392
56
370
145
225
362
19
246
362
372
195
129
344
296
392
306
145
68
233
231
7
145
68
233
231
7
225
251
315
145
178
225
225
225
225
225
145
68
179
72
344
0
261
231
167
231
7
108
19
157
19
167
3
344
19
167
180
106
268
300
242
6
220
253
36
235
333
231
216
242
135
135
19
312
242
395
266
179
166
344
358
28
179
395
169
339
107
366
299
344
226
52
145
68
356
132
145
68
384
385
302
334
314
19
21
395
272
333
371
163
392
149
0
88
372
26
344
373
344
55
357
127
18
170
301
19
349
242
71
235
182
225
127
246
321
265
88
57
71
344
55
32
364
321
265
88
235
182
225
392
56
370
145
225
362
19
246
362
372
195
129
344
296
392
306
145
68
233
231
7
145
68
233
231
7
225
251
315
145
178
225
225
225
225
225
145
68
179
72
344
0
261
231
167
231
7
108
19
157
19
167
3
344
19
167
180
106
268
300
242
6
220
253
36
235
333
231
216
242
135
135
19
312
242
395
266
179
166
344
358
28
179
395
169
339
107
366
299
344
226
52
145
68
356
132
145
68
242
71
235
182
225
127
246
321
265
88
57
71
344
55
32
364
321
265
88
235
182
225
392
56
370
145
225
362
19
246
362
372
195
129
344
296
392
306
145
68
233
231
7
145
68
233
231
7
225
251
315
145
178
225
225
225
225
225
145
68
179
72
344
0
261
231
167
231
7
108
19
157
19
167
3
344
19
167
180
106
268
300
242
6
220
253
36
235
333
231
216
242
135
135
19
312
242
395
266
179
166
344
358
28
179
395
169
339
107
366
299
344
226
52
145
68
356
132
145
68
57
71
344
55
32
364
321
265
88
235
182
225
392
56
370
145
225
362
19
246
362
372
195
129
344
296
392
306
145
68
233
231
7
145
68
233
231
7
225
251
315
145
178
225
225
225
225
225
145
68
179
72
344
0
261
231
167
231
7
108
19
157
19
167
3
344
19
167
180
106
268
300
242
6
220
253
36
235
333
231
216
242
135
135
19
312
242
395
266
179
166
344
358
28
179
395
169
339
107
366
299
344
226
52
145
68
356
132
145
68
235
182
225
392
56
370
145
225
362
19
246
362
372
195
129
344
296
392
306
145
68
233
231
7
145
68
233
231
7
225
251
315
145
178
225
225
225
225
225
145
68
179
72
344
0
261
231
167
231
7
108
19
157
19
167
3
344
19
167
180
106
268
300
242
6
220
253
36
235
333
231
216
242
135
135
19
312
242
395
266
179
166
344
358
28
179
395
169
339
107
366
299
344
226
52
145
68
356
132
145
68
19
246
362
372
195
129
344
296
392
306
145
68
233
231
7
145
68
233
231
7
225
251
315
145
178
225
225
225
225
225
145
68
179
72
344
0
261
231
167
231
7
108
19
157
19
167
3
344
19
167
180
106
268
300
242
6
220
253
36
235
333
231
216
242
135
135
19
312
242
395
266
179
166
344
358
28
179
395
169
339
107
366
299
344
226
52
145
68
356
132
145
68
99
