188
158
31
184
198
144
184
198
179
94
127
392
344
396
31
236
231
333
213
171
167
333
216
280
224
344
296
198
72
344
269
392
0
106
115
236
332
179
235
283
19
191
60
392
385
15
110
386
2
316
243
19
134
384
385
322
395
320
280
224
184
198
289
33
225
225
198
55
396
167
0
88
116
231
246
37
55
389
117
19
85
316
384
26
114
344
373
392
344
333
124
313
167
4
395
280
224
339
107
366
299
344
226
52
198
356
132
196
311
355
179
94
127
392
344
396
31
236
231
333
213
171
167
333
216
280
224
344
296
198
72
344
269
392
0
106
115
236
332
179
235
283
19
191
60
392
385
15
110
386
2
316
243
19
134
384
385
322
395
320
280
224
184
198
289
33
225
225
198
55
396
167
0
88
116
231
246
37
55
389
117
19
85
316
384
26
114
344
373
392
344
333
124
313
167
4
395
280
224
339
107
366
299
344
226
52
198
356
132
196
311
355
31
236
231
333
213
171
167
333
216
280
224
344
296
198
72
344
269
392
0
106
115
236
332
179
235
283
19
191
60
392
385
15
110
386
2
316
243
19
134
384
385
322
395
320
280
224
184
198
289
33
225
225
198
55
396
167
0
88
116
231
246
37
55
389
117
19
85
316
384
26
114
344
373
392
344
333
124
313
167
4
395
280
224
339
107
366
299
344
226
52
198
356
132
196
311
355
344
269
392
0
106
115
236
332
179
235
283
19
191
60
392
385
15
110
386
2
316
243
19
134
384
385
322
395
320
280
224
184
198
289
33
225
225
198
55
396
167
0
88
116
231
246
37
55
389
117
19
85
316
384
26
114
344
373
392
344
333
124
313
167
4
395
280
224
339
107
366
299
344
226
52
198
356
132
196
311
355
236
332
179
235
283
19
191
60
392
385
15
110
386
2
316
243
19
134
384
385
322
395
320
280
224
184
198
289
33
225
225
198
55
396
167
0
88
116
231
246
37
55
389
117
19
85
316
384
26
114
344
373
392
344
333
124
313
167
4
395
280
224
339
107
366
299
344
226
52
198
356
132
196
311
355
392
385
15
110
386
2
316
243
19
134
384
385
322
395
320
280
224
184
198
289
33
225
225
198
55
396
167
0
88
116
231
246
37
55
389
117
19
85
316
384
26
114
344
373
392
344
333
124
313
167
4
395
280
224
339
107
366
299
344
226
52
198
356
132
196
311
355
184
198
289
33
225
225
198
55
396
167
0
88
116
231
246
37
55
389
117
19
85
316
384
26
114
344
373
392
344
333
124
313
167
4
395
280
224
339
107
366
299
344
226
52
198
356
132
196
311
355
289
33
225
225
198
55
396
167
0
88
116
231
246
37
55
389
117
19
85
316
384
26
114
344
373
392
344
333
124
313
167
4
395
280
224
339
107
366
299
344
226
52
198
356
132
196
311
355
280
224
339
107
366
299
344
226
52
198
356
132
196
311
355
339
107
366
299
344
226
52
198
356
132
196
311
355
99
