246
321
179
33
355
395
177
296
167
253
91
144
392
369
344
246
33
321
345
339
179
236
231
395
59
339
321
344
205
117
309
19
85
316
188
212
1
246
2
268
19
316
191
137
395
272
21
1
7
19
122
12
349
246
251
19
167
236
88
78
333
233
231
7
31
225
225
225
163
392
149
20
272
57
201
180
50
369
344
365
339
321
116
246
244
365
241
277
395
215
132
333
68
45
316
295
300
242
339
107
366
299
344
226
52
355
356
132
352
170
193
339
179
236
231
395
59
339
321
344
205
117
309
19
85
316
188
212
1
246
2
268
19
316
191
137
395
272
21
1
7
19
122
12
349
246
251
19
167
236
88
78
333
233
231
7
31
225
225
225
163
392
149
20
272
57
201
180
50
369
344
365
339
321
116
246
244
365
241
277
395
215
132
333
68
45
316
295
300
242
339
107
366
299
344
226
52
355
356
132
352
170
193
277
395
215
132
333
68
45
316
295
300
242
339
107
366
299
344
226
52
355
356
132
352
170
193
99
