144
161
369
344
392
0
107
344
189
392
185
332
246
25
127
7
179
239
345
33
383
336
26
304
202
344
340
1
167
395
68
295
378
180
71
344
161
156
394
77
332
372
26
333
237
68
167
333
216
344
201
14
231
337
193
398
42
42
174
142
58
300
142
3
344
142
115
142
122
12
213
320
258
121
373
344
273
247
163
392
149
272
1
333
25
267
242
333
68
84
339
316
250
28
0
285
344
14
306
96
231
279
7
225
225
225
339
107
366
299
344
226
52
356
132
68
383
336
26
304
202
344
340
1
167
395
68
295
378
180
71
344
161
156
394
77
332
372
26
333
237
68
167
333
216
344
201
14
231
337
193
398
42
42
174
142
58
300
142
3
344
142
115
142
122
12
213
320
258
121
373
344
273
247
163
392
149
272
1
333
25
267
242
333
68
84
339
316
250
28
0
285
344
14
306
96
231
279
7
225
225
225
339
107
366
299
344
226
52
356
132
68
28
0
285
344
14
306
96
231
279
7
225
225
225
339
107
366
299
344
226
52
356
132
68
99
