61
247
246
364
301
144
181
358
225
31
225
259
127
246
127
68
364
301
333
301
374
158
344
122
257
127
395
68
134
132
122
12
344
291
19
167
188
212
1
395
68
241
377
310
152
233
231
352
7
225
315
3
68
225
255
228
107
7
339
107
366
299
344
226
52
7
356
132
7
364
301
333
301
374
158
344
122
257
127
395
68
134
132
122
12
344
291
19
167
188
212
1
395
68
241
377
310
152
233
231
352
7
225
315
3
68
225
255
228
107
7
339
107
366
299
344
226
52
7
356
132
7
255
228
107
7
339
107
366
299
344
226
52
7
356
132
7
99
