396
167
333
190
27
19
293
148
138
392
333
344
395
249
83
231
317
19
333
285
344
296
180
341
144
31
148
394
149
333
240
344
188
132
117
206
19
3
246
19
285
395
2
56
140
28
28
395
152
26
344
185
1
2
31
148
396
148
316
26
109
344
338
197
383
15
116
218
2
172
0
167
333
190
27
17
293
385
138
392
0
231
340
332
264
392
344
20
48
0
333
148
68
385
138
392
344
0
231
2
28
374
28
18
167
235
0
231
317
386
212
331
227
83
18
106
31
148
146
176
395
241
148
316
56
63
344
317
236
231
246
225
352
231
317
382
372
53
167
344
395
392
56
15
317
236
231
246
225
246
127
209
97
395
14
316
334
167
333
231
391
231
342
344
116
395
2
172
19
163
333
395
172
167
179
221
34
392
15
149
333
240
344
388
386
18
344
84
395
249
116
212
52
280
352
56
326
83
31
213
231
148
141
292
19
280
31
244
292
168
148
15
232
93
268
386
333
218
19
68
231
392
385
149
333
59
344
63
395
249
2
394
297
132
0
231
232
28
392
395
249
83
231
317
383
19
385
151
392
395
241
19
126
395
172
381
148
304
377
26
392
367
127
116
148
2
19
310
257
395
2
76
386
358
116
148
19
296
396
152
225
315
225
225
225
225
233
231
7
225
225
225
144
122
12
233
19
231
148
68
339
107
366
299
344
226
52
148
68
7
17
122
12
356
132
148
68
7
17
122
12
385
138
392
0
231
340
332
264
392
344
20
48
0
333
148
68
385
138
392
344
0
231
2
28
374
28
18
167
235
0
231
317
386
212
331
227
83
18
106
31
148
146
176
395
241
148
316
56
63
344
317
236
231
246
225
352
231
317
382
372
53
167
344
395
392
56
15
317
236
231
246
225
246
127
209
97
395
14
316
334
167
333
231
391
231
342
344
116
395
2
172
19
163
333
395
172
167
179
221
34
392
15
149
333
240
344
388
386
18
344
84
395
249
116
212
52
280
352
56
326
83
31
213
231
148
141
292
19
280
31
244
292
168
148
15
232
93
268
386
333
218
19
68
231
392
385
149
333
59
344
63
395
249
2
394
297
132
0
231
232
28
392
395
249
83
231
317
383
19
385
151
392
395
241
19
126
395
172
381
148
304
377
26
392
367
127
116
148
2
19
310
257
395
2
76
386
358
116
148
19
296
396
152
225
315
225
225
225
225
233
231
7
225
225
225
144
122
12
233
19
231
148
68
339
107
366
299
344
226
52
148
68
7
17
122
12
356
132
148
68
7
17
122
12
385
138
392
344
0
231
2
28
374
28
18
167
235
0
231
317
386
212
331
227
83
18
106
31
148
146
176
395
241
148
316
56
63
344
317
236
231
246
225
352
231
317
382
372
53
167
344
395
392
56
15
317
236
231
246
225
246
127
209
97
395
14
316
334
167
333
231
391
231
342
344
116
395
2
172
19
163
333
395
172
167
179
221
34
392
15
149
333
240
344
388
386
18
344
84
395
249
116
212
52
280
352
56
326
83
31
213
231
148
141
292
19
280
31
244
292
168
148
15
232
93
268
386
333
218
19
68
231
392
385
149
333
59
344
63
395
249
2
394
297
132
0
231
232
28
392
395
249
83
231
317
383
19
385
151
392
395
241
19
126
395
172
381
148
304
377
26
392
367
127
116
148
2
19
310
257
395
2
76
386
358
116
148
19
296
396
152
225
315
225
225
225
225
233
231
7
225
225
225
144
122
12
233
19
231
148
68
339
107
366
299
344
226
52
148
68
7
17
122
12
356
132
148
68
7
17
122
12
382
372
53
167
344
395
392
56
15
317
236
231
246
225
246
127
209
97
395
14
316
334
167
333
231
391
231
342
344
116
395
2
172
19
163
333
395
172
167
179
221
34
392
15
149
333
240
344
388
386
18
344
84
395
249
116
212
52
280
352
56
326
83
31
213
231
148
141
292
19
280
31
244
292
168
148
15
232
93
268
386
333
218
19
68
231
392
385
149
333
59
344
63
395
249
2
394
297
132
0
231
232
28
392
395
249
83
231
317
383
19
385
151
392
395
241
19
126
395
172
381
148
304
377
26
392
367
127
116
148
2
19
310
257
395
2
76
386
358
116
148
19
296
396
152
225
315
225
225
225
225
233
231
7
225
225
225
144
122
12
233
19
231
148
68
339
107
366
299
344
226
52
148
68
7
17
122
12
356
132
148
68
7
17
122
12
246
127
209
97
395
14
316
334
167
333
231
391
231
342
344
116
395
2
172
19
163
333
395
172
167
179
221
34
392
15
149
333
240
344
388
386
18
344
84
395
249
116
212
52
280
352
56
326
83
31
213
231
148
141
292
19
280
31
244
292
168
148
15
232
93
268
386
333
218
19
68
231
392
385
149
333
59
344
63
395
249
2
394
297
132
0
231
232
28
392
395
249
83
231
317
383
19
385
151
392
395
241
19
126
395
172
381
148
304
377
26
392
367
127
116
148
2
19
310
257
395
2
76
386
358
116
148
19
296
396
152
225
315
225
225
225
225
233
231
7
225
225
225
144
122
12
233
19
231
148
68
339
107
366
299
344
226
52
148
68
7
17
122
12
356
132
148
68
7
17
122
12
19
280
31
244
292
168
148
15
232
93
268
386
333
218
19
68
231
392
385
149
333
59
344
63
395
249
2
394
297
132
0
231
232
28
392
395
249
83
231
317
383
19
385
151
392
395
241
19
126
395
172
381
148
304
377
26
392
367
127
116
148
2
19
310
257
395
2
76
386
358
116
148
19
296
396
152
225
315
225
225
225
225
233
231
7
225
225
225
144
122
12
233
19
231
148
68
339
107
366
299
344
226
52
148
68
7
17
122
12
356
132
148
68
7
17
122
12
386
333
218
19
68
231
392
385
149
333
59
344
63
395
249
2
394
297
132
0
231
232
28
392
395
249
83
231
317
383
19
385
151
392
395
241
19
126
395
172
381
148
304
377
26
392
367
127
116
148
2
19
310
257
395
2
76
386
358
116
148
19
296
396
152
225
315
225
225
225
225
233
231
7
225
225
225
144
122
12
233
19
231
148
68
339
107
366
299
344
226
52
148
68
7
17
122
12
356
132
148
68
7
17
122
12
304
377
26
392
367
127
116
148
2
19
310
257
395
2
76
386
358
116
148
19
296
396
152
225
315
225
225
225
225
233
231
7
225
225
225
144
122
12
233
19
231
148
68
339
107
366
299
344
226
52
148
68
7
17
122
12
356
132
148
68
7
17
122
12
76
386
358
116
148
19
296
396
152
225
315
225
225
225
225
233
231
7
225
225
225
144
122
12
233
19
231
148
68
339
107
366
299
344
226
52
148
68
7
17
122
12
356
132
148
68
7
17
122
12
19
296
396
152
225
315
225
225
225
225
233
231
7
225
225
225
144
122
12
233
19
231
148
68
339
107
366
299
344
226
52
148
68
7
17
122
12
356
132
148
68
7
17
122
12
339
107
366
299
344
226
52
148
68
7
17
122
12
356
132
148
68
7
17
122
12
99
