144
181
68
19
68
332
60
194
127
333
225
68
349
167
0
64
392
289
33
225
341
33
225
289
33
225
227
16
227
259
289
33
225
227
227
259
31
333
33
225
227
227
259
211
33
225
227
227
259
333
33
225
227
227
259
70
33
225
227
227
259
33
225
227
227
259
308
289
33
225
227
16
227
259
308
62
33
225
227
16
227
259
62
33
225
227
227
259
62
308
211
33
225
227
227
259
308
31
333
33
225
227
227
259
64
179
0
206
231
333
68
332
60
194
0
231
225
68
179
344
106
316
119
82
19
333
271
1
333
3
231
0
106
115
19
344
151
316
123
0
68
332
0
197
231
188
197
127
392
19
395
119
344
181
358
127
236
231
337
268
392
338
26
240
127
392
344
188
212
1
68
246
171
19
333
68
295
267
258
189
358
185
163
392
149
20
272
372
26
114
344
205
392
167
253
188
1
395
19
19
151
392
167
333
68
295
267
14
333
42
68
7
339
107
366
299
344
226
52
68
7
356
132
68
99
