321
257
31
324
153
144
98
392
149
20
257
395
114
1
339
321
152
167
333
324
7
233
372
57
367
344
19
342
386
119
19
28
392
201
257
127
333
321
372
156
394
77
365
324
116
333
37
55
179
236
231
246
371
344
333
321
369
344
61
180
247
127
396
181
358
235
55
127
0
349
19
170
301
365
55
235
395
249
290
19
357
127
0
349
163
392
57
201
180
344
55
61
247
246
364
241
324
179
344
365
380
392
71
52
225
210
132
254
173
19
242
161
225
161
225
163
392
149
20
272
258
107
358
31
372
156
344
296
392
306
149
0
142
321
303
333
231
333
324
7
233
270
221
275
344
357
127
0
55
365
220
392
56
277
212
170
132
358
52
75
339
192
344
53
392
377
393
192
344
36
53
163
372
26
359
333
215
258
107
7
324
68
7
225
225
225
339
107
366
299
344
226
52
324
68
356
132
324
68
365
55
235
395
249
290
19
357
127
0
349
163
392
57
201
180
344
55
61
247
246
364
241
324
179
344
365
380
392
71
52
225
210
132
254
173
19
242
161
225
161
225
163
392
149
20
272
258
107
358
31
372
156
344
296
392
306
149
0
142
321
303
333
231
333
324
7
233
270
221
275
344
357
127
0
55
365
220
392
56
277
212
170
132
358
52
75
339
192
344
53
392
377
393
192
344
36
53
163
372
26
359
333
215
258
107
7
324
68
7
225
225
225
339
107
366
299
344
226
52
324
68
356
132
324
68
163
392
57
201
180
344
55
61
247
246
364
241
324
179
344
365
380
392
71
52
225
210
132
254
173
19
242
161
225
161
225
163
392
149
20
272
258
107
358
31
372
156
344
296
392
306
149
0
142
321
303
333
231
333
324
7
233
270
221
275
344
357
127
0
55
365
220
392
56
277
212
170
132
358
52
75
339
192
344
53
392
377
393
192
344
36
53
163
372
26
359
333
215
258
107
7
324
68
7
225
225
225
339
107
366
299
344
226
52
324
68
356
132
324
68
324
179
344
365
380
392
71
52
225
210
132
254
173
19
242
161
225
161
225
163
392
149
20
272
258
107
358
31
372
156
344
296
392
306
149
0
142
321
303
333
231
333
324
7
233
270
221
275
344
357
127
0
55
365
220
392
56
277
212
170
132
358
52
75
339
192
344
53
392
377
393
192
344
36
53
163
372
26
359
333
215
258
107
7
324
68
7
225
225
225
339
107
366
299
344
226
52
324
68
356
132
324
68
192
344
53
392
377
393
192
344
36
53
163
372
26
359
333
215
258
107
7
324
68
7
225
225
225
339
107
366
299
344
226
52
324
68
356
132
324
68
324
68
7
225
225
225
339
107
366
299
344
226
52
324
68
356
132
324
68
339
107
366
299
344
226
52
324
68
356
132
324
68
99
