116
14
332
198
232
31
184
198
144
184
198
179
94
127
392
344
396
31
236
231
333
213
171
167
333
216
280
224
344
296
198
72
344
269
392
0
106
115
236
332
179
235
283
19
191
60
392
385
15
110
386
2
316
243
19
134
384
385
322
395
320
280
152
184
198
211
33
225
225
198
55
98
221
247
235
339
240
344
296
198
357
19
188
170
344
39
0
280
152
339
107
366
299
344
226
52
198
356
132
196
311
355
179
94
127
392
344
396
31
236
231
333
213
171
167
333
216
280
224
344
296
198
72
344
269
392
0
106
115
236
332
179
235
283
19
191
60
392
385
15
110
386
2
316
243
19
134
384
385
322
395
320
280
152
184
198
211
33
225
225
198
55
98
221
247
235
339
240
344
296
198
357
19
188
170
344
39
0
280
152
339
107
366
299
344
226
52
198
356
132
196
311
355
31
236
231
333
213
171
167
333
216
280
224
344
296
198
72
344
269
392
0
106
115
236
332
179
235
283
19
191
60
392
385
15
110
386
2
316
243
19
134
384
385
322
395
320
280
152
184
198
211
33
225
225
198
55
98
221
247
235
339
240
344
296
198
357
19
188
170
344
39
0
280
152
339
107
366
299
344
226
52
198
356
132
196
311
355
184
198
211
33
225
225
198
55
98
221
247
235
339
240
344
296
198
357
19
188
170
344
39
0
280
152
339
107
366
299
344
226
52
198
356
132
196
311
355
211
33
225
225
198
55
98
221
247
235
339
240
344
296
198
357
19
188
170
344
39
0
280
152
339
107
366
299
344
226
52
198
356
132
196
311
355
19
188
170
344
39
0
280
152
339
107
366
299
344
226
52
198
356
132
196
311
355
280
152
339
107
366
299
344
226
52
198
356
132
196
311
355
339
107
366
299
344
226
52
198
356
132
196
311
355
99
