91
144
180
333
80
353
118
225
25
146
246
25
26
194
365
246
24
127
235
158
344
24
344
188
212
1
80
258
357
127
246
199
193
19
181
358
127
18
170
301
303
233
231
7
333
80
353
181
246
199
193
326
0
364
349
181
358
127
18
112
339
107
366
299
344
226
52
333
80
353
356
132
80
353
127
235
158
344
24
344
188
212
1
80
258
357
127
246
199
193
19
181
358
127
18
170
301
303
233
231
7
333
80
353
181
246
199
193
326
0
364
349
181
358
127
18
112
339
107
366
299
344
226
52
333
80
353
356
132
80
353
19
181
358
127
18
170
301
303
233
231
7
333
80
353
181
246
199
193
326
0
364
349
181
358
127
18
112
339
107
366
299
344
226
52
333
80
353
356
132
80
353
303
233
231
7
333
80
353
181
246
199
193
326
0
364
349
181
358
127
18
112
339
107
366
299
344
226
52
333
80
353
356
132
80
353
326
0
364
349
181
358
127
18
112
339
107
366
299
344
226
52
333
80
353
356
132
80
353
181
358
127
18
112
339
107
366
299
344
226
52
333
80
353
356
132
80
353
339
107
366
299
344
226
52
333
80
353
356
132
80
353
99
