153
144
333
225
225
73
25
179
224
194
167
333
71
88
242
372
177
392
344
310
395
25
344
145
127
18
219
313
392
56
0
210
242
350
319
0
25
344
145
374
126
357
386
392
344
392
341
333
231
333
267
235
258
77
204
127
7
145
68
233
231
7
145
68
233
231
7
225
251
315
145
178
225
225
225
225
225
145
68
179
72
344
0
261
231
167
231
7
108
19
157
19
167
3
344
19
167
180
106
268
300
242
6
220
253
36
235
333
231
216
242
135
135
19
312
242
395
266
179
166
344
358
28
179
395
169
339
107
366
299
344
226
52
145
68
356
132
145
68
179
224
194
167
333
71
88
242
372
177
392
344
310
395
25
344
145
127
18
219
313
392
56
0
210
242
350
319
0
25
344
145
374
126
357
386
392
344
392
341
333
231
333
267
235
258
77
204
127
7
145
68
233
231
7
145
68
233
231
7
225
251
315
145
178
225
225
225
225
225
145
68
179
72
344
0
261
231
167
231
7
108
19
157
19
167
3
344
19
167
180
106
268
300
242
6
220
253
36
235
333
231
216
242
135
135
19
312
242
395
266
179
166
344
358
28
179
395
169
339
107
366
299
344
226
52
145
68
356
132
145
68
145
68
233
231
7
145
68
233
231
7
225
251
315
145
178
225
225
225
225
225
145
68
179
72
344
0
261
231
167
231
7
108
19
157
19
167
3
344
19
167
180
106
268
300
242
6
220
253
36
235
333
231
216
242
135
135
19
312
242
395
266
179
166
344
358
28
179
395
169
339
107
366
299
344
226
52
145
68
356
132
145
68
99
