223
225
179
333
355
231
105
5
7
89
163
392
24
52
19
26
344
245
127
118
225
394
149
0
59
344
277
18
65
231
225
167
395
7
153
144
223
225
179
333
355
231
105
5
7
89
163
392
24
52
19
26
344
245
127
118
225
394
149
0
59
344
277
18
65
231
225
167
395
7
0
193
231
225
212
231
24
344
245
52
339
89
168
225
333
132
333
231
395
298
391
167
154
292
163
392
24
52
223
225
18
7
92
385
36
11
277
333
75
25
392
56
0
130
298
391
386
19
185
377
219
383
264
344
32
245
225
149
388
341
154
292
19
224
180
342
344
36
127
14
231
332
388
291
316
384
24
344
245
52
223
225
385
277
127
245
392
56
79
344
333
19
319
294
127
291
225
225
122
392
1
158
344
127
68
277
395
122
12
316
384
24
344
245
52
223
225
19
75
334
385
277
334
245
122
12
334
298
391
344
151
335
201
334
92
235
379
344
32
68
19
212
247
235
14
337
144
24
345
