144
372
137
180
277
18
231
132
68
392
203
149
274
337
19
107
242
392
203
221
398
310
344
304
203
372
313
333
344
29
382
231
333
126
392
213
386
225
392
26
257
344
24
344
324
38
392
192
358
392
98
225
392
385
221
36
24
392
52
0
55
0
188
130
122
12
242
3
344
254
185
332
372
385
392
144
225
392
26
235
333
392
203
24
242
392
203
221
163
225
372
57
367
344
274
395
25
163
225
372
137
180
220
236
68
179
287
127
50
163
225
189
358
232
333
126
24
344
324
179
331
0
183
297
18
378
392
84
395
68
193
167
333
73
25
19
344
236
231
21
272
224
392
79
344
235
382
333
179
246
55
179
18
242
392
24
344
324
332
14
127
224
140
36
303
333
231
333
324
7
233
270
163
395
127
18
25
120
75
344
296
163
392
192
344
53
392
377
393
192
344
36
53
163
372
26
359
333
215
258
107
7
339
107
179
163
392
282
30
258
107
339
107
366
299
344
226
52
324
68
356
132
324
68
38
392
192
358
392
98
225
392
385
221
36
24
392
52
0
55
0
188
130
122
12
242
3
344
254
185
332
372
385
392
144
225
392
26
235
333
392
203
24
242
392
203
221
163
225
372
57
367
344
274
395
25
163
225
372
137
180
220
236
68
179
287
127
50
163
225
189
358
232
333
126
24
344
324
179
331
0
183
297
18
378
392
84
395
68
193
167
333
73
25
19
344
236
231
21
272
224
392
79
344
235
382
333
179
246
55
179
18
242
392
24
344
324
332
14
127
224
140
36
303
333
231
333
324
7
233
270
163
395
127
18
25
120
75
344
296
163
392
192
344
53
392
377
393
192
344
36
53
163
372
26
359
333
215
258
107
7
339
107
179
163
392
282
30
258
107
339
107
366
299
344
226
52
324
68
356
132
324
68
332
14
127
224
140
36
303
333
231
333
324
7
233
270
163
395
127
18
25
120
75
344
296
163
392
192
344
53
392
377
393
192
344
36
53
163
372
26
359
333
215
258
107
7
339
107
179
163
392
282
30
258
107
339
107
366
299
344
226
52
324
68
356
132
324
68
344
296
163
392
192
344
53
392
377
393
192
344
36
53
163
372
26
359
333
215
258
107
7
339
107
179
163
392
282
30
258
107
339
107
366
299
344
226
52
324
68
356
132
324
68
339
107
179
163
392
282
30
258
107
339
107
366
299
344
226
52
324
68
356
132
324
68
99
