392
217
344
185
1
246
2
68
2
68
225
392
203
36
1
333
95
0
355
19
18
2
68
144
142
272
355
192
333
355
231
329
186
26
333
171
332
232
352
19
141
268
2
68
26
292
332
232
2
268
19
201
357
333
355
344
151
392
137
0
43
231
377
372
232
326
0
195
31
246
2
68
152
68
290
18
2
246
68
232
167
253
19
364
365
241
344
151
392
188
212
1
334
2
268
185
377
392
369
344
317
290
18
344
296
377
332
268
179
192
31
19
377
338
195
127
167
18
25
290
18
2
290
272
273
247
344
246
151
7
309
31
8
242
53
225
225
225
375
344
151
225
225
225
102
8
225
316
300
48
186
225
225
44
44
266
261
24
365
10
339
107
366
299
344
226
52
355
231
329
356
132
333
355
231
329
186
339
107
366
299
344
226
52
355
231
329
356
132
333
355
231
329
186
99
