91
144
372
185
321
146
52
50
180
221
248
395
274
339
132
333
382
167
332
321
146
248
127
0
383
220
377
395
167
372
149
305
127
392
395
177
344
246
364
111
19
317
112
386
321
180
342
344
201
333
213
231
333
342
392
149
332
149
88
386
50
180
15
168
137
0
310
386
333
68
7
267
246
321
364
301
26
333
240
344
98
183
332
364
111
253
33
225
31
333
253
179
0
73
25
282
127
358
68
19
355
372
385
286
305
98
19
302
305
176
158
111
56
18
166
344
333
25
19
158
338
26
77
167
0
286
267
364
317
195
333
7
289
33
225
31
339
179
395
59
344
296
377
18
25
195
192
19
158
25
26
286
372
385
28
333
7
127
0
355
286
25
19
384
179
242
7
296
392
167
333
337
301
385
151
264
392
127
333
68
7
267
231
392
374
151
392
341
253
19
138
392
307
176
246
249
7
156
344
296
392
336
303
90
17
96
231
352
7
68
7
351
321
301
397
355
231
62
266
261
351
333
73
19
25
392
277
339
107
38
392
149
170
132
333
355
231
62
242
392
235
0
330
332
392
375
172
167
277
170
132
68
339
107
366
299
344
226
52
333
355
231
62
356
132
333
355
231
62
33
225
31
333
253
179
0
73
25
282
127
358
68
19
355
372
385
286
305
98
19
302
305
176
158
111
56
18
166
344
333
25
19
158
338
26
77
167
0
286
267
364
317
195
333
7
289
33
225
31
339
179
395
59
344
296
377
18
25
195
192
19
158
25
26
286
372
385
28
333
7
127
0
355
286
25
19
384
179
242
7
296
392
167
333
337
301
385
151
264
392
127
333
68
7
267
231
392
374
151
392
341
253
19
138
392
307
176
246
249
7
156
344
296
392
336
303
90
17
96
231
352
7
68
7
351
321
301
397
355
231
62
266
261
351
333
73
19
25
392
277
339
107
38
392
149
170
132
333
355
231
62
242
392
235
0
330
332
392
375
172
167
277
170
132
68
339
107
366
299
344
226
52
333
355
231
62
356
132
333
355
231
62
333
253
179
0
73
25
282
127
358
68
19
355
372
385
286
305
98
19
302
305
176
158
111
56
18
166
344
333
25
19
158
338
26
77
167
0
286
267
364
317
195
333
7
289
33
225
31
339
179
395
59
344
296
377
18
25
195
192
19
158
25
26
286
372
385
28
333
7
127
0
355
286
25
19
384
179
242
7
296
392
167
333
337
301
385
151
264
392
127
333
68
7
267
231
392
374
151
392
341
253
19
138
392
307
176
246
249
7
156
344
296
392
336
303
90
17
96
231
352
7
68
7
351
321
301
397
355
231
62
266
261
351
333
73
19
25
392
277
339
107
38
392
149
170
132
333
355
231
62
242
392
235
0
330
332
392
375
172
167
277
170
132
68
339
107
366
299
344
226
52
333
355
231
62
356
132
333
355
231
62
289
33
225
31
339
179
395
59
344
296
377
18
25
195
192
19
158
25
26
286
372
385
28
333
7
127
0
355
286
25
19
384
179
242
7
296
392
167
333
337
301
385
151
264
392
127
333
68
7
267
231
392
374
151
392
341
253
19
138
392
307
176
246
249
7
156
344
296
392
336
303
90
17
96
231
352
7
68
7
351
321
301
397
355
231
62
266
261
351
333
73
19
25
392
277
339
107
38
392
149
170
132
333
355
231
62
242
392
235
0
330
332
392
375
172
167
277
170
132
68
339
107
366
299
344
226
52
333
355
231
62
356
132
333
355
231
62
339
179
395
59
344
296
377
18
25
195
192
19
158
25
26
286
372
385
28
333
7
127
0
355
286
25
19
384
179
242
7
296
392
167
333
337
301
385
151
264
392
127
333
68
7
267
231
392
374
151
392
341
253
19
138
392
307
176
246
249
7
156
344
296
392
336
303
90
17
96
231
352
7
68
7
351
321
301
397
355
231
62
266
261
351
333
73
19
25
392
277
339
107
38
392
149
170
132
333
355
231
62
242
392
235
0
330
332
392
375
172
167
277
170
132
68
339
107
366
299
344
226
52
333
355
231
62
356
132
333
355
231
62
351
333
73
19
25
392
277
339
107
38
392
149
170
132
333
355
231
62
242
392
235
0
330
332
392
375
172
167
277
170
132
68
339
107
366
299
344
226
52
333
355
231
62
356
132
333
355
231
62
99
