339
179
54
355
144
233
231
7
19
122
377
180
192
344
36
235
54
55
61
247
0
363
19
296
381
372
197
180
152
180
192
225
231
167
333
64
152
377
394
197
1
55
231
0
19
235
55
179
225
210
344
395
219
65
333
231
179
287
333
24
224
189
204
185
163
392
149
20
272
298
7
82
225
225
225
225
225
225
225
225
204
54
355
225
225
225
225
225
225
225
225
339
107
366
299
344
226
52
54
355
356
132
54
355
19
296
381
372
197
180
152
180
192
225
231
167
333
64
152
377
394
197
1
55
231
0
19
235
55
179
225
210
344
395
219
65
333
231
179
287
333
24
224
189
204
185
163
392
149
20
272
298
7
82
225
225
225
225
225
225
225
225
204
54
355
225
225
225
225
225
225
225
225
339
107
366
299
344
226
52
54
355
356
132
54
355
189
204
185
163
392
149
20
272
298
7
82
225
225
225
225
225
225
225
225
204
54
355
225
225
225
225
225
225
225
225
339
107
366
299
344
226
52
54
355
356
132
54
355
225
225
225
339
107
366
299
344
226
52
54
355
356
132
54
355
339
107
366
299
344
226
52
54
355
356
132
54
355
99
