144
395
19
204
19
28
344
158
333
231
395
314
385
332
381
192
344
177
392
344
395
219
31
333
355
231
24
344
386
395
392
25
287
224
139
346
24
316
103
23
347
24
316
22
136
25
304
378
392
24
394
326
9
231
220
25
120
378
392
24
52
223
225
291
220
282
330
294
241
163
393
263
392
203
15
24
359
333
73
22
139
346
24
316
73
23
347
24
316
22
136
344
337
25
9
372
77
25
378
77
127
7
31
246
106
146
0
354
76
386
333
64
231
332
38
387
104
200
316
149
333
240
344
24
334
244
167
333
127
333
201
0
95
31
179
0
268
167
382
246
316
334
235
332
333
307
217
231
386
19
333
268
146
333
194
231
202
167
341
333
94
19
231
12
19
244
183
246
180
246
155
19
375
0
119
332
151
236
161
109
392
344
326
333
219
313
167
39
0
206
231
333
119
19
319
395
392
25
139
346
24
316
103
23
347
24
316
22
136
242
333
73
22
139
346
24
316
73
23
347
24
316
22
136
345
144
303
139
270
161
57
367
344
296
392
31
333
355
231
306
378
395
152
36
323
344
52
19
365
246
249
384
246
386
333
74
19
333
355
72
344
300
19
110
139
316
295
300
231
333
68
45
163
393
221
277
107
132
333
355
231
189
358
185
189
358
