27
17
293
7
310
395
344
39
18
144
230
232
236
231
333
389
42
352
106
372
26
224
25
344
181
246
74
127
118
225
392
56
40
388
235
395
25
344
333
68
231
27
19
293
52
84
18
386
333
73
22
242
333
25
137
310
230
385
36
330
241
127
333
225
225
7
31
230
330
241
330
241
333
231
294
385
221
0
316
25
167
20
371
19
14
25
385
277
133
127
291
231
380
242
221
338
319
330
294
274
212
1
246
330
261
24
344
230
179
130
127
14
25
344
333
68
231
27
19
293
127
170
1
333
25
267
365
246
7
272
1
24
344
339
107
19
189
358
185
274
1
191
31
230
235
333
230
68
231
27
19
293
7
255
225
225
225
107
69
225
102
68
308
230
234
225
339
107
366
299
344
226
52
230
68
356
132
230
68
7
242
333
25
137
310
230
385
36
330
241
127
333
225
225
7
31
230
330
241
330
241
333
231
294
385
221
0
316
25
167
20
371
19
14
25
385
277
133
127
291
231
380
242
221
338
319
330
294
274
212
1
246
330
261
24
344
230
179
130
127
14
25
344
333
68
231
27
19
293
127
170
1
333
25
267
365
246
7
272
1
24
344
339
107
19
189
358
185
274
1
191
31
230
235
333
230
68
231
27
19
293
7
255
225
225
225
107
69
225
102
68
308
230
234
225
339
107
366
299
344
226
52
230
68
356
132
230
68
7
137
310
230
385
36
330
241
127
333
225
225
7
31
230
330
241
330
241
333
231
294
385
221
0
316
25
167
20
371
19
14
25
385
277
133
127
291
231
380
242
221
338
319
330
294
274
212
1
246
330
261
24
344
230
179
130
127
14
25
344
333
68
231
27
19
293
127
170
1
333
25
267
365
246
7
272
1
24
344
339
107
19
189
358
185
274
1
191
31
230
235
333
230
68
231
27
19
293
7
255
225
225
225
107
69
225
102
68
308
230
234
225
339
107
366
299
344
226
52
230
68
356
132
230
68
7
230
385
36
330
241
127
333
225
225
7
31
230
330
241
330
241
333
231
294
385
221
0
316
25
167
20
371
19
14
25
385
277
133
127
291
231
380
242
221
338
319
330
294
274
212
1
246
330
261
24
344
230
179
130
127
14
25
344
333
68
231
27
19
293
127
170
1
333
25
267
365
246
7
272
1
24
344
339
107
19
189
358
185
274
1
191
31
230
235
333
230
68
231
27
19
293
7
255
225
225
225
107
69
225
102
68
308
230
234
225
339
107
366
299
344
226
52
230
68
356
132
230
68
7
24
344
230
179
130
127
14
25
344
333
68
231
27
19
293
127
170
1
333
25
267
365
246
7
272
1
24
344
339
107
19
189
358
185
274
1
191
31
230
235
333
230
68
231
27
19
293
7
255
225
225
225
107
69
225
102
68
308
230
234
225
339
107
366
299
344
226
52
230
68
356
132
230
68
7
272
1
24
344
339
107
19
189
358
185
274
1
191
31
230
235
333
230
68
231
27
19
293
7
255
225
225
225
107
69
225
102
68
308
230
234
225
339
107
366
299
344
226
52
230
68
356
132
230
68
7
68
231
27
19
293
7
255
225
225
225
107
69
225
102
68
308
230
234
225
339
107
366
299
344
226
52
230
68
356
132
230
68
7
107
69
225
102
68
308
230
234
225
339
107
366
299
344
226
52
230
68
356
132
230
68
7
99
