91
144
161
340
36
333
256
127
392
344
395
161
109
392
344
396
28
0
316
31
19
344
326
333
124
313
52
319
395
297
25
139
346
24
316
103
23
347
24
316
22
136
386
263
312
395
0
263
378
392
3
395
297
25
139
346
24
316
103
23
347
24
316
22
136
394
332
395
344
9
332
201
24
0
111
282
291
0
7
92
241
330
294
163
392
263
344
24
386
333
73
22
139
346
24
316
73
23
347
24
316
22
136
394
277
14
333
9
163
392
26
359
333
73
22
183
167
19
344
395
193
231
292
139
346
24
316
73
23
347
24
316
22
136
31
392
56
310
395
58
341
246
7
268
52
284
0
167
236
231
141
242
268
383
392
395
93
180
14
252
231
158
151
392
253
395
106
161
195
129
344
286
395
297
25
139
346
24
316
103
23
347
24
316
22
136
242
73
22
139
346
24
316
73
23
347
24
316
22
136
306
303
139
270
386
225
174
225
231
382
26
174
355
232
235
188
333
332
385
138
392
18
167
333
389
319
395
297
25
139
346
24
316
103
23
347
24
316
22
136
242
73
22
139
346
24
316
73
23
347
24
316
22
136
345
139
316
295
300
231
333
68
45
163
393
221
277
107
132
355
189
358
185
189
358
