115
333
55
132
0
316
160
153
144
333
7
328
177
392
19
395
119
344
71
344
116
246
55
0
349
52
0
85
365
55
179
333
42
371
344
137
344
185
394
296
2
19
19
36
344
76
386
0
316
1
191
31
7
19
349
231
55
26
232
211
341
131
19
202
289
127
316
19
334
119
290
0
55
160
167
392
56
61
247
246
364
349
19
244
364
296
333
133
193
231
364
115
127
0
193
231
301
241
363
364
160
163
392
149
20
272
258
78
333
233
231
7
242
365
246
344
76
386
395
140
395
7
328
7
225
225
225
126
358
235
160
160
160
160
231
355
225
225
52
204
132
134
207
359
0
