395
219
313
144
233
231
7
19
122
144
333
389
179
304
44
336
304
344
188
19
146
392
386
304
202
172
202
316
71
344
54
1
377
338
369
344
317
19
141
167
391
386
0
232
19
0
378
392
72
344
54
332
56
36
395
314
246
179
94
127
316
384
26
394
149
333
344
326
0
231
172
59
26
65
385
395
93
152
377
392
56
392
40
65
394
205
386
395
253
2
394
0
290
332
385
151
392
205
395
395
26
173
127
334
26
31
54
38
338
197
352
316
113
83
385
29
44
272
1
158
333
24
344
395
375
1
167
14
56
392
296
396
152
144
304
56
372
24
224
298
7
82
225
225
225
225
225
225
225
225
54
355
225
225
225
225
225
225
225
225
339
107
366
299
344
226
52
54
355
356
132
54
355
298
7
82
225
225
225
225
225
225
225
225
54
355
225
225
225
225
225
225
225
225
339
107
366
299
344
226
52
54
355
356
132
54
355
225
225
225
339
107
366
299
344
226
52
54
355
356
132
54
355
339
107
366
299
344
226
52
54
355
356
132
54
355
99
