258
344
18
177
344
392
344
24
344
171
231
127
7
386
312
332
168
277
291
395
25
179
75
359
333
86
25
372
399
84
127
392
139
346
24
316
103
23
347
24
316
22
136
242
24
386
333
73
22
139
346
24
316
73
23
347
24
316
22
136
167
18
344
322
3
344
246
355
372
149
246
19
294
282
379
127
212
170
235
333
330
241
261
19
333
25
180
24
344
258
365
333
158
344
24
231
246
352
7
0
44
272
372
29
236
31
179
377
392
28
30
127
180
154
4
192
392
384
204
344
123
247
377
246
219
65
385
341
19
344
205
24
344
333
345
386
312
359
395
86
25
139
346
24
316
103
23
347
24
316
22
136
242
333
73
22
139
346
24
316
73
23
347
24
316
22
136
303
139
270
171
231
179
0
216
167
235
392
141
392
36
52
348
243
333
19
287
333
167
258
214
177
344
24
386
291
3
395
86
25
152
139
346
24
316
103
23
347
24
316
22
136
242
358
344
333
73
22
139
346
24
316
73
23
347
24
316
22
136
139
316
295
300
231
333
68
45
163
393
221
277
102
199
132
171
231
189
358
185
189
358
