188
212
1
355
355
233
231
7
316
188
231
333
110
167
300
188
201
18
167
333
74
204
225
144
26
392
172
167
201
18
235
395
74
225
383
15
0
106
163
304
274
300
188
179
252
231
333
355
225
167
372
232
225
300
188
65
104
391
337
83
385
326
392
247
231
333
19
176
246
74
344
389
14
383
68
200
225
225
9
231
339
240
344
28
0
113
131
386
153
0
31
292
167
338
274
19
388
235
244
6
338
15
19
84
27
300
188
146
204
344
28
333
231
300
188
19
231
332
161
203
221
149
188
1
399
225
225
144
163
392
369
300
188
344
36
252
231
395
68
115
161
109
392
344
181
246
199
193
225
374
392
212
235
333
240
367
127
392
152
303
96
231
352
7
270
392
56
356
225
132
246
107
355
233
231
7
19
316
320
355
225
225
225
225
76
386
358
225
225
225
225
392
26
277
339
107
38
392
149
167
344
246
107
193
18
106
330
242
283
242
341
246
171
399
288
356
225
225
