144
38
161
392
399
377
180
326
344
31
355
392
399
177
344
24
345
139
346
24
316
103
23
347
24
316
22
136
386
0
312
332
71
386
9
19
18
25
332
179
212
331
339
240
179
284
127
297
316
19
392
26
236
231
335
378
392
319
395
5
25
139
346
24
316
103
23
347
24
316
22
136
392
399
36
29
127
18
19
392
385
220
25
120
149
220
330
294
282
241
149
220
111
344
277
0
7
92
387
350
31
372
332
333
132
154
292
344
68
179
0
44
60
127
202
316
344
151
14
124
391
26
334
249
320
384
179
34
344
21
272
151
316
137
386
55
285
19
56
84
169
257
127
334
124
391
235
55
144
326
9
231
339
307
177
344
24
344
75
395
25
345
139
346
24
316
103
23
347
24
316
22
136
303
139
270
167
344
246
320
15
84
0
236
127
20
19
14
55
272
53
316
56
359
246
238
74
242
53
242
338
56
52
246
233
161
109
392
344
24
344
139
346
24
316
103
23
347
24
316
22
136
345
139
316
295
300
231
333
68
45
163
393
221
277
107
132
355
189
358
185
189
358
