88
235
182
225
179
0
142
365
240
127
392
344
116
280
345
127
88
235
182
225
144
392
19
395
26
177
344
32
88
68
235
182
225
179
306
88
179
0
142
365
112
379
394
349
246
55
116
18
2
19
19
150
132
246
117
316
191
19
122
12
281
116
386
395
119
242
0
19
123
395
125
152
66
152
344
188
212
19
280
127
246
88
188
212
1
246
365
241
31
233
231
7
225
225
339
107
366
299
344
226
52
68
7
356
132
112
31
68
68
235
182
225
179
306
88
179
0
142
365
112
379
394
349
246
55
116
18
2
19
19
150
132
246
117
316
191
19
122
12
281
116
386
395
119
242
0
19
123
395
125
152
66
152
344
188
212
19
280
127
246
88
188
212
1
246
365
241
31
233
231
7
225
225
339
107
366
299
344
226
52
68
7
356
132
112
31
68
188
212
1
246
365
241
31
233
231
7
225
225
339
107
366
299
344
226
52
68
7
356
132
112
31
68
233
231
7
225
225
339
107
366
299
344
226
52
68
7
356
132
112
31
68
99
