381
46
38
395
123
395
19
97
395
26
0
371
231
191
31
46
31
46
392
56
36
36
116
97
19
137
247
231
395
389
115
350
52
141
0
2
268
304
202
241
127
200
209
19
55
210
344
235
55
102
221
183
0
225
50
252
231
333
46
119
275
344
24
144
66
333
24
224
41
149
272
1
46
161
390
197
344
21
20
46
272
332
392
203
149
303
7
82
397
225
46
355
225
46
35
164
225
225
225
225
339
107
366
299
344
226
52
46
355
356
132
46
355
116
97
19
137
247
231
395
389
115
350
52
141
0
2
268
304
202
241
127
200
209
19
55
210
344
235
55
102
221
183
0
225
50
252
231
333
46
119
275
344
24
144
66
333
24
224
41
149
272
1
46
161
390
197
344
21
20
46
272
332
392
203
149
303
7
82
397
225
46
355
225
46
35
164
225
225
225
225
339
107
366
299
344
226
52
46
355
356
132
46
355
350
52
141
0
2
268
304
202
241
127
200
209
19
55
210
344
235
55
102
221
183
0
225
50
252
231
333
46
119
275
344
24
144
66
333
24
224
41
149
272
1
46
161
390
197
344
21
20
46
272
332
392
203
149
303
7
82
397
225
46
355
225
46
35
164
225
225
225
225
339
107
366
299
344
226
52
46
355
356
132
46
355
304
202
241
127
200
209
19
55
210
344
235
55
102
221
183
0
225
50
252
231
333
46
119
275
344
24
144
66
333
24
224
41
149
272
1
46
161
390
197
344
21
20
46
272
332
392
203
149
303
7
82
397
225
46
355
225
46
35
164
225
225
225
225
339
107
366
299
344
226
52
46
355
356
132
46
355
210
344
235
55
102
221
183
0
225
50
252
231
333
46
119
275
344
24
144
66
333
24
224
41
149
272
1
46
161
390
197
344
21
20
46
272
332
392
203
149
303
7
82
397
225
46
355
225
46
35
164
225
225
225
225
339
107
366
299
344
226
52
46
355
356
132
46
355
221
183
0
225
50
252
231
333
46
119
275
344
24
144
66
333
24
224
41
149
272
1
46
161
390
197
344
21
20
46
272
332
392
203
149
303
7
82
397
225
46
355
225
46
35
164
225
225
225
225
339
107
366
299
344
226
52
46
355
356
132
46
355
99
