144
163
392
369
344
317
123
127
242
127
19
167
395
74
198
146
268
332
385
264
392
386
307
19
235
188
240
344
151
392
395
127
0
58
167
333
163
392
369
344
388
235
333
231
0
58
167
390
36
127
392
198
262
268
392
344
75
262
127
292
19
137
332
385
201
392
333
213
262
264
127
333
231
292
332
385
344
0
58
167
151
132
242
19
30
335
344
334
242
262
127
316
344
39
246
262
392
344
200
167
31
198
383
15
326
333
262
83
217
127
292
394
137
19
264
332
167
198
36
344
292
31
331
333
216
262
192
262
316
235
333
262
26
344
292
31
331
392
56
200
167
31
198
383
75
333
262
127
292
19
277
322
300
332
385
201
392
333
213
244
268
31
198
262
293
262
262
262
262
30
262
262
271
262
247
372
149
231
244
241
332
375
344
302
386
392
344
151
392
86
395
2
115
326
0
364
55
349
339
107
366
299
344
226
52
198
356
132
196
311
355
163
392
369
344
388
235
333
231
0
58
167
390
36
127
392
198
262
268
392
344
75
262
127
292
19
137
332
385
201
392
333
213
262
264
127
333
231
292
332
385
344
0
58
167
151
132
242
19
30
335
344
334
242
262
127
316
344
39
246
262
392
344
200
167
31
198
383
15
326
333
262
83
217
127
292
394
137
19
264
332
167
198
36
344
292
31
331
333
216
262
192
262
316
235
333
262
26
344
292
31
331
392
56
200
167
31
198
383
75
333
262
127
292
19
277
322
300
332
385
201
392
333
213
244
268
31
198
262
293
262
262
262
262
30
262
262
271
262
247
372
149
231
244
241
332
375
344
302
386
392
344
151
392
86
395
2
115
326
0
364
55
349
339
107
366
299
344
226
52
198
356
132
196
311
355
163
392
369
344
388
235
333
231
0
58
167
390
36
127
392
198
262
268
392
344
75
262
127
292
19
137
332
385
201
392
333
213
262
264
127
333
231
292
332
385
344
0
58
167
151
132
242
19
30
335
344
334
242
262
127
316
344
39
246
262
392
344
200
167
31
198
383
15
326
333
262
83
217
127
292
394
137
19
264
332
167
198
36
344
292
31
331
333
216
262
192
262
316
235
333
262
26
344
292
31
331
392
56
200
167
31
198
383
75
333
262
127
292
19
277
322
300
332
385
201
392
333
213
244
268
31
198
262
293
262
262
262
262
30
262
262
271
262
247
372
149
231
244
241
332
375
344
302
386
392
344
151
392
86
395
2
115
326
0
364
55
349
339
107
366
299
344
226
52
198
356
132
196
311
355
264
127
333
231
292
332
385
344
0
58
167
151
132
242
19
30
335
344
334
242
262
127
316
344
39
246
262
392
344
200
167
31
198
383
15
326
333
262
83
217
127
292
394
137
19
264
332
167
198
36
344
292
31
331
333
216
262
192
262
316
235
333
262
26
344
292
31
331
392
56
200
167
31
198
383
75
333
262
127
292
19
277
322
300
332
385
201
392
333
213
244
268
31
198
262
293
262
262
262
262
30
262
262
271
262
247
372
149
231
244
241
332
375
344
302
386
392
344
151
392
86
395
2
115
326
0
364
55
349
339
107
366
299
344
226
52
198
356
132
196
311
355
127
316
344
39
246
262
392
344
200
167
31
198
383
15
326
333
262
83
217
127
292
394
137
19
264
332
167
198
36
344
292
31
331
333
216
262
192
262
316
235
333
262
26
344
292
31
331
392
56
200
167
31
198
383
75
333
262
127
292
19
277
322
300
332
385
201
392
333
213
244
268
31
198
262
293
262
262
262
262
30
262
262
271
262
247
372
149
231
244
241
332
375
344
302
386
392
344
151
392
86
395
2
115
326
0
364
55
349
339
107
366
299
344
226
52
198
356
132
196
311
355
192
262
316
235
333
262
26
344
292
31
331
392
56
200
167
31
198
383
75
333
262
127
292
19
277
322
300
332
385
201
392
333
213
244
268
31
198
262
293
262
262
262
262
30
262
262
271
262
247
372
149
231
244
241
332
375
344
302
386
392
344
151
392
86
395
2
115
326
0
364
55
349
339
107
366
299
344
226
52
198
356
132
196
311
355
262
262
262
262
30
262
262
271
262
247
372
149
231
244
241
332
375
344
302
386
392
344
151
392
86
395
2
115
326
0
364
55
349
339
107
366
299
344
226
52
198
356
132
196
311
355
262
262
262
30
262
262
271
262
247
372
149
231
244
241
332
375
344
302
386
392
344
151
392
86
395
2
115
326
0
364
55
349
339
107
366
299
344
226
52
198
356
132
196
311
355
262
262
30
262
262
271
262
247
372
149
231
244
241
332
375
344
302
386
392
344
151
392
86
395
2
115
326
0
364
55
349
339
107
366
299
344
226
52
198
356
132
196
311
355
262
30
262
262
271
262
247
372
149
231
244
241
332
375
344
302
386
392
344
151
392
86
395
2
115
326
0
364
55
349
339
107
366
299
344
226
52
198
356
132
196
311
355
262
262
271
262
247
372
149
231
244
241
332
375
344
302
386
392
344
151
392
86
395
2
115
326
0
364
55
349
339
107
366
299
344
226
52
198
356
132
196
311
355
262
271
262
247
372
149
231
244
241
332
375
344
302
386
392
344
151
392
86
395
2
115
326
0
364
55
349
339
107
366
299
344
226
52
198
356
132
196
311
355
262
247
372
149
231
244
241
332
375
344
302
386
392
344
151
392
86
395
2
115
326
0
364
55
349
339
107
366
299
344
226
52
198
356
132
196
311
355
247
372
149
231
244
241
332
375
344
302
386
392
344
151
392
86
395
2
115
326
0
364
55
349
339
107
366
299
344
226
52
198
356
132
196
311
355
339
107
366
299
344
226
52
198
356
132
196
311
355
99
