91
144
378
392
141
132
333
80
353
292
231
392
385
181
18
231
80
141
26
52
139
218
19
348
141
292
391
225
231
246
141
375
108
133
342
242
167
317
387
231
141
246
201
18
235
188
1
19
231
19
19
231
19
167
370
153
240
19
115
31
333
80
353
303
233
231
7
333
80
353
181
246
199
193
326
0
364
349
181
358
127
18
112
339
107
366
299
344
226
52
333
80
353
356
132
80
353
19
231
19
19
231
19
167
370
153
240
19
115
31
333
80
353
303
233
231
7
333
80
353
181
246
199
193
326
0
364
349
181
358
127
18
112
339
107
366
299
344
226
52
333
80
353
356
132
80
353
19
231
19
167
370
153
240
19
115
31
333
80
353
303
233
231
7
333
80
353
181
246
199
193
326
0
364
349
181
358
127
18
112
339
107
366
299
344
226
52
333
80
353
356
132
80
353
153
240
19
115
31
333
80
353
303
233
231
7
333
80
353
181
246
199
193
326
0
364
349
181
358
127
18
112
339
107
366
299
344
226
52
333
80
353
356
132
80
353
326
0
364
349
181
358
127
18
112
339
107
366
299
344
226
52
333
80
353
356
132
80
353
181
358
127
18
112
339
107
366
299
344
226
52
333
80
353
356
132
80
353
339
107
366
299
344
226
52
333
80
353
356
132
80
353
99
