167
19
212
233
231
7
19
122
316
113
236
146
0
314
377
395
144
163
395
179
183
28
166
344
392
28
137
18
106
372
340
54
56
36
0
252
231
395
314
326
333
219
313
167
395
385
36
252
231
395
54
314
144
132
333
371
392
317
241
123
167
113
132
344
344
19
392
333
332
71
132
395
146
0
371
231
333
363
231
0
19
395
363
231
0
167
146
385
302
231
395
363
231
139
380
179
392
341
357
167
333
242
392
235
395
134
275
344
76
1
333
231
293
337
26
183
305
231
333
371
394
36
344
386
116
333
231
333
19
137
344
185
212
104
391
372
57
367
127
392
344
181
358
144
298
7
82
225
225
225
225
225
225
225
225
204
54
355
225
225
225
225
225
225
225
225
339
107
366
299
344
226
52
54
355
356
132
54
355
167
395
385
36
252
231
395
54
314
144
132
333
371
392
317
241
123
167
113
132
344
344
19
392
333
332
71
132
395
146
0
371
231
333
363
231
0
19
395
363
231
0
167
146
385
302
231
395
363
231
139
380
179
392
341
357
167
333
242
392
235
395
134
275
344
76
1
333
231
293
337
26
183
305
231
333
371
394
36
344
386
116
333
231
333
19
137
344
185
212
104
391
372
57
367
127
392
344
181
358
144
298
7
82
225
225
225
225
225
225
225
225
204
54
355
225
225
225
225
225
225
225
225
339
107
366
299
344
226
52
54
355
356
132
54
355
225
225
225
339
107
366
299
344
226
52
54
355
356
132
54
355
339
107
366
299
344
226
52
54
355
356
132
54
355
99
