365
55
344
188
153
144
392
185
345
179
216
88
28
28
372
197
333
231
19
246
179
324
372
203
36
50
372
340
246
231
0
124
0
72
344
68
3
19
10
19
0
37
55
179
183
28
369
344
61
180
247
127
396
181
358
235
55
127
0
349
19
170
301
365
55
235
395
249
290
19
357
127
0
349
163
392
57
201
180
344
55
61
247
246
364
241
151
343
28
392
388
235
395
25
32
55
365
242
364
112
385
269
151
235
68
332
385
36
359
378
111
303
333
231
333
324
7
233
270
221
275
344
357
127
0
55
365
220
392
56
277
212
170
132
358
52
75
339
192
344
53
392
377
393
192
344
36
53
163
372
26
359
333
215
258
107
7
324
68
7
225
225
225
339
107
366
299
344
226
52
324
68
356
132
324
68
365
55
235
395
249
290
19
357
127
0
349
163
392
57
201
180
344
55
61
247
246
364
241
151
343
28
392
388
235
395
25
32
55
365
242
364
112
385
269
151
235
68
332
385
36
359
378
111
303
333
231
333
324
7
233
270
221
275
344
357
127
0
55
365
220
392
56
277
212
170
132
358
52
75
339
192
344
53
392
377
393
192
344
36
53
163
372
26
359
333
215
258
107
7
324
68
7
225
225
225
339
107
366
299
344
226
52
324
68
356
132
324
68
163
392
57
201
180
344
55
61
247
246
364
241
151
343
28
392
388
235
395
25
32
55
365
242
364
112
385
269
151
235
68
332
385
36
359
378
111
303
333
231
333
324
7
233
270
221
275
344
357
127
0
55
365
220
392
56
277
212
170
132
358
52
75
339
192
344
53
392
377
393
192
344
36
53
163
372
26
359
333
215
258
107
7
324
68
7
225
225
225
339
107
366
299
344
226
52
324
68
356
132
324
68
151
343
28
392
388
235
395
25
32
55
365
242
364
112
385
269
151
235
68
332
385
36
359
378
111
303
333
231
333
324
7
233
270
221
275
344
357
127
0
55
365
220
392
56
277
212
170
132
358
52
75
339
192
344
53
392
377
393
192
344
36
53
163
372
26
359
333
215
258
107
7
324
68
7
225
225
225
339
107
366
299
344
226
52
324
68
356
132
324
68
192
344
53
392
377
393
192
344
36
53
163
372
26
359
333
215
258
107
7
324
68
7
225
225
225
339
107
366
299
344
226
52
324
68
356
132
324
68
324
68
7
225
225
225
339
107
366
299
344
226
52
324
68
356
132
324
68
339
107
366
299
344
226
52
324
68
356
132
324
68
99
