59
344
280
127
184
198
144
184
198
246
213
239
157
115
127
316
179
280
345
344
115
14
332
198
56
232
392
280
224
184
198
211
33
225
225
198
55
392
385
116
246
37
55
205
85
316
386
389
117
19
137
343
127
333
7
19
122
12
224
344
201
180
262
146
224
239
127
246
184
198
235
289
33
225
36
236
231
333
124
316
280
52
66
152
344
284
395
345
339
107
366
299
344
226
52
198
356
132
196
311
355
246
213
239
157
115
127
316
179
280
345
344
115
14
332
198
56
232
392
280
224
184
198
211
33
225
225
198
55
392
385
116
246
37
55
205
85
316
386
389
117
19
137
343
127
333
7
19
122
12
224
344
201
180
262
146
224
239
127
246
184
198
235
289
33
225
36
236
231
333
124
316
280
52
66
152
344
284
395
345
339
107
366
299
344
226
52
198
356
132
196
311
355
127
316
179
280
345
344
115
14
332
198
56
232
392
280
224
184
198
211
33
225
225
198
55
392
385
116
246
37
55
205
85
316
386
389
117
19
137
343
127
333
7
19
122
12
224
344
201
180
262
146
224
239
127
246
184
198
235
289
33
225
36
236
231
333
124
316
280
52
66
152
344
284
395
345
339
107
366
299
344
226
52
198
356
132
196
311
355
344
115
14
332
198
56
232
392
280
224
184
198
211
33
225
225
198
55
392
385
116
246
37
55
205
85
316
386
389
117
19
137
343
127
333
7
19
122
12
224
344
201
180
262
146
224
239
127
246
184
198
235
289
33
225
36
236
231
333
124
316
280
52
66
152
344
284
395
345
339
107
366
299
344
226
52
198
356
132
196
311
355
184
198
211
33
225
225
198
55
392
385
116
246
37
55
205
85
316
386
389
117
19
137
343
127
333
7
19
122
12
224
344
201
180
262
146
224
239
127
246
184
198
235
289
33
225
36
236
231
333
124
316
280
52
66
152
344
284
395
345
339
107
366
299
344
226
52
198
356
132
196
311
355
211
33
225
225
198
55
392
385
116
246
37
55
205
85
316
386
389
117
19
137
343
127
333
7
19
122
12
224
344
201
180
262
146
224
239
127
246
184
198
235
289
33
225
36
236
231
333
124
316
280
52
66
152
344
284
395
345
339
107
366
299
344
226
52
198
356
132
196
311
355
344
201
180
262
146
224
239
127
246
184
198
235
289
33
225
36
236
231
333
124
316
280
52
66
152
344
284
395
345
339
107
366
299
344
226
52
198
356
132
196
311
355
36
236
231
333
124
316
280
52
66
152
344
284
395
345
339
107
366
299
344
226
52
198
356
132
196
311
355
339
107
366
299
344
226
52
198
356
132
196
311
355
99
