179
246
91
144
235
194
33
225
31
227
259
378
374
184
333
118
386
0
1
386
96
374
1
333
167
333
267
19
333
10
237
344
316
19
28
374
21
395
44
272
28
372
195
292
391
52
333
161
195
129
344
296
392
235
194
90
231
7
126
358
78
358
225
101
225
225
225
225
225
225
225
392
277
339
207
38
392
269
395
102
199
344
225
339
107
366
299
344
226
52
356
132
107
74
33
225
31
227
259
378
374
184
333
118
386
0
1
386
96
374
1
333
167
333
267
19
333
10
237
344
316
19
28
374
21
395
44
272
28
372
195
292
391
52
333
161
195
129
344
296
392
235
194
90
231
7
126
358
78
358
225
101
225
225
225
225
225
225
225
392
277
339
207
38
392
269
395
102
199
344
225
339
107
366
299
344
226
52
356
132
107
74
90
231
7
126
358
78
358
225
101
225
225
225
225
225
225
225
392
277
339
207
38
392
269
395
102
199
344
225
339
107
366
299
344
226
52
356
132
107
74
225
339
107
366
299
344
226
52
356
132
107
74
99
