370
339
362
132
245
344
97
212
1
339
74
19
333
332
392
31
246
355
0
256
379
392
56
149
180
14
31
333
355
231
183
384
372
26
180
377
372
98
370
339
362
132
245
344
97
212
1
339
74
19
333
332
392
31
246
355
0
256
379
392
56
149
180
14
370
362
372
0
7
267
382
168
2
110
111
19
231
278
152
26
305
151
372
26
0
330
241
171
304
316
98
221
217
344
319
18
242
294
344
36
344
245
242
277
0
291
77
0
294
344
83
19
344
291
240
372
15
294
382
36
372
359
127
7
19
291
92
19
385
344
330
167
225
194
235
355
245
7
19
225
225
225
225
225
225
333
355
231
179
18
240
171
225
225
225
225
225
225
333
355
231
179
18
240
171
339
107
366
299
344
226
52
245
7
356
132
333
355
231
372
0
7
267
382
168
2
110
111
19
231
278
152
26
305
151
372
26
0
330
241
171
304
316
98
221
217
344
319
18
242
294
344
36
344
245
242
277
0
291
77
0
294
344
83
19
344
291
240
372
15
294
382
36
372
359
127
7
19
291
92
19
385
344
330
167
225
194
235
355
245
7
19
225
225
225
225
225
225
333
355
231
179
18
240
171
225
225
225
225
225
225
333
355
231
179
18
240
171
339
107
366
299
344
226
52
245
7
356
132
333
355
231
382
168
2
110
111
19
231
278
152
26
305
151
372
26
0
330
241
171
304
316
98
221
217
344
319
18
242
294
344
36
344
245
242
277
0
291
77
0
294
344
83
19
344
291
240
372
15
294
382
36
372
359
127
7
19
291
92
19
385
344
330
167
225
194
235
355
245
7
19
225
225
225
225
225
225
333
355
231
179
18
240
171
225
225
225
225
225
225
333
355
231
179
18
240
171
339
107
366
299
344
226
52
245
7
356
132
333
355
231
171
304
316
98
221
217
344
319
18
242
294
344
36
344
245
242
277
0
291
77
0
294
344
83
19
344
291
240
372
15
294
382
36
372
359
127
7
19
291
92
19
385
344
330
167
225
194
235
355
245
7
19
225
225
225
225
225
225
333
355
231
179
18
240
171
225
225
225
225
225
225
333
355
231
179
18
240
171
339
107
366
299
344
226
52
245
7
356
132
333
355
231
99
