144
105
167
395
68
295
267
180
179
151
344
395
172
19
310
200
392
369
344
372
26
152
344
151
392
198
225
2
268
19
30
392
167
395
172
19
386
0
200
332
42
125
392
333
321
372
385
107
392
231
246
200
19
52
231
172
189
310
386
305
231
246
213
200
332
316
198
232
225
95
200
387
333
68
231
337
268
26
127
316
384
369
344
333
389
341
19
84
218
332
385
191
127
262
127
316
172
167
32
292
11
141
198
232
0
268
332
168
0
93
167
20
17
293
200
242
74
293
236
231
246
213
200
269
316
386
167
231
333
293
231
191
386
231
240
127
283
19
235
188
127
316
172
167
333
262
242
262
344
292
127
316
384
197
36
6
19
149
0
127
151
244
334
194
341
127
316
172
167
242
244
200
31
198
293
262
136
49
262
247
372
149
231
244
241
332
372
26
344
302
386
392
344
151
392
86
395
2
115
326
0
364
55
349
339
107
366
299
344
226
52
198
356
132
196
311
355
198
232
225
95
200
387
333
68
231
337
268
26
127
316
384
369
344
333
389
341
19
84
218
332
385
191
127
262
127
316
172
167
32
292
11
141
198
232
0
268
332
168
0
93
167
20
17
293
200
242
74
293
236
231
246
213
200
269
316
386
167
231
333
293
231
191
386
231
240
127
283
19
235
188
127
316
172
167
333
262
242
262
344
292
127
316
384
197
36
6
19
149
0
127
151
244
334
194
341
127
316
172
167
242
244
200
31
198
293
262
136
49
262
247
372
149
231
244
241
332
372
26
344
302
386
392
344
151
392
86
395
2
115
326
0
364
55
349
339
107
366
299
344
226
52
198
356
132
196
311
355
127
316
172
167
32
292
11
141
198
232
0
268
332
168
0
93
167
20
17
293
200
242
74
293
236
231
246
213
200
269
316
386
167
231
333
293
231
191
386
231
240
127
283
19
235
188
127
316
172
167
333
262
242
262
344
292
127
316
384
197
36
6
19
149
0
127
151
244
334
194
341
127
316
172
167
242
244
200
31
198
293
262
136
49
262
247
372
149
231
244
241
332
372
26
344
302
386
392
344
151
392
86
395
2
115
326
0
364
55
349
339
107
366
299
344
226
52
198
356
132
196
311
355
236
231
246
213
200
269
316
386
167
231
333
293
231
191
386
231
240
127
283
19
235
188
127
316
172
167
333
262
242
262
344
292
127
316
384
197
36
6
19
149
0
127
151
244
334
194
341
127
316
172
167
242
244
200
31
198
293
262
136
49
262
247
372
149
231
244
241
332
372
26
344
302
386
392
344
151
392
86
395
2
115
326
0
364
55
349
339
107
366
299
344
226
52
198
356
132
196
311
355
127
316
384
197
36
6
19
149
0
127
151
244
334
194
341
127
316
172
167
242
244
200
31
198
293
262
136
49
262
247
372
149
231
244
241
332
372
26
344
302
386
392
344
151
392
86
395
2
115
326
0
364
55
349
339
107
366
299
344
226
52
198
356
132
196
311
355
136
49
262
247
372
149
231
244
241
332
372
26
344
302
386
392
344
151
392
86
395
2
115
326
0
364
55
349
339
107
366
299
344
226
52
198
356
132
196
311
355
136
49
262
247
372
149
231
244
241
332
372
26
344
302
386
392
344
151
392
86
395
2
115
326
0
364
55
349
339
107
366
299
344
226
52
198
356
132
196
311
355
262
247
372
149
231
244
241
332
372
26
344
302
386
392
344
151
392
86
395
2
115
326
0
364
55
349
339
107
366
299
344
226
52
198
356
132
196
311
355
262
247
372
149
231
244
241
332
372
26
344
302
386
392
344
151
392
86
395
2
115
326
0
364
55
349
339
107
366
299
344
226
52
198
356
132
196
311
355
247
372
149
231
244
241
332
372
26
344
302
386
392
344
151
392
86
395
2
115
326
0
364
55
349
339
107
366
299
344
226
52
198
356
132
196
311
355
247
372
149
231
244
241
332
372
26
344
302
386
392
344
151
392
86
395
2
115
326
0
364
55
349
339
107
366
299
344
226
52
198
356
132
196
311
355
339
107
366
299
344
226
52
198
356
132
196
311
355
99
