91
144
214
19
172
167
77
392
127
7
344
355
161
109
392
344
319
395
25
287
139
346
24
316
244
23
347
24
316
22
136
395
312
28
0
25
385
395
25
139
346
24
316
244
23
347
24
316
22
136
394
149
18
7
92
387
225
231
246
277
395
322
395
25
120
19
77
392
127
246
348
291
375
15
330
241
382
392
98
221
149
344
319
18
242
294
344
36
77
127
7
189
137
310
126
339
344
24
224
139
346
24
316
244
23
347
24
316
22
136
167
74
392
221
237
132
212
331
225
2
268
50
15
132
384
26
72
344
269
392
386
0
167
113
93
19
113
65
248
333
83
231
227
88
385
264
392
127
0
231
36
332
113
88
144
258
214
253
177
344
24
344
345
139
346
24
316
244
23
347
24
316
22
136
0
225
231
25
167
225
19
202
19
372
57
367
344
77
392
167
333
219
303
139
139
316
295
300
231
333
68
45
163
393
221
277
107
132
333
355
189
358
185
189
358
