144
163
392
197
359
19
36
172
167
0
58
332
392
123
344
191
19
246
364
389
198
146
333
268
127
392
170
17
92
293
316
167
24
334
344
0
339
268
168
170
49
19
25
127
316
172
167
94
231
333
134
339
268
168
94
94
19
212
293
19
395
268
19
359
344
167
20
307
168
293
19
19
94
19
332
359
344
333
389
339
388
56
36
235
0
192
94
0
212
242
0
127
0
218
244
268
31
198
27
293
17
209
247
372
149
231
244
241
332
372
26
344
302
386
392
344
151
392
86
395
2
115
326
0
364
55
349
339
107
366
299
344
226
52
198
356
132
196
311
355
316
167
24
334
344
0
339
268
168
170
49
19
25
127
316
172
167
94
231
333
134
339
268
168
94
94
19
212
293
19
395
268
19
359
344
167
20
307
168
293
19
19
94
19
332
359
344
333
389
339
388
56
36
235
0
192
94
0
212
242
0
127
0
218
244
268
31
198
27
293
17
209
247
372
149
231
244
241
332
372
26
344
302
386
392
344
151
392
86
395
2
115
326
0
364
55
349
339
107
366
299
344
226
52
198
356
132
196
311
355
127
316
172
167
94
231
333
134
339
268
168
94
94
19
212
293
19
395
268
19
359
344
167
20
307
168
293
19
19
94
19
332
359
344
333
389
339
388
56
36
235
0
192
94
0
212
242
0
127
0
218
244
268
31
198
27
293
17
209
247
372
149
231
244
241
332
372
26
344
302
386
392
344
151
392
86
395
2
115
326
0
364
55
349
339
107
366
299
344
226
52
198
356
132
196
311
355
19
395
268
19
359
344
167
20
307
168
293
19
19
94
19
332
359
344
333
389
339
388
56
36
235
0
192
94
0
212
242
0
127
0
218
244
268
31
198
27
293
17
209
247
372
149
231
244
241
332
372
26
344
302
386
392
344
151
392
86
395
2
115
326
0
364
55
349
339
107
366
299
344
226
52
198
356
132
196
311
355
94
19
332
359
344
333
389
339
388
56
36
235
0
192
94
0
212
242
0
127
0
218
244
268
31
198
27
293
17
209
247
372
149
231
244
241
332
372
26
344
302
386
392
344
151
392
86
395
2
115
326
0
364
55
349
339
107
366
299
344
226
52
198
356
132
196
311
355
27
293
17
209
247
372
149
231
244
241
332
372
26
344
302
386
392
344
151
392
86
395
2
115
326
0
364
55
349
339
107
366
299
344
226
52
198
356
132
196
311
355
293
17
209
247
372
149
231
244
241
332
372
26
344
302
386
392
344
151
392
86
395
2
115
326
0
364
55
349
339
107
366
299
344
226
52
198
356
132
196
311
355
209
247
372
149
231
244
241
332
372
26
344
302
386
392
344
151
392
86
395
2
115
326
0
364
55
349
339
107
366
299
344
226
52
198
356
132
196
311
355
209
247
372
149
231
244
241
332
372
26
344
302
386
392
344
151
392
86
395
2
115
326
0
364
55
349
339
107
366
299
344
226
52
198
356
132
196
311
355
209
247
372
149
231
244
241
332
372
26
344
302
386
392
344
151
392
86
395
2
115
326
0
364
55
349
339
107
366
299
344
226
52
198
356
132
196
311
355
247
372
149
231
244
241
332
372
26
344
302
386
392
344
151
392
86
395
2
115
326
0
364
55
349
339
107
366
299
344
226
52
198
356
132
196
311
355
247
372
149
231
244
241
332
372
26
344
302
386
392
344
151
392
86
395
2
115
326
0
364
55
349
339
107
366
299
344
226
52
198
356
132
196
311
355
339
107
366
299
344
226
52
198
356
132
196
311
355
99
