28
52
384
185
333
42
371
344
137
0
121
127
191
31
100
179
344
150
132
333
384
317
388
19
194
152
344
138
392
0
265
231
377
395
100
115
36
192
61
247
183
28
0
95
339
285
179
0
371
127
392
344
3
0
231
316
314
52
333
316
132
36
235
55
344
333
354
231
2
80
106
19
283
246
26
114
344
302
334
68
115
386
392
392
56
15
137
18
195
31
100
132
246
7
26
52
206
231
333
100
74
132
0
231
95
19
372
177
392
344
363
19
151
1
344
55
333
7
267
354
240
127
19
0
265
231
191
235
55
19
254
132
384
185
180
42
28
392
77
39
0
206
231
333
100
74
372
340
394
274
337
314
386
14
231
333
114
240
34
113
146
0
354
314
344
398
377
385
395
36
7
365
55
78
358
100
355
352
7
225
315
254
225
228
339
107
366
299
344
226
52
100
355
356
132
100
355
183
28
0
95
339
285
179
0
371
127
392
344
3
0
231
316
314
52
333
316
132
36
235
55
344
333
354
231
2
80
106
19
283
246
26
114
344
302
334
68
115
386
392
392
56
15
137
18
195
31
100
132
246
7
26
52
206
231
333
100
74
132
0
231
95
19
372
177
392
344
363
19
151
1
344
55
333
7
267
354
240
127
19
0
265
231
191
235
55
19
254
132
384
185
180
42
28
392
77
39
0
206
231
333
100
74
372
340
394
274
337
314
386
14
231
333
114
240
34
113
146
0
354
314
344
398
377
385
395
36
7
365
55
78
358
100
355
352
7
225
315
254
225
228
339
107
366
299
344
226
52
100
355
356
132
100
355
344
333
354
231
2
80
106
19
283
246
26
114
344
302
334
68
115
386
392
392
56
15
137
18
195
31
100
132
246
7
26
52
206
231
333
100
74
132
0
231
95
19
372
177
392
344
363
19
151
1
344
55
333
7
267
354
240
127
19
0
265
231
191
235
55
19
254
132
384
185
180
42
28
392
77
39
0
206
231
333
100
74
372
340
394
274
337
314
386
14
231
333
114
240
34
113
146
0
354
314
344
398
377
385
395
36
7
365
55
78
358
100
355
352
7
225
315
254
225
228
339
107
366
299
344
226
52
100
355
356
132
100
355
246
26
114
344
302
334
68
115
386
392
392
56
15
137
18
195
31
100
132
246
7
26
52
206
231
333
100
74
132
0
231
95
19
372
177
392
344
363
19
151
1
344
55
333
7
267
354
240
127
19
0
265
231
191
235
55
19
254
132
384
185
180
42
28
392
77
39
0
206
231
333
100
74
372
340
394
274
337
314
386
14
231
333
114
240
34
113
146
0
354
314
344
398
377
385
395
36
7
365
55
78
358
100
355
352
7
225
315
254
225
228
339
107
366
299
344
226
52
100
355
356
132
100
355
26
52
206
231
333
100
74
132
0
231
95
19
372
177
392
344
363
19
151
1
344
55
333
7
267
354
240
127
19
0
265
231
191
235
55
19
254
132
384
185
180
42
28
392
77
39
0
206
231
333
100
74
372
340
394
274
337
314
386
14
231
333
114
240
34
113
146
0
354
314
344
398
377
385
395
36
7
365
55
78
358
100
355
352
7
225
315
254
225
228
339
107
366
299
344
226
52
100
355
356
132
100
355
333
7
267
354
240
127
19
0
265
231
191
235
55
19
254
132
384
185
180
42
28
392
77
39
0
206
231
333
100
74
372
340
394
274
337
314
386
14
231
333
114
240
34
113
146
0
354
314
344
398
377
385
395
36
7
365
55
78
358
100
355
352
7
225
315
254
225
228
339
107
366
299
344
226
52
100
355
356
132
100
355
19
0
265
231
191
235
55
19
254
132
384
185
180
42
28
392
77
39
0
206
231
333
100
74
372
340
394
274
337
314
386
14
231
333
114
240
34
113
146
0
354
314
344
398
377
385
395
36
7
365
55
78
358
100
355
352
7
225
315
254
225
228
339
107
366
299
344
226
52
100
355
356
132
100
355
365
55
78
358
100
355
352
7
225
315
254
225
228
339
107
366
299
344
226
52
100
355
356
132
100
355
78
358
100
355
352
7
225
315
254
225
228
339
107
366
299
344
226
52
100
355
356
132
100
355
100
355
352
7
225
315
254
225
228
339
107
366
299
344
226
52
100
355
356
132
100
355
99
