225
271
355
167
218
97
24
78
358
153
144
26
392
0
19
316
195
127
0
348
106
372
185
395
179
386
107
132
95
68
19
355
50
372
340
392
326
305
342
344
137
344
185
355
0
271
355
2
377
201
355
333
225
271
68
167
229
19
225
42
271
167
333
216
344
358
17
389
225
344
310
18
106
332
333
42
225
2
232
225
231
246
292
132
344
262
268
19
227
93
379
392
56
0
167
391
231
342
19
240
167
113
200
19
177
237
307
268
168
333
124
391
283
268
179
167
0
19
316
149
333
42
231
389
333
55
179
167
333
231
333
231
218
311
183
0
210
132
379
316
56
31
202
354
19
235
242
328
333
124
131
27
19
212
179
225
132
19
254
19
225
132
19
316
191
179
0
292
72
344
19
19
374
246
316
26
116
218
371
344
36
225
74
225
225
328
225
316
168
132
328
344
19
225
125
19
361
179
0
42
361
19
179
333
225
42
361
218
271
292
358
17
389
225
375
0
142
361
380
395
1
333
231
141
386
242
333
320
231
246
6
247
141
19
246
141
58
386
0
231
243
168
17
19
141
149
0
310
225
331
333
216
58
151
316
123
58
127
14
0
139
231
227
24
