27
17
293
7
144
150
180
132
333
111
278
330
122
12
336
0
332
176
24
344
68
50
375
152
344
151
201
180
181
230
7
309
127
0
231
339
321
332
385
42
127
395
68
295
19
25
267
246
219
301
179
182
225
31
227
259
24
176
333
25
19
286
267
377
333
95
105
5
105
92
19
92
384
161
29
344
0
231
278
127
204
161
214
294
181
358
344
150
1
337
19
212
28
374
28
0
235
158
344
359
395
25
344
396
344
18
7
167
333
42
371
280
224
339
179
236
231
0
252
321
363
333
133
112
19
280
127
244
301
235
246
364
110
250
274
1
191
31
230
235
333
230
68
231
27
19
293
7
255
225
225
225
107
69
225
102
68
308
230
234
225
339
107
366
299
344
226
52
230
68
356
132
230
68
7
339
179
236
231
0
252
321
363
333
133
112
19
280
127
244
301
235
246
364
110
250
274
1
191
31
230
235
333
230
68
231
27
19
293
7
255
225
225
225
107
69
225
102
68
308
230
234
225
339
107
366
299
344
226
52
230
68
356
132
230
68
7
274
1
191
31
230
235
333
230
68
231
27
19
293
7
255
225
225
225
107
69
225
102
68
308
230
234
225
339
107
366
299
344
226
52
230
68
356
132
230
68
7
68
231
27
19
293
7
255
225
225
225
107
69
225
102
68
308
230
234
225
339
107
366
299
344
226
52
230
68
356
132
230
68
7
107
69
225
102
68
308
230
234
225
339
107
366
299
344
226
52
230
68
356
132
230
68
7
99
