25
127
118
225
144
333
73
25
179
239
19
224
179
333
342
344
319
395
130
25
344
333
231
0
218
292
391
40
344
68
344
395
214
68
193
167
395
73
22
66
152
221
257
344
24
341
333
73
22
365
344
75
246
25
345
372
195
129
344
286
395
25
306
144
19
57
367
344
137
344
185
392
212
395
68
267
273
247
31
20
342
163
372
56
36
231
151
167
395
219
313
392
56
76
386
395
7
281
52
344
339
107
339
107
366
299
344
226
52
68
356
132
68
225
68
164
225
179
239
19
224
179
333
342
344
319
395
130
25
344
333
231
0
218
292
391
40
344
68
344
395
214
68
193
167
395
73
22
66
152
221
257
344
24
341
333
73
22
365
344
75
246
25
345
372
195
129
344
286
395
25
306
144
19
57
367
344
137
344
185
392
212
395
68
267
273
247
31
20
342
163
372
56
36
231
151
167
395
219
313
392
56
76
386
395
7
281
52
344
339
107
339
107
366
299
344
226
52
68
356
132
68
225
68
164
225
221
257
344
24
341
333
73
22
365
344
75
246
25
345
372
195
129
344
286
395
25
306
144
19
57
367
344
137
344
185
392
212
395
68
267
273
247
31
20
342
163
372
56
36
231
151
167
395
219
313
392
56
76
386
395
7
281
52
344
339
107
339
107
366
299
344
226
52
68
356
132
68
225
68
164
225
99
