339
385
21
0
231
272
91
144
396
19
395
272
344
246
219
235
33
225
7
19
122
12
173
19
358
316
104
149
0
127
395
217
339
179
18
371
344
150
68
25
132
68
7
82
358
316
173
316
337
130
151
316
19
243
378
340
1
24
344
68
372
156
344
296
392
336
42
225
96
231
7
7
225
35
308
225
225
225
225
225
339
107
366
299
344
226
52
68
356
132
68
235
33
225
7
19
122
12
173
19
358
316
104
149
0
127
395
217
339
179
18
371
344
150
68
25
132
68
7
82
358
316
173
316
337
130
151
316
19
243
378
340
1
24
344
68
372
156
344
296
392
336
42
225
96
231
7
7
225
35
308
225
225
225
225
225
339
107
366
299
344
226
52
68
356
132
68
173
316
337
130
151
316
19
243
378
340
1
24
344
68
372
156
344
296
392
336
42
225
96
231
7
7
225
35
308
225
225
225
225
225
339
107
366
299
344
226
52
68
356
132
68
337
130
151
316
19
243
378
340
1
24
344
68
372
156
344
296
392
336
42
225
96
231
7
7
225
35
308
225
225
225
225
225
339
107
366
299
344
226
52
68
356
132
68
99
