380
392
26
172
167
135
287
242
19
167
333
81
292
385
269
0
127
392
344
337
19
244
341
0
19
316
221
237
116
337
19
244
50
15
188
19
282
344
335
167
74
19
333
389
231
333
316
19
167
242
74
52
243
192
81
173
333
19
333
81
243
127
5
188
212
1
246
354
83
58
240
19
371
344
76
386
358
52
370
246
170
362
352
7
233
81
355
229
225
225
225
339
107
366
299
344
226
52
81
292
352
7
356
132
292
231
19
316
221
237
116
337
19
244
50
15
188
19
282
344
335
167
74
19
333
389
231
333
316
19
167
242
74
52
243
192
81
173
333
19
333
81
243
127
5
188
212
1
246
354
83
58
240
19
371
344
76
386
358
52
370
246
170
362
352
7
233
81
355
229
225
225
225
339
107
366
299
344
226
52
81
292
352
7
356
132
292
231
19
19
333
81
243
127
5
188
212
1
246
354
83
58
240
19
371
344
76
386
358
52
370
246
170
362
352
7
233
81
355
229
225
225
225
339
107
366
299
344
226
52
81
292
352
7
356
132
292
231
19
352
7
233
81
355
229
225
225
225
339
107
366
299
344
226
52
81
292
352
7
356
132
292
231
19
339
107
366
299
344
226
52
81
292
352
7
356
132
292
231
19
99
