91
132
0
338
132
350
95
389
167
332
0
192
333
237
371
344
60
333
312
368
128
355
0
227
352
330
241
190
27
292
167
386
18
227
316
117
225
200
19
225
209
19
0
225
19
141
292
339
231
333
190
27
344
138
344
218
127
269
316
19
117
386
240
344
188
19
25
158
180
388
392
29
374
339
326
333
231
0
231
0
341
333
231
135
19
317
19
293
242
180
36
386
127
0
242
18
167
65
231
0
132
0
344
269
19
127
18
83
180
1
333
42
231
350
389
19
333
231
333
190
27
344
4
296
127
396
163
392
258
181
358
127
246
194
364
170
301
368
19
90
372
109
392
344
126
246
344
188
212
1
240
31
368
128
372
195
129
344
188
158
392
333
190
27
176
218
256
127
368
128
355
339
107
366
299
344
226
52
368
128
355
7
356
132
368
128
355
0
227
352
330
241
190
27
292
167
386
18
227
316
117
225
200
19
225
209
19
0
225
19
141
292
339
231
333
190
27
344
138
344
218
127
269
316
19
117
386
240
344
188
19
25
158
180
388
392
29
374
339
326
333
231
0
231
0
341
333
231
135
19
317
19
293
242
180
36
386
127
0
242
18
167
65
231
0
132
0
344
269
19
127
18
83
180
1
333
42
231
350
389
19
333
231
333
190
27
344
4
296
127
396
163
392
258
181
358
127
246
194
364
170
301
368
19
90
372
109
392
344
126
246
344
188
212
1
240
31
368
128
372
195
129
344
188
158
392
333
190
27
176
218
256
127
368
128
355
339
107
366
299
344
226
52
368
128
355
7
356
132
368
128
355
163
392
258
181
358
127
246
194
364
170
301
368
19
90
372
109
392
344
126
246
344
188
212
1
240
31
368
128
372
195
129
344
188
158
392
333
190
27
176
218
256
127
368
128
355
339
107
366
299
344
226
52
368
128
355
7
356
132
368
128
355
19
90
372
109
392
344
126
246
344
188
212
1
240
31
368
128
372
195
129
344
188
158
392
333
190
27
176
218
256
127
368
128
355
339
107
366
299
344
226
52
368
128
355
7
356
132
368
128
355
372
109
392
344
126
246
344
188
212
1
240
31
368
128
372
195
129
344
188
158
392
333
190
27
176
218
256
127
368
128
355
339
107
366
299
344
226
52
368
128
355
7
356
132
368
128
355
99
