307
365
268
235
182
225
19
33
225
27
17
293
7
116
230
55
144
230
321
365
88
385
326
256
235
182
225
19
33
225
188
212
1
230
52
326
0
55
349
32
307
301
19
205
85
316
19
117
372
156
344
296
392
336
321
365
88
163
392
57
201
180
127
236
231
337
365
88
333
230
7
233
385
36
239
211
341
131
19
297
289
333
321
116
246
167
253
55
365
250
127
212
19
344
280
127
0
365
274
1
191
31
230
235
333
230
68
231
27
19
293
7
255
225
225
225
107
69
225
102
68
308
230
234
225
339
107
366
299
344
226
52
230
68
356
132
230
68
7
19
33
225
188
212
1
230
52
326
0
55
349
32
307
301
19
205
85
316
19
117
372
156
344
296
392
336
321
365
88
163
392
57
201
180
127
236
231
337
365
88
333
230
7
233
385
36
239
211
341
131
19
297
289
333
321
116
246
167
253
55
365
250
127
212
19
344
280
127
0
365
274
1
191
31
230
235
333
230
68
231
27
19
293
7
255
225
225
225
107
69
225
102
68
308
230
234
225
339
107
366
299
344
226
52
230
68
356
132
230
68
7
188
212
1
230
52
326
0
55
349
32
307
301
19
205
85
316
19
117
372
156
344
296
392
336
321
365
88
163
392
57
201
180
127
236
231
337
365
88
333
230
7
233
385
36
239
211
341
131
19
297
289
333
321
116
246
167
253
55
365
250
127
212
19
344
280
127
0
365
274
1
191
31
230
235
333
230
68
231
27
19
293
7
255
225
225
225
107
69
225
102
68
308
230
234
225
339
107
366
299
344
226
52
230
68
356
132
230
68
7
163
392
57
201
180
127
236
231
337
365
88
333
230
7
233
385
36
239
211
341
131
19
297
289
333
321
116
246
167
253
55
365
250
127
212
19
344
280
127
0
365
274
1
191
31
230
235
333
230
68
231
27
19
293
7
255
225
225
225
107
69
225
102
68
308
230
234
225
339
107
366
299
344
226
52
230
68
356
132
230
68
7
127
212
19
344
280
127
0
365
274
1
191
31
230
235
333
230
68
231
27
19
293
7
255
225
225
225
107
69
225
102
68
308
230
234
225
339
107
366
299
344
226
52
230
68
356
132
230
68
7
68
231
27
19
293
7
255
225
225
225
107
69
225
102
68
308
230
234
225
339
107
366
299
344
226
52
230
68
356
132
230
68
7
107
69
225
102
68
308
230
234
225
339
107
366
299
344
226
52
230
68
356
132
230
68
7
99
