285
344
392
91
144
392
36
29
396
377
98
161
217
344
185
1
333
7
267
31
81
152
26
344
98
28
392
264
344
24
225
188
377
81
195
127
167
333
25
267
225
332
372
149
333
282
341
225
225
286
246
7
282
19
25
225
61
247
246
364
365
250
344
115
81
225
29
272
246
250
19
7
281
56
151
372
195
129
344
36
0
285
127
392
395
68
295
267
42
81
355
352
7
352
7
233
81
355
229
225
225
225
339
107
366
299
344
226
52
81
355
7
356
132
81
355
167
333
25
267
225
332
372
149
333
282
341
225
225
286
246
7
282
19
25
225
61
247
246
364
365
250
344
115
81
225
29
272
246
250
19
7
281
56
151
372
195
129
344
36
0
285
127
392
395
68
295
267
42
81
355
352
7
352
7
233
81
355
229
225
225
225
339
107
366
299
344
226
52
81
355
7
356
132
81
355
341
225
225
286
246
7
282
19
25
225
61
247
246
364
365
250
344
115
81
225
29
272
246
250
19
7
281
56
151
372
195
129
344
36
0
285
127
392
395
68
295
267
42
81
355
352
7
352
7
233
81
355
229
225
225
225
339
107
366
299
344
226
52
81
355
7
356
132
81
355
19
25
225
61
247
246
364
365
250
344
115
81
225
29
272
246
250
19
7
281
56
151
372
195
129
344
36
0
285
127
392
395
68
295
267
42
81
355
352
7
352
7
233
81
355
229
225
225
225
339
107
366
299
344
226
52
81
355
7
356
132
81
355
225
61
247
246
364
365
250
344
115
81
225
29
272
246
250
19
7
281
56
151
372
195
129
344
36
0
285
127
392
395
68
295
267
42
81
355
352
7
352
7
233
81
355
229
225
225
225
339
107
366
299
344
226
52
81
355
7
356
132
81
355
56
151
372
195
129
344
36
0
285
127
392
395
68
295
267
42
81
355
352
7
352
7
233
81
355
229
225
225
225
339
107
366
299
344
226
52
81
355
7
356
132
81
355
99
