115
212
331
225
391
231
161
369
344
177
392
19
395
119
344
365
358
235
55
246
55
179
167
37
19
75
386
311
231
333
27
28
246
19
246
2
147
344
151
392
273
395
133
242
116
246
364
349
336
26
349
241
127
392
344
63
132
380
392
399
172
167
246
55
246
242
246
268
242
14
395
116
161
156
392
399
77
377
180
390
36
192
344
36
0
260
56
392
296
396
152
180
121
287
98
392
369
344
36
0
167
392
63
161
156
344
296
392
235
55
306
139
7
233
275
344
24
144
24
224
139
346
24
316
103
23
347
24
316
22
136
386
248
350
391
231
392
123
0
260
115
188
212
372
192
344
113
316
179
18
386
241
132
328
344
188
212
26
176
341
235
115
167
246
311
231
333
27
283
188
212
311
225
260
229
225
139
316
295
300
231
333
68
45
163
392
220
344
277
107
132
333
311
66
152
66
