27
17
293
7
296
158
7
82
274
18
25
144
230
7
309
149
0
231
339
321
332
42
127
395
68
295
19
25
267
246
301
179
33
225
31
227
259
97
333
25
286
267
377
11
392
319
313
176
333
231
18
7
82
344
123
247
167
339
301
374
274
25
334
19
19
382
344
242
158
82
274
19
201
92
56
151
28
392
395
25
280
224
270
172
167
150
1
230
132
0
85
316
71
344
333
230
68
250
339
131
31
227
259
342
127
0
301
386
18
274
1
191
31
230
235
333
230
68
231
27
19
293
7
255
225
225
225
107
69
225
102
68
308
230
234
225
339
107
366
299
344
226
52
230
68
356
132
230
68
7
270
172
167
150
1
230
132
0
85
316
71
344
333
230
68
250
339
131
31
227
259
342
127
0
301
386
18
274
1
191
31
230
235
333
230
68
231
27
19
293
7
255
225
225
225
107
69
225
102
68
308
230
234
225
339
107
366
299
344
226
52
230
68
356
132
230
68
7
68
231
27
19
293
7
255
225
225
225
107
69
225
102
68
308
230
234
225
339
107
366
299
344
226
52
230
68
356
132
230
68
7
107
69
225
102
68
308
230
234
225
339
107
366
299
344
226
52
230
68
356
132
230
68
7
99
