239
339
107
344
188
158
68
149
344
36
144
372
185
236
231
333
395
68
92
179
10
372
201
68
3
52
232
291
127
167
311
247
231
311
19
173
316
113
316
179
15
0
236
82
333
338
235
55
344
151
247
122
12
236
385
151
392
201
122
92
383
235
348
383
338
392
122
246
348
173
117
385
264
392
127
191
11
141
236
291
34
344
392
61
247
333
291
34
344
316
123
127
258
332
246
291
26
286
19
203
60
127
134
2
391
122
12
316
31
26
127
311
19
171
122
12
333
124
313
167
24
127
388
317
217
291
19
316
179
344
75
333
130
25
127
316
12
31
333
179
282
104
391
127
19
311
333
239
235
225
24
28
105
28
38
305
26
188
212
272
149
212
272
1
333
7
267
242
291
273
247
344
246
151
7
309
31
8
242
53
225
225
225
375
344
151
225
225
225
102
8
225
316
300
48
186
225
225
44
44
266
261
24
365
10
339
107
366
299
344
226
52
355
231
329
356
132
333
355
231
329
186
333
179
282
104
391
127
19
311
333
239
235
225
24
28
105
28
38
305
26
188
212
272
149
212
272
1
333
7
267
242
291
273
247
344
246
151
7
309
31
8
242
53
225
225
225
375
344
151
225
225
225
102
8
225
316
300
48
186
225
225
44
44
266
261
24
365
10
339
107
366
299
344
226
52
355
231
329
356
132
333
355
231
329
186
339
107
366
299
344
226
52
355
231
329
356
132
333
355
231
329
186
99
