333
73
22
179
239
355
333
225
225
73
22
179
224
239
180
342
144
392
26
224
344
24
344
359
333
73
22
137
310
392
24
246
7
82
369
344
302
305
343
1
75
395
25
344
167
344
263
248
107
163
392
167
392
56
386
395
7
82
333
7
267
359
0
253
107
392
385
61
292
107
332
167
242
242
74
132
355
395
172
167
286
395
253
170
319
395
25
167
395
7
267
19
395
253
170
179
61
89
19
244
355
149
95
25
89
286
292
7
250
19
257
231
89
333
7
82
167
333
233
231
352
7
31
355
26
275
344
21
20
272
392
149
395
68
295
392
56
273
358
31
225
225
225
242
277
395
215
132
333
68
45
316
295
300
242
339
107
366
299
344
226
52
355
356
132
352
170
193
392
24
246
7
82
369
344
302
305
343
1
75
395
25
344
167
344
263
248
107
163
392
167
392
56
386
395
7
82
333
7
267
359
0
253
107
392
385
61
292
107
332
167
242
242
74
132
355
395
172
167
286
395
253
170
319
395
25
167
395
7
267
19
395
253
170
179
61
89
19
244
355
149
95
25
89
286
292
7
250
19
257
231
89
333
7
82
167
333
233
231
352
7
31
355
26
275
344
21
20
272
392
149
395
68
295
392
56
273
358
31
225
225
225
242
277
395
215
132
333
68
45
316
295
300
242
339
107
366
299
344
226
52
355
356
132
352
170
193
392
56
386
395
7
82
333
7
267
359
0
253
107
392
385
61
292
107
332
167
242
242
74
132
355
395
172
167
286
395
253
170
319
395
25
167
395
7
267
19
395
253
170
179
61
89
19
244
355
149
95
25
89
286
292
7
250
19
257
231
89
333
7
82
167
333
233
231
352
7
31
355
26
275
344
21
20
272
392
149
395
68
295
392
56
273
358
31
225
225
225
242
277
395
215
132
333
68
45
316
295
300
242
339
107
366
299
344
226
52
355
356
132
352
170
193
19
244
355
149
95
25
89
286
292
7
250
19
257
231
89
333
7
82
167
333
233
231
352
7
31
355
26
275
344
21
20
272
392
149
395
68
295
392
56
273
358
31
225
225
225
242
277
395
215
132
333
68
45
316
295
300
242
339
107
366
299
344
226
52
355
356
132
352
170
193
99
