67
25
127
7
179
224
34
246
25
179
194
91
144
235
225
67
25
127
7
239
127
316
257
344
167
333
118
231
225
85
25
56
36
319
341
333
73
22
242
333
25
316
56
15
24
341
333
235
40
339
25
89
105
92
161
223
225
225
105
92
19
92
225
225
67
179
72
344
18
25
115
127
14
316
333
25
267
168
282
28
374
28
241
332
138
316
333
344
63
158
334
169
26
42
281
241
25
333
231
19
294
179
241
127
14
25
341
225
378
316
63
344
319
330
294
339
170
269
344
334
4
378
316
63
221
344
319
330
294
333
233
231
7
385
4
341
333
244
231
333
25
316
385
36
31
220
163
338
63
221
344
319
330
294
272
67
232
25
18
240
344
344
334
25
341
333
231
241
25
56
63
344
344
20
242
14
231
333
111
382
385
36
34
167
334
67
25
11
334
25
146
277
19
267
52
246
233
333
203
36
265
235
333
25
31
18
166
1
205
333
217
231
246
25
28
392
264
344
388
235
395
25
20
316
0
282
25
242
205
18
25
89
28
0
231
225
242
244
78
333
233
231
7
31
242
225
225
225
344
337
19
241
339
107
366
299
344
226
52
67
355
356
132
67
355
242
333
25
316
56
15
24
341
333
235
40
339
25
89
105
92
161
223
225
225
105
92
19
92
225
225
67
179
72
344
18
25
115
127
14
316
333
25
267
168
282
28
374
28
241
332
138
316
333
344
63
158
334
169
26
42
281
241
25
333
231
19
294
179
241
127
14
25
341
225
378
316
63
344
319
330
294
339
170
269
344
334
4
378
316
63
221
344
319
330
294
333
233
231
7
385
4
341
333
244
231
333
25
316
385
36
31
220
163
338
63
221
344
319
330
294
272
67
232
25
18
240
344
344
334
25
341
333
231
241
25
56
63
344
344
20
242
14
231
333
111
382
385
36
34
167
334
67
25
11
334
25
146
277
19
267
52
246
233
333
203
36
265
235
333
25
31
18
166
1
205
333
217
231
246
25
28
392
264
344
388
235
395
25
20
316
0
282
25
242
205
18
25
89
28
0
231
225
242
244
78
333
233
231
7
31
242
225
225
225
344
337
19
241
339
107
366
299
344
226
52
67
355
356
132
67
355
40
339
25
89
105
92
161
223
225
225
105
92
19
92
225
225
67
179
72
344
18
25
115
127
14
316
333
25
267
168
282
28
374
28
241
332
138
316
333
344
63
158
334
169
26
42
281
241
25
333
231
19
294
179
241
127
14
25
341
225
378
316
63
344
319
330
294
339
170
269
344
334
4
378
316
63
221
344
319
330
294
333
233
231
7
385
4
341
333
244
231
333
25
316
385
36
31
220
163
338
63
221
344
319
330
294
272
67
232
25
18
240
344
344
334
25
341
333
231
241
25
56
63
344
344
20
242
14
231
333
111
382
385
36
34
167
334
67
25
11
334
25
146
277
19
267
52
246
233
333
203
36
265
235
333
25
31
18
166
1
205
333
217
231
246
25
28
392
264
344
388
235
395
25
20
316
0
282
25
242
205
18
25
89
28
0
231
225
242
244
78
333
233
231
7
31
242
225
225
225
344
337
19
241
339
107
366
299
344
226
52
67
355
356
132
67
355
28
374
28
241
332
138
316
333
344
63
158
334
169
26
42
281
241
25
333
231
19
294
179
241
127
14
25
341
225
378
316
63
344
319
330
294
339
170
269
344
334
4
378
316
63
221
344
319
330
294
333
233
231
7
385
4
341
333
244
231
333
25
316
385
36
31
220
163
338
63
221
344
319
330
294
272
67
232
25
18
240
344
344
334
25
341
333
231
241
25
56
63
344
344
20
242
14
231
333
111
382
385
36
34
167
334
67
25
11
334
25
146
277
19
267
52
246
233
333
203
36
265
235
333
25
31
18
166
1
205
333
217
231
246
25
28
392
264
344
388
235
395
25
20
316
0
282
25
242
205
18
25
89
28
0
231
225
242
244
78
333
233
231
7
31
242
225
225
225
344
337
19
241
339
107
366
299
344
226
52
67
355
356
132
67
355
18
166
1
205
333
217
231
246
25
28
392
264
344
388
235
395
25
20
316
0
282
25
242
205
18
25
89
28
0
231
225
242
244
78
333
233
231
7
31
242
225
225
225
344
337
19
241
339
107
366
299
344
226
52
67
355
356
132
67
355
99
