189
358
185
144
325
65
327
65
318
13
363
339
107
167
395
325
65
327
65
325
65
327
65
318
327
65
318
7
327
325
327
65
318
13
327
65
325
65
327
65
318
13
144
158
98
392
369
344
395
68
106
28
0
389
283
355
178
232
333
2
240
19
285
344
395
320
246
248
225
231
317
344
84
0
231
200
209
19
344
395
172
332
19
231
115
179
236
276
149
0
225
167
242
141
292
387
231
141
141
149
310
58
386
225
292
19
244
149
79
334
106
31
305
231
333
42
141
268
167
333
389
188
212
1
158
392
56
36
0
280
127
0
55
365
345
140
233
231
355
231
178
327
65
325
65
327
65
318
13
365
55
327
65
325
65
327
65
318
13
327
65
325
65
327
65
318
13
327
65
325
65
327
65
318
13
233
231
7
225
54
147
178
64
162
225
225
356
129
339
207
327
65
318
13
363
339
107
167
395
327
65
318
13
363
339
107
167
395
327
65
318
13
363
339
107
167
395
327
65
318
13
363
339
107
167
395
327
65
318
13
363
339
107
167
395
363
339
107
167
395
363
339
107
167
395
363
339
107
167
395
363
339
107
167
395
363
339
107
167
395
363
339
107
167
395
325
65
327
65
325
65
327
65
318
327
65
318
7
327
325
327
65
318
13
327
65
325
65
327
65
318
13
144
158
98
392
369
344
395
68
106
28
0
389
283
355
178
232
333
2
240
19
285
344
395
320
246
248
225
231
317
344
84
0
231
200
209
19
344
395
172
332
19
231
115
179
236
276
149
0
225
167
242
141
292
387
231
141
141
149
310
58
386
225
292
19
244
149
79
334
106
31
305
231
333
42
141
268
167
333
389
188
212
1
158
392
56
36
0
280
127
0
55
365
345
140
233
231
355
231
178
327
65
325
65
327
65
318
13
365
55
327
65
325
65
327
65
318
13
327
65
325
65
327
65
318
13
327
65
325
65
327
65
318
13
233
231
7
225
54
147
178
64
162
225
225
356
129
339
207
325
65
327
65
325
65
327
65
318
327
65
318
7
327
325
327
65
318
13
327
65
325
65
327
65
318
13
144
158
98
392
369
344
395
68
106
28
0
389
283
355
178
232
333
2
240
19
285
344
395
320
246
248
225
231
317
344
84
0
231
200
209
19
344
395
172
332
19
231
115
179
236
276
149
0
225
167
242
141
292
387
231
141
141
149
310
58
386
225
292
19
244
149
79
334
106
31
305
231
333
42
141
268
167
333
389
188
212
1
158
392
56
36
0
280
127
0
55
365
345
140
233
231
355
231
178
327
65
325
65
327
65
318
13
365
55
327
65
325
65
327
65
318
13
327
65
325
65
327
65
318
13
327
65
325
65
327
65
318
13
233
231
7
225
54
147
178
64
162
225
225
356
129
339
207
325
65
327
65
325
65
327
65
318
327
65
318
7
327
325
327
65
318
13
327
65
325
65
327
65
318
13
144
158
98
392
369
344
395
68
106
28
0
389
283
355
178
232
333
2
240
19
285
344
395
320
246
248
225
231
317
344
84
0
231
200
209
19
344
395
172
332
19
231
115
179
236
276
149
0
225
167
242
141
292
387
231
141
141
149
310
58
386
225
292
19
244
149
79
334
106
31
305
231
333
42
141
268
167
333
389
188
212
1
158
392
56
36
0
280
127
0
55
365
345
140
233
231
355
231
178
327
65
325
65
327
65
318
13
365
55
327
65
325
65
327
65
318
13
327
65
325
65
327
65
318
13
327
65
325
65
327
65
318
13
233
231
7
225
54
147
178
64
162
225
225
356
129
339
207
325
65
327
65
325
65
327
65
318
327
65
318
7
327
325
327
65
318
13
327
65
325
65
327
65
318
13
144
158
98
392
369
344
395
68
106
28
0
389
283
355
178
232
333
2
240
19
285
344
395
320
246
248
225
231
317
344
84
0
231
200
209
19
344
395
172
332
19
231
115
179
236
276
149
0
225
167
242
141
292
387
231
141
141
149
310
58
386
225
292
19
244
149
79
334
106
31
305
231
333
42
141
268
167
333
389
188
212
1
158
392
56
36
0
280
127
0
55
365
345
140
233
231
355
231
178
327
65
325
65
327
65
318
13
365
55
327
65
325
65
327
65
318
13
327
65
325
65
327
65
318
13
327
65
325
65
327
65
318
13
233
231
7
225
54
147
178
64
162
225
225
356
129
339
207
327
65
325
65
327
65
318
327
65
318
7
327
325
327
65
318
13
327
65
325
65
327
65
318
13
144
158
98
392
369
344
395
68
106
28
0
389
283
355
178
232
333
2
240
19
285
344
395
320
246
248
225
231
317
344
84
0
231
200
209
19
344
395
172
332
19
231
115
179
236
276
149
0
225
167
242
141
292
387
231
141
141
149
310
58
386
225
292
19
244
149
79
334
106
31
305
231
333
42
141
268
167
333
389
188
212
1
158
392
56
36
0
280
127
0
55
365
345
140
233
231
355
231
178
327
65
325
65
327
65
318
13
365
55
327
65
325
65
327
65
318
13
327
65
325
65
327
65
318
13
327
65
325
65
327
65
318
13
233
231
7
225
54
147
178
64
162
225
225
356
129
339
207
327
65
325
65
327
65
318
327
65
318
7
327
325
327
65
318
13
327
65
325
65
327
65
318
13
144
158
98
392
369
344
395
68
106
28
0
389
283
355
178
232
333
2
240
19
285
344
395
320
246
248
225
231
317
344
84
0
231
200
209
19
344
395
172
332
19
231
115
179
236
276
149
0
225
167
242
141
292
387
231
141
141
149
310
58
386
225
292
19
244
149
79
334
106
31
305
231
333
42
141
268
167
333
389
188
212
1
158
392
56
36
0
280
127
0
55
365
345
140
233
231
355
231
178
327
65
325
65
327
65
318
13
365
55
327
65
325
65
327
65
318
13
327
65
325
65
327
65
318
13
327
65
325
65
327
65
318
13
233
231
7
225
54
147
178
64
162
225
225
356
129
339
207
327
65
325
65
327
65
318
327
65
318
7
327
325
327
65
318
13
327
65
325
65
327
65
318
13
144
158
98
392
369
344
395
68
106
28
0
389
283
355
178
232
333
2
240
19
285
344
395
320
246
248
225
231
317
344
84
0
231
200
209
19
344
395
172
332
19
231
115
179
236
276
149
0
225
167
242
141
292
387
231
141
141
149
310
58
386
225
292
19
244
149
79
334
106
31
305
231
333
42
141
268
167
333
389
188
212
1
158
392
56
36
0
280
127
0
55
365
345
140
233
231
355
231
178
327
65
325
65
327
65
318
13
365
55
327
65
325
65
327
65
318
13
327
65
325
65
327
65
318
13
327
65
325
65
327
65
318
13
233
231
7
225
54
147
178
64
162
225
225
356
129
339
207
327
65
325
65
327
65
318
327
65
318
7
327
325
327
65
318
13
327
65
325
65
327
65
318
13
144
158
98
392
369
344
395
68
106
28
0
389
283
355
178
232
333
2
240
19
285
344
395
320
246
248
225
231
317
344
84
0
231
200
209
19
344
395
172
332
19
231
115
179
236
276
149
0
225
167
242
141
292
387
231
141
141
149
310
58
386
225
292
19
244
149
79
334
106
31
305
231
333
42
141
268
167
333
389
188
212
1
158
392
56
36
0
280
127
0
55
365
345
140
233
231
355
231
178
327
65
325
65
327
65
318
13
365
55
327
65
325
65
327
65
318
13
327
65
325
65
327
65
318
13
327
65
325
65
327
65
318
13
233
231
7
225
54
147
178
64
162
225
225
356
129
339
207
327
65
325
65
327
65
318
327
65
318
7
327
325
327
65
318
13
327
65
325
65
327
65
318
13
144
158
98
392
369
344
395
68
106
28
0
389
283
355
178
232
333
2
240
19
285
344
395
320
246
248
225
231
317
344
84
0
231
200
209
19
344
395
172
332
19
231
115
179
236
276
149
0
225
167
242
141
292
387
231
141
141
149
310
58
386
225
292
19
244
149
79
334
106
31
305
231
333
42
141
268
167
333
389
188
212
1
158
392
56
36
0
280
127
0
55
365
345
140
233
231
355
231
178
327
65
325
65
327
65
318
13
365
55
327
65
325
65
327
65
318
13
327
65
325
65
327
65
318
13
327
65
325
65
327
65
318
13
233
231
7
225
54
147
178
64
162
225
225
356
129
339
207
327
65
318
327
65
318
7
327
65
318
327
65
318
7
327
65
318
327
65
318
7
327
65
318
327
65
318
7
327
65
318
327
65
318
7
7
7
7
7
7
7
7
7
7
7
7
327
65
318
13
327
65
318
13
327
65
318
13
327
65
318
13
327
65
318
13
327
65
318
13
144
158
98
392
369
344
395
68
106
28
0
389
283
355
178
232
333
2
240
19
285
344
395
320
246
248
225
231
317
344
84
0
231
200
209
19
344
395
172
332
19
231
115
179
236
276
149
0
225
167
242
141
292
387
231
141
141
149
310
58
386
225
292
19
244
149
79
334
106
31
305
231
333
42
141
268
167
333
389
188
212
1
158
392
56
36
0
280
127
0
55
365
345
140
233
231
355
231
178
327
65
318
13
144
158
98
392
369
344
395
68
106
28
0
389
283
355
178
232
333
2
240
19
285
344
395
320
246
248
225
231
317
344
84
0
231
200
209
19
344
395
172
332
19
231
115
179
236
276
149
0
225
167
242
141
292
387
231
141
141
149
310
58
386
225
292
19
244
149
79
334
106
31
305
231
333
42
141
268
167
333
389
188
212
1
158
392
56
36
0
280
127
0
55
365
345
140
233
231
355
231
178
327
65
318
13
144
158
98
392
369
344
395
68
106
28
0
389
283
355
178
232
333
2
240
19
285
344
395
320
246
248
225
231
317
344
84
0
231
200
209
19
344
395
172
332
19
231
115
179
236
276
149
0
225
167
242
141
292
387
231
141
141
149
310
58
386
225
292
19
244
149
79
334
106
31
305
231
333
42
141
268
167
333
389
188
212
1
158
392
56
36
0
280
127
0
55
365
345
140
233
231
355
231
178
327
65
318
13
144
158
98
392
369
344
395
68
106
28
0
389
283
355
178
232
333
2
240
19
285
344
395
320
246
248
225
231
317
344
84
0
231
200
209
19
344
395
172
332
19
231
115
179
236
276
149
0
225
167
242
141
292
387
231
141
141
149
310
58
386
225
292
19
244
149
79
334
106
31
305
231
333
42
141
268
167
333
389
188
212
1
158
392
56
36
0
280
127
0
55
365
345
140
233
231
355
231
178
327
65
318
13
144
158
98
392
369
344
395
68
106
28
0
389
283
355
178
232
333
2
240
19
285
344
395
320
246
248
225
231
317
344
84
0
231
200
209
19
344
395
172
332
19
231
115
179
236
276
149
0
225
167
242
141
292
387
231
141
141
149
310
58
386
225
292
19
244
149
79
334
106
31
305
231
333
42
141
268
167
333
389
188
212
1
158
392
56
36
0
280
127
0
55
365
345
140
233
231
355
231
178
144
158
98
392
369
344
395
68
106
28
0
389
283
355
178
232
333
2
240
19
285
344
395
320
246
248
225
231
317
344
84
0
231
200
209
19
344
395
172
332
19
231
115
179
236
276
149
0
225
167
242
141
292
387
231
141
141
149
310
58
386
225
292
19
244
149
79
334
106
31
305
231
333
42
141
268
167
333
389
188
212
1
158
392
56
36
0
280
127
0
55
365
345
140
233
231
355
231
178
144
158
98
392
369
344
395
68
106
28
0
389
283
355
178
232
333
2
240
19
285
344
395
320
246
248
225
231
317
344
84
0
231
200
209
19
344
395
172
332
19
231
115
179
236
276
149
0
225
167
242
141
292
387
231
141
141
149
310
58
386
225
292
19
244
149
79
334
106
31
305
231
333
42
141
268
167
333
389
188
212
1
158
392
56
36
0
280
127
0
55
365
345
140
233
231
355
231
178
144
158
98
392
369
344
395
68
106
28
0
389
283
355
178
232
333
2
240
19
285
344
395
320
246
248
225
231
317
344
84
0
231
200
209
19
344
395
172
332
19
231
115
179
236
276
149
0
225
167
242
141
292
387
231
141
141
149
310
58
386
225
292
19
244
149
79
334
106
31
305
231
333
42
141
268
167
333
389
188
212
1
158
392
56
36
0
280
127
0
55
365
345
140
233
231
355
231
178
144
158
98
392
369
344
395
68
106
28
0
389
283
355
178
232
333
2
240
19
285
344
395
320
246
248
225
231
317
344
84
0
231
200
209
19
344
395
172
332
19
231
115
179
236
276
149
0
225
167
242
141
292
387
231
141
141
149
310
58
386
225
292
19
244
149
79
334
106
31
305
231
333
42
141
268
167
333
389
188
212
1
158
392
56
36
0
280
127
0
55
365
345
140
233
231
355
231
178
144
158
98
392
369
344
395
68
106
28
0
389
283
355
178
232
333
2
240
19
285
344
395
320
246
248
225
231
317
344
84
0
231
200
209
19
344
395
172
332
19
231
115
179
236
276
149
0
225
167
242
141
292
387
231
141
141
149
310
58
386
225
292
19
244
149
79
334
106
31
305
231
333
42
141
268
167
333
389
188
212
1
158
392
56
36
0
280
127
0
55
365
345
140
233
231
355
231
178
144
158
98
392
369
344
395
68
106
28
0
389
283
355
178
232
333
2
240
19
285
344
395
320
246
248
225
231
317
344
84
0
231
200
209
19
344
395
172
248
225
231
317
332
19
231
115
179
236
276
149
0
225
167
242
141
292
387
231
141
141
149
310
58
386
225
292
19
244
149
79
334
106
31
305
231
333
42
141
268
167
333
389
188
212
1
158
392
56
36
0
280
127
0
55
365
345
280
127
0
55
365
140
233
231
355
231
178
327
65
318
13
365
55
327
65
318
13
365
55
327
65
318
13
365
55
327
65
318
13
365
55
327
65
318
13
365
55
365
55
365
55
365
55
365
55
365
55
365
55
365
55
365
55
327
65
318
13
327
65
318
13
327
65
318
13
327
65
318
13
327
65
318
13
327
65
318
13
327
65
318
13
327
65
318
13
327
65
318
13
327
65
318
13
327
65
318
13
233
231
7
225
54
147
178
64
162
225
225
356
129
339
207
327
65
318
13
233
231
7
225
54
147
178
64
162
225
225
356
129
339
207
327
65
318
13
233
231
7
225
54
147
178
64
162
225
225
356
129
339
207
327
65
318
13
233
231
7
225
54
147
178
64
162
225
225
356
129
339
207
327
65
318
13
233
231
7
225
54
147
178
64
162
225
225
356
129
339
207
233
231
7
225
54
147
178
64
162
225
225
356
129
339
207
233
231
7
225
54
147
178
64
162
225
225
356
129
339
207
233
231
7
225
54
147
178
64
162
225
225
356
129
339
207
233
231
7
225
54
147
178
64
162
225
225
356
129
339
207
233
231
7
225
54
147
178
64
162
225
225
356
129
339
207
233
231
7
225
54
147
178
64
162
225
225
356
129
339
207
233
231
7
225
54
147
178
64
162
225
225
356
129
339
207
233
231
7
225
54
147
178
64
162
225
225
356
129
339
207
233
231
7
225
54
147
178
64
162
225
225
356
129
339
207
233
231
7
233
231
7
225
54
147
178
64
162
225
225
356
129
339
207
356
129
339
207
99
