144
344
395
193
153
144
33
179
152
19
246
25
179
224
194
235
73
22
19
333
378
392
181
392
39
252
231
0
74
332
179
344
333
389
129
167
371
224
179
395
59
344
358
381
392
152
372
138
113
25
19
25
384
19
158
344
24
372
195
129
344
150
132
392
163
392
149
20
272
392
56
273
246
7
328
235
194
242
52
255
31
225
225
225
34
132
227
16
344
227
259
211
344
131
242
107
333
7
328
233
231
352
7
225
229
225
225
225
225
225
339
107
366
299
344
226
52
7
356
132
25
74
19
333
378
392
181
392
39
252
231
0
74
332
179
344
333
389
129
167
371
224
179
395
59
344
358
381
392
152
372
138
113
25
19
25
384
19
158
344
24
372
195
129
344
150
132
392
163
392
149
20
272
392
56
273
246
7
328
235
194
242
52
255
31
225
225
225
34
132
227
16
344
227
259
211
344
131
242
107
333
7
328
233
231
352
7
225
229
225
225
225
225
225
339
107
366
299
344
226
52
7
356
132
25
74
378
392
181
392
39
252
231
0
74
332
179
344
333
389
129
167
371
224
179
395
59
344
358
381
392
152
372
138
113
25
19
25
384
19
158
344
24
372
195
129
344
150
132
392
163
392
149
20
272
392
56
273
246
7
328
235
194
242
52
255
31
225
225
225
34
132
227
16
344
227
259
211
344
131
242
107
333
7
328
233
231
352
7
225
229
225
225
225
225
225
339
107
366
299
344
226
52
7
356
132
25
74
372
195
129
344
150
132
392
163
392
149
20
272
392
56
273
246
7
328
235
194
242
52
255
31
225
225
225
34
132
227
16
344
227
259
211
344
131
242
107
333
7
328
233
231
352
7
225
229
225
225
225
225
225
339
107
366
299
344
226
52
7
356
132
25
74
242
52
255
31
225
225
225
34
132
227
16
344
227
259
211
344
131
242
107
333
7
328
233
231
352
7
225
229
225
225
225
225
225
339
107
366
299
344
226
52
7
356
132
25
74
225
229
225
225
225
225
225
339
107
366
299
344
226
52
7
356
132
25
74
99
