180
342
333
118
225
25
179
224
34
142
240
153
144
161
16
114
344
302
332
246
25
127
7
179
224
34
180
342
344
326
395
124
313
181
246
74
231
19
31
208
392
385
149
18
68
115
386
386
72
344
352
208
333
348
225
231
271
355
127
180
72
344
352
344
358
17
389
63
132
212
331
225
344
317
132
344
246
249
55
167
0
11
141
332
333
348
355
167
333
216
344
163
395
195
127
18
106
332
385
127
0
161
109
392
344
24
105
316
384
24
52
225
277
127
291
268
19
246
213
200
61
247
246
7
282
19
344
273
247
344
395
7
281
163
392
149
20
272
15
36
323
344
365
55
163
392
161
156
344
296
395
25
306
303
96
231
7
24
224
208
355
233
231
7
225
288
55
35
234
225
225
225
225
339
107
366
299
344
226
52
208
355
356
132
208
355
179
224
34
180
342
344
326
395
124
313
181
246
74
231
19
31
208
392
385
149
18
68
115
386
386
72
344
352
208
333
348
225
231
271
355
127
180
72
344
352
344
358
17
389
63
132
212
331
225
344
317
132
344
246
249
55
167
0
11
141
332
333
348
355
167
333
216
344
163
395
195
127
18
106
332
385
127
0
161
109
392
344
24
105
316
384
24
52
225
277
127
291
268
19
246
213
200
61
247
246
7
282
19
344
273
247
344
395
7
281
163
392
149
20
272
15
36
323
344
365
55
163
392
161
156
344
296
395
25
306
303
96
231
7
24
224
208
355
233
231
7
225
288
55
35
234
225
225
225
225
339
107
366
299
344
226
52
208
355
356
132
208
355
268
19
246
213
200
61
247
246
7
282
19
344
273
247
344
395
7
281
163
392
149
20
272
15
36
323
344
365
55
163
392
161
156
344
296
395
25
306
303
96
231
7
24
224
208
355
233
231
7
225
288
55
35
234
225
225
225
225
339
107
366
299
344
226
52
208
355
356
132
208
355
19
246
213
200
61
247
246
7
282
19
344
273
247
344
395
7
281
163
392
149
20
272
15
36
323
344
365
55
163
392
161
156
344
296
395
25
306
303
96
231
7
24
224
208
355
233
231
7
225
288
55
35
234
225
225
225
225
339
107
366
299
344
226
52
208
355
356
132
208
355
19
344
273
247
344
395
7
281
163
392
149
20
272
15
36
323
344
365
55
163
392
161
156
344
296
395
25
306
303
96
231
7
24
224
208
355
233
231
7
225
288
55
35
234
225
225
225
225
339
107
366
299
344
226
52
208
355
356
132
208
355
163
392
149
20
272
15
36
323
344
365
55
163
392
161
156
344
296
395
25
306
303
96
231
7
24
224
208
355
233
231
7
225
288
55
35
234
225
225
225
225
339
107
366
299
344
226
52
208
355
356
132
208
355
163
392
161
156
344
296
395
25
306
303
96
231
7
24
224
208
355
233
231
7
225
288
55
35
234
225
225
225
225
339
107
366
299
344
226
52
208
355
356
132
208
355
208
355
233
231
7
225
288
55
35
234
225
225
225
225
339
107
366
299
344
226
52
208
355
356
132
208
355
339
107
366
299
344
226
52
208
355
356
132
208
355
99
