91
144
38
392
26
0
316
171
177
392
344
24
386
312
24
386
333
25
152
139
346
24
316
347
24
316
22
136
344
395
73
22
152
139
346
24
316
73
347
24
316
22
136
344
395
25
152
139
346
24
316
23
347
24
316
22
136
372
14
231
337
25
378
77
392
127
7
19
392
385
277
333
386
104
168
127
291
392
26
221
282
344
319
330
294
339
391
163
392
63
344
319
395
294
392
203
335
98
221
395
240
344
181
339
114
55
24
344
345
42
139
270
163
392
149
319
395
25
392
372
385
36
167
386
392
306
139
107
139
333
316
295
300
231
333
68
45
163
393
221
277
107
132
171
189
358
185
189
358
