144
395
2
344
36
0
127
311
355
7
304
258
344
177
392
344
24
105
127
118
225
7
139
346
24
316
103
22
347
24
316
22
136
359
246
25
139
346
24
316
103
22
347
24
316
22
136
52
339
177
224
139
346
24
316
103
22
347
24
316
22
136
394
221
237
138
396
0
310
395
25
127
0
167
246
219
65
50
394
15
0
212
19
25
115
220
111
319
220
231
278
137
18
7
92
167
183
350
277
4
291
372
277
395
241
330
294
377
71
219
11
392
333
312
31
2
28
372
152
31
311
355
336
26
220
344
377
394
4
36
18
247
127
395
25
139
346
24
316
103
22
347
24
316
22
136
303
139
139
316
295
300
231
333
68
45
163
393
221
277
107
132
311
355
189
358
185
189
358
