363
167
395
208
119
0
332
388
378
392
32
208
355
394
181
0
231
227
167
225
180
168
399
225
268
31
399
225
231
333
399
225
235
194
149
76
19
202
212
378
392
141
310
208
355
225
102
154
315
234
225
372
277
395
78
170
132
316
295
300
163
392
263
221
344
277
107
132
208
355
66
152
344
356
395
208
119
0
332
388
378
392
32
208
355
394
181
0
231
227
167
225
180
168
399
225
268
31
399
225
231
333
399
225
235
194
149
76
19
202
212
378
392
141
310
208
355
225
102
154
315
234
225
372
277
395
78
170
132
316
295
300
163
392
263
221
344
277
107
132
208
355
66
152
344
356
208
355
225
102
154
315
234
225
372
277
395
78
170
132
316
295
300
163
392
263
221
344
277
107
132
208
355
66
152
344
356
99
