91
144
132
81
355
372
26
273
247
344
269
170
1
284
233
240
106
146
0
31
333
355
127
225
391
81
0
167
225
19
132
14
231
333
225
225
225
28
236
231
333
389
213
355
81
232
0
386
389
65
117
19
18
74
231
316
167
386
333
231
390
18
171
379
20
253
56
123
167
20
74
253
19
291
19
19
110
316
132
113
231
372
109
392
344
116
246
364
365
19
76
386
358
235
392
15
121
130
344
29
358
272
246
250
303
81
355
352
7
352
7
233
81
355
229
225
225
225
339
107
366
299
344
226
52
81
355
7
356
132
81
355
240
106
146
0
31
333
355
127
225
391
81
0
167
225
19
132
14
231
333
225
225
225
28
236
231
333
389
213
355
81
232
0
386
389
65
117
19
18
74
231
316
167
386
333
231
390
18
171
379
20
253
56
123
167
20
74
253
19
291
19
19
110
316
132
113
231
372
109
392
344
116
246
364
365
19
76
386
358
235
392
15
121
130
344
29
358
272
246
250
303
81
355
352
7
352
7
233
81
355
229
225
225
225
339
107
366
299
344
226
52
81
355
7
356
132
81
355
235
392
15
121
130
344
29
358
272
246
250
303
81
355
352
7
352
7
233
81
355
229
225
225
225
339
107
366
299
344
226
52
81
355
7
356
132
81
355
99
