246
316
235
333
19
167
333
91
144
333
342
194
52
386
304
202
272
1
31
336
375
231
19
0
231
333
112
304
392
370
38
161
110
386
392
274
246
19
123
333
342
344
272
235
333
163
336
366
0
393
192
344
296
242
163
392
344
167
50
369
344
333
301
146
19
344
20
218
272
344
358
52
344
339
207
181
358
225
378
161
194
1
167
333
389
231
122
12
212
344
71
90
231
7
126
358
78
358
225
101
225
225
225
225
225
225
225
392
277
339
207
38
392
269
395
102
199
344
225
339
107
366
299
344
226
52
356
132
107
74
163
336
366
0
393
192
344
296
242
163
392
344
167
50
369
344
333
301
146
19
344
20
218
272
344
358
52
344
339
207
181
358
225
378
161
194
1
167
333
389
231
122
12
212
344
71
90
231
7
126
358
78
358
225
101
225
225
225
225
225
225
225
392
277
339
207
38
392
269
395
102
199
344
225
339
107
366
299
344
226
52
356
132
107
74
20
218
272
344
358
52
344
339
207
181
358
225
378
161
194
1
167
333
389
231
122
12
212
344
71
90
231
7
126
358
78
358
225
101
225
225
225
225
225
225
225
392
277
339
207
38
392
269
395
102
199
344
225
339
107
366
299
344
226
52
356
132
107
74
339
107
366
299
344
226
52
356
132
107
74
99
