91
144
324
316
26
18
235
246
55
394
123
316
386
0
231
172
132
333
27
344
344
19
372
57
367
344
302
212
386
392
50
372
369
344
201
323
375
302
332
125
395
172
183
247
339
344
189
358
185
377
172
392
303
333
231
333
324
7
233
192
344
53
392
377
393
192
344
36
53
163
372
26
359
333
215
258
107
7
324
68
7
225
225
225
339
107
366
299
344
226
52
324
68
356
132
324
68
344
189
358
185
377
172
392
303
333
231
333
324
7
233
192
344
53
392
377
393
192
344
36
53
163
372
26
359
333
215
258
107
7
324
68
7
225
225
225
339
107
366
299
344
226
52
324
68
356
132
324
68
324
68
7
225
225
225
339
107
366
299
344
226
52
324
68
356
132
324
68
339
107
366
299
344
226
52
324
68
356
132
324
68
99
