326
333
219
313
296
377
14
333
179
1
144
71
304
19
395
344
333
219
44
344
36
395
275
344
392
217
344
149
75
83
127
7
344
168
231
231
293
231
317
350
231
333
19
236
231
27
392
359
339
342
344
395
58
172
304
332
392
56
326
9
231
14
332
232
344
151
392
123
395
371
344
0
320
58
333
42
264
127
68
179
344
395
391
19
290
68
365
333
19
321
0
55
365
179
333
42
371
344
123
395
125
19
378
392
185
394
185
36
275
344
24
344
40
33
225
24
105
385
392
344
14
332
71
386
298
391
197
344
296
392
31
339
107
366
299
344
226
52
7
356
132
355
231
99
