123
247
212
1
246
25
267
24
344
167
350
313
333
355
231
329
146
180
331
127
392
344
24
127
7
144
19
372
57
367
127
392
344
310
395
25
333
25
267
127
392
66
333
127
0
212
167
195
24
224
225
63
395
392
56
24
344
359
246
140
25
242
359
333
73
22
25
333
179
395
217
212
66
333
41
22
241
225
75
395
22
11
319
395
25
75
395
2
339
201
333
286
267
0
225
367
127
0
92
224
333
127
18
7
92
372
149
350
19
378
392
75
395
25
378
392
137
0
92
89
272
78
358
31
8
53
358
31
225
225
225
242
76
386
395
7
82
52
365
395
82
225
225
225
102
8
225
316
300
48
186
225
225
266
261
24
365
10
339
107
366
299
344
226
52
355
231
329
356
132
333
355
231
329
186
144
19
372
57
367
127
392
344
310
395
25
333
25
267
127
392
66
333
127
0
212
167
195
24
224
225
63
395
392
56
24
344
359
246
140
25
242
359
333
73
22
25
333
179
395
217
212
66
333
41
22
241
225
75
395
22
11
319
395
25
75
395
2
339
201
333
286
267
0
225
367
127
0
92
224
333
127
18
7
92
372
149
350
19
378
392
75
395
25
378
392
137
0
92
89
272
78
358
31
8
53
358
31
225
225
225
242
76
386
395
7
82
52
365
395
82
225
225
225
102
8
225
316
300
48
186
225
225
266
261
24
365
10
339
107
366
299
344
226
52
355
231
329
356
132
333
355
231
329
186
225
63
395
392
56
24
344
359
246
140
25
242
359
333
73
22
25
333
179
395
217
212
66
333
41
22
241
225
75
395
22
11
319
395
25
75
395
2
339
201
333
286
267
0
225
367
127
0
92
224
333
127
18
7
92
372
149
350
19
378
392
75
395
25
378
392
137
0
92
89
272
78
358
31
8
53
358
31
225
225
225
242
76
386
395
7
82
52
365
395
82
225
225
225
102
8
225
316
300
48
186
225
225
266
261
24
365
10
339
107
366
299
344
226
52
355
231
329
356
132
333
355
231
329
186
225
75
395
22
11
319
395
25
75
395
2
339
201
333
286
267
0
225
367
127
0
92
224
333
127
18
7
92
372
149
350
19
378
392
75
395
25
378
392
137
0
92
89
272
78
358
31
8
53
358
31
225
225
225
242
76
386
395
7
82
52
365
395
82
225
225
225
102
8
225
316
300
48
186
225
225
266
261
24
365
10
339
107
366
299
344
226
52
355
231
329
356
132
333
355
231
329
186
225
367
127
0
92
224
333
127
18
7
92
372
149
350
19
378
392
75
395
25
378
392
137
0
92
89
272
78
358
31
8
53
358
31
225
225
225
242
76
386
395
7
82
52
365
395
82
225
225
225
102
8
225
316
300
48
186
225
225
266
261
24
365
10
339
107
366
299
344
226
52
355
231
329
356
132
333
355
231
329
186
272
78
358
31
8
53
358
31
225
225
225
242
76
386
395
7
82
52
365
395
82
225
225
225
102
8
225
316
300
48
186
225
225
266
261
24
365
10
339
107
366
299
344
226
52
355
231
329
356
132
333
355
231
329
186
24
365
10
339
107
366
299
344
226
52
355
231
329
356
132
333
355
231
329
186
339
107
366
299
344
226
52
355
231
329
356
132
333
355
231
329
186
99
