280
127
184
198
239
157
144
246
124
184
198
179
33
225
280
224
127
246
213
239
157
115
127
316
184
198
211
33
225
225
198
55
392
385
116
246
37
55
205
85
316
386
389
117
19
137
343
127
333
7
19
122
12
224
339
107
366
299
344
226
52
198
356
132
196
311
355
179
33
225
280
224
127
246
213
239
157
115
127
316
184
198
211
33
225
225
198
55
392
385
116
246
37
55
205
85
316
386
389
117
19
137
343
127
333
7
19
122
12
224
339
107
366
299
344
226
52
198
356
132
196
311
355
211
33
225
225
198
55
392
385
116
246
37
55
205
85
316
386
389
117
19
137
343
127
333
7
19
122
12
224
339
107
366
299
344
226
52
198
356
132
196
311
355
339
107
366
299
344
226
52
198
356
132
196
311
355
99
