144
161
109
392
344
319
395
139
346
24
316
103
23
347
24
316
89
344
333
311
31
260
345
28
0
336
179
220
25
120
15
330
26
221
282
344
239
395
372
29
392
344
358
395
242
294
167
333
25
267
333
358
300
149
354
25
282
372
109
392
344
310
224
139
346
24
316
103
23
347
24
316
89
260
232
0
348
106
386
268
2
283
174
19
141
106
240
332
385
264
392
344
36
0
167
395
161
392
149
333
344
28
0
304
161
195
129
344
277
395
139
346
24
316
103
23
347
24
316
89
144
303
139
139
316
295
300
231
333
68
45
163
392
220
344
277
107
132
333
311
66
152
66
