181
358
364
248
333
219
350
91
144
132
229
163
392
0
59
344
76
386
358
339
321
372
156
332
394
181
358
248
333
219
127
236
242
212
231
246
81
355
352
7
364
112
372
149
202
371
127
392
344
76
386
358
19
188
212
1
81
32
18
352
7
170
301
19
188
212
1
81
2
316
191
19
7
267
32
0
68
242
292
170
301
394
24
344
183
236
231
246
352
68
242
292
304
32
0
301
344
296
382
236
179
287
127
392
280
345
127
18
238
112
167
33
33
225
81
170
301
33
225
68
231
49
170
301
33
225
68
231
7
301
18
19
33
225
7
170
301
127
316
33
225
292
364
170
301
33
225
352
7
170
301
33
225
81
292
231
271
261
316
33
225
81
292
231
271
261
117
116
246
364
365
250
379
392
56
205
246
316
150
132
246
68
19
292
19
296
246
55
372
195
129
344
76
386
392
339
391
258
365
246
112
250
344
280
127
246
364
268
42
81
355
352
7
352
7
233
81
355
229
225
225
225
339
107
366
299
344
226
52
81
355
7
356
132
81
355
19
188
212
1
81
2
316
191
19
7
267
32
0
68
242
292
170
301
394
24
344
183
236
231
246
352
68
242
292
304
32
0
301
344
296
382
236
179
287
127
392
280
345
127
18
238
112
167
33
33
225
81
170
301
33
225
68
231
49
170
301
33
225
68
231
7
301
18
19
33
225
7
170
301
127
316
33
225
292
364
170
301
33
225
352
7
170
301
33
225
81
292
231
271
261
316
33
225
81
292
231
271
261
117
116
246
364
365
250
379
392
56
205
246
316
150
132
246
68
19
292
19
296
246
55
372
195
129
344
76
386
392
339
391
258
365
246
112
250
344
280
127
246
364
268
42
81
355
352
7
352
7
233
81
355
229
225
225
225
339
107
366
299
344
226
52
81
355
7
356
132
81
355
394
24
344
183
236
231
246
352
68
242
292
304
32
0
301
344
296
382
236
179
287
127
392
280
345
127
18
238
112
167
33
33
225
81
170
301
33
225
68
231
49
170
301
33
225
68
231
7
301
18
19
33
225
7
170
301
127
316
33
225
292
364
170
301
33
225
352
7
170
301
33
225
81
292
231
271
261
316
33
225
81
292
231
271
261
117
116
246
364
365
250
379
392
56
205
246
316
150
132
246
68
19
292
19
296
246
55
372
195
129
344
76
386
392
339
391
258
365
246
112
250
344
280
127
246
364
268
42
81
355
352
7
352
7
233
81
355
229
225
225
225
339
107
366
299
344
226
52
81
355
7
356
132
81
355
33
225
68
231
49
170
301
33
225
68
231
7
301
18
19
33
225
7
170
301
127
316
33
225
292
364
170
301
33
225
352
7
170
301
33
225
81
292
231
271
261
316
33
225
81
292
231
271
261
117
116
246
364
365
250
379
392
56
205
246
316
150
132
246
68
19
292
19
296
246
55
372
195
129
344
76
386
392
339
391
258
365
246
112
250
344
280
127
246
364
268
42
81
355
352
7
352
7
233
81
355
229
225
225
225
339
107
366
299
344
226
52
81
355
7
356
132
81
355
33
225
68
231
7
301
18
19
33
225
7
170
301
127
316
33
225
292
364
170
301
33
225
352
7
170
301
33
225
81
292
231
271
261
316
33
225
81
292
231
271
261
117
116
246
364
365
250
379
392
56
205
246
316
150
132
246
68
19
292
19
296
246
55
372
195
129
344
76
386
392
339
391
258
365
246
112
250
344
280
127
246
364
268
42
81
355
352
7
352
7
233
81
355
229
225
225
225
339
107
366
299
344
226
52
81
355
7
356
132
81
355
33
225
7
170
301
127
316
33
225
292
364
170
301
33
225
352
7
170
301
33
225
81
292
231
271
261
316
33
225
81
292
231
271
261
117
116
246
364
365
250
379
392
56
205
246
316
150
132
246
68
19
292
19
296
246
55
372
195
129
344
76
386
392
339
391
258
365
246
112
250
344
280
127
246
364
268
42
81
355
352
7
352
7
233
81
355
229
225
225
225
339
107
366
299
344
226
52
81
355
7
356
132
81
355
33
225
292
364
170
301
33
225
352
7
170
301
33
225
81
292
231
271
261
316
33
225
81
292
231
271
261
117
116
246
364
365
250
379
392
56
205
246
316
150
132
246
68
19
292
19
296
246
55
372
195
129
344
76
386
392
339
391
258
365
246
112
250
344
280
127
246
364
268
42
81
355
352
7
352
7
233
81
355
229
225
225
225
339
107
366
299
344
226
52
81
355
7
356
132
81
355
33
225
352
7
170
301
33
225
81
292
231
271
261
316
33
225
81
292
231
271
261
117
116
246
364
365
250
379
392
56
205
246
316
150
132
246
68
19
292
19
296
246
55
372
195
129
344
76
386
392
339
391
258
365
246
112
250
344
280
127
246
364
268
42
81
355
352
7
352
7
233
81
355
229
225
225
225
339
107
366
299
344
226
52
81
355
7
356
132
81
355
33
225
81
292
231
271
261
316
33
225
81
292
231
271
261
117
116
246
364
365
250
379
392
56
205
246
316
150
132
246
68
19
292
19
296
246
55
372
195
129
344
76
386
392
339
391
258
365
246
112
250
344
280
127
246
364
268
42
81
355
352
7
352
7
233
81
355
229
225
225
225
339
107
366
299
344
226
52
81
355
7
356
132
81
355
33
225
81
292
231
271
261
117
116
246
364
365
250
379
392
56
205
246
316
150
132
246
68
19
292
19
296
246
55
372
195
129
344
76
386
392
339
391
258
365
246
112
250
344
280
127
246
364
268
42
81
355
352
7
352
7
233
81
355
229
225
225
225
339
107
366
299
344
226
52
81
355
7
356
132
81
355
116
246
364
365
250
379
392
56
205
246
316
150
132
246
68
19
292
19
296
246
55
372
195
129
344
76
386
392
339
391
258
365
246
112
250
344
280
127
246
364
268
42
81
355
352
7
352
7
233
81
355
229
225
225
225
339
107
366
299
344
226
52
81
355
7
356
132
81
355
99
