144
392
28
0
316
384
146
377
180
326
344
31
355
188
212
153
144
377
98
392
344
0
58
0
191
386
242
392
26
377
392
369
344
36
31
355
372
56
151
392
395
176
392
38
372
340
392
149
377
180
326
344
31
19
216
268
231
317
55
6
19
240
344
138
14
201
357
333
231
246
106
115
31
392
399
97
395
19
296
377
392
26
231
4
377
392
26
231
246
316
358
332
338
121
373
235
55
19
387
333
338
1
333
338
333
191
338
188
19
333
117
338
399
326
214
127
180
398
61
247
333
126
362
344
150
132
246
316
0
106
179
0
115
127
316
192
392
384
344
151
19
98
395
7
82
19
161
385
36
126
357
386
392
306
258
214
170
344
395
78
193
225
225
225
28
392
77
395
241
372
26
152
344
30
392
19
395
119
333
371
303
