284
395
144
372
26
258
344
177
392
344
246
124
195
265
88
183
236
132
345
235
131
33
31
165
376
355
131
33
225
342
227
259
227
259
239
19
61
167
40
31
225
259
339
170
112
385
138
392
19
395
119
0
231
377
201
0
307
256
28
374
28
138
392
0
59
344
188
1
316
191
122
12
19
304
212
303
333
7
328
270
163
392
26
344
32
392
26
373
344
290
18
169
365
332
43
125
395
290
339
107
366
299
344
226
52
165
376
355
356
132
165
376
355
332
43
125
395
290
339
107
366
299
344
226
52
165
376
355
356
132
165
376
355
99
