152
377
392
56
378
392
32
81
36
0
24
345
381
81
144
377
361
344
392
31
81
68
372
332
180
326
344
84
361
127
395
106
372
369
344
201
180
0
142
127
392
19
372
291
344
14
316
359
246
344
137
18
231
395
291
19
11
12
392
36
344
123
332
395
231
32
31
81
179
386
377
393
344
32
395
311
68
242
355
81
9
179
394
149
240
344
75
174
283
19
55
317
395
141
236
83
31
0
342
392
149
344
0
83
344
18
290
395
117
385
392
19
201
323
392
235
127
395
291
163
392
149
20
272
258
53
242
107
204
36
344
386
392
1
333
25
19
291
267
42
30
96
231
7
62
279
281
225
225
225
225
236
231
333
68
332
60
194
233
231
7
228
225
124
315
162
225
339
107
366
299
344
226
52
81
68
356
132
81
68
381
81
144
377
361
344
392
31
81
68
372
332
180
326
344
84
361
127
395
106
372
369
344
201
180
0
142
127
392
19
372
291
344
14
316
359
246
344
137
18
231
395
291
19
11
12
392
36
344
123
332
395
231
32
31
81
179
386
377
393
344
32
395
311
68
242
355
81
9
179
394
149
240
344
75
174
283
19
55
317
395
141
236
83
31
0
342
392
149
344
0
83
344
18
290
395
117
385
392
19
201
323
392
235
127
395
291
163
392
149
20
272
258
53
242
107
204
36
344
386
392
1
333
25
19
291
267
42
30
96
231
7
62
279
281
225
225
225
225
236
231
333
68
332
60
194
233
231
7
228
225
124
315
162
225
339
107
366
299
344
226
52
81
68
356
132
81
68
344
137
18
231
395
291
19
11
12
392
36
344
123
332
395
231
32
31
81
179
386
377
393
344
32
395
311
68
242
355
81
9
179
394
149
240
344
75
174
283
19
55
317
395
141
236
83
31
0
342
392
149
344
0
83
344
18
290
395
117
385
392
19
201
323
392
235
127
395
291
163
392
149
20
272
258
53
242
107
204
36
344
386
392
1
333
25
19
291
267
42
30
96
231
7
62
279
281
225
225
225
225
236
231
333
68
332
60
194
233
231
7
228
225
124
315
162
225
339
107
366
299
344
226
52
81
68
356
132
81
68
163
392
149
20
272
258
53
242
107
204
36
344
386
392
1
333
25
19
291
267
42
30
96
231
7
62
279
281
225
225
225
225
236
231
333
68
332
60
194
233
231
7
228
225
124
315
162
225
339
107
366
299
344
226
52
81
68
356
132
81
68
233
231
7
228
225
124
315
162
225
339
107
366
299
344
226
52
81
68
356
132
81
68
228
225
124
315
162
225
339
107
366
299
344
226
52
81
68
356
132
81
68
225
124
315
162
225
339
107
366
299
344
226
52
81
68
356
132
81
68
99
