188
212
1
246
55
392
137
167
333
31
144
84
76
179
28
28
228
225
167
341
246
248
225
19
243
273
218
167
246
151
333
55
19
74
341
333
328
395
42
31
225
140
167
395
341
55
394
395
0
317
242
300
392
26
167
395
374
36
344
205
392
336
225
0
55
395
235
395
19
333
31
358
395
235
246
179
275
344
373
392
144
76
386
0
85
316
344
188
212
19
163
395
275
344
296
180
127
396
290
0
55
365
303
395
7
82
365
225
68
101
165
225
228
339
107
366
299
344
226
52
68
356
132
68
225
68
164
225
179
28
28
228
225
167
341
246
248
225
19
243
273
218
167
246
151
333
55
19
74
341
333
328
395
42
31
225
140
167
395
341
55
394
395
0
317
242
300
392
26
167
395
374
36
344
205
392
336
225
0
55
395
235
395
19
333
31
358
395
235
246
179
275
344
373
392
144
76
386
0
85
316
344
188
212
19
163
395
275
344
296
180
127
396
290
0
55
365
303
395
7
82
365
225
68
101
165
225
228
339
107
366
299
344
226
52
68
356
132
68
225
68
164
225
225
68
101
165
225
228
339
107
366
299
344
226
52
68
356
132
68
225
68
164
225
99
