91
144
395
154
292
146
333
231
246
7
309
19
161
369
344
109
392
344
319
395
139
346
24
316
103
23
347
24
316
89
52
139
25
89
225
28
0
336
179
220
25
120
19
392
149
344
319
330
294
374
29
127
395
294
167
333
25
267
372
232
225
200
0
231
19
0
167
246
267
179
333
2
322
372
269
246
333
231
316
344
117
31
260
179
333
216
304
380
392
333
300
231
246
388
386
18
242
277
344
395
317
394
149
333
285
392
217
344
4
2
19
141
275
344
333
213
52
246
28
0
316
31
260
394
149
333
285
392
217
344
4
2
19
0
58
167
0
332
395
1
326
333
219
313
19
319
395
139
346
24
316
103
23
347
24
316
89
345
303
139
139
316
295
300
231
333
68
45
163
392
220
344
277
107
132
333
311
66
152
66
