91
144
161
369
344
253
177
392
344
24
344
333
355
231
386
333
73
22
139
346
24
316
73
23
347
24
316
22
136
19
161
109
392
344
98
304
287
378
392
24
392
385
277
133
127
291
163
84
0
73
22
358
344
395
193
231
292
139
346
24
316
73
23
347
24
316
22
136
185
332
179
0
330
241
355
19
221
282
330
294
163
333
242
19
121
332
395
294
26
18
231
395
2
19
121
130
344
319
395
330
294
127
31
372
167
333
253
246
115
179
0
332
385
392
344
395
395
374
36
116
395
48
395
58
19
0
191
231
132
174
240
167
333
64
231
344
0
59
344
31
333
55
167
333
232
392
333
240
344
201
395
106
395
249
372
177
392
344
310
395
106
224
161
195
129
344
286
395
73
22
139
346
24
316
73
23
347
24
316
22
136
306
303
139
270
163
24
344
333
355
231
392
78
392
306
139
333
316
295
300
231
333
68
45
163
393
221
277
107
132
333
355
231
189
358
185
189
358
