363
167
369
344
116
163
333
115
179
333
236
127
392
383
372
399
302
158
344
116
235
395
249
372
109
392
344
358
212
304
372
56
86
333
170
392
277
372
399
79
344
269
333
170
332
172
392
213
1
384
372
26
246
74
179
95
19
132
113
19
201
357
339
74
332
333
42
231
396
377
372
98
392
369
344
140
11
68
183
215
180
374
151
392
137
336
341
333
240
192
174
283
19
300
2
7
17
12
191
31
348
276
360
355
225
101
360
167
225
372
277
395
78
170
132
316
295
300
163
392
263
221
344
277
107
132
360
355
66
152
344
356
369
344
116
163
333
115
179
333
236
127
392
383
372
399
302
158
344
116
235
395
249
372
109
392
344
358
212
304
372
56
86
333
170
392
277
372
399
79
344
269
333
170
332
172
392
213
1
384
372
26
246
74
179
95
19
132
113
19
201
357
339
74
332
333
42
231
396
377
372
98
392
369
344
140
11
68
183
215
180
374
151
392
137
336
341
333
240
192
174
283
19
300
2
7
17
12
191
31
348
276
360
355
225
101
360
167
225
372
277
395
78
170
132
316
295
300
163
392
263
221
344
277
107
132
360
355
66
152
344
356
7
17
12
191
31
348
276
360
355
225
101
360
167
225
372
277
395
78
170
132
316
295
300
163
392
263
221
344
277
107
132
360
355
66
152
344
356
191
31
348
276
360
355
225
101
360
167
225
372
277
395
78
170
132
316
295
300
163
392
263
221
344
277
107
132
360
355
66
152
344
356
348
276
360
355
225
101
360
167
225
372
277
395
78
170
132
316
295
300
163
392
263
221
344
277
107
132
360
355
66
152
344
356
360
355
225
101
360
167
225
372
277
395
78
170
132
316
295
300
163
392
263
221
344
277
107
132
360
355
66
152
344
356
99
