144
372
149
333
126
78
170
235
127
392
333
212
392
358
1
396
333
43
372
56
74
386
392
392
56
66
152
344
286
19
339
170
316
215
144
316
107
226
316
255
225
255
225
225
225
225
225
107
225
164
225
225
392
385
40
68
225
118
195
142
392
98
221
217
344
98
98
392
217
344
236
242
212
66
152
344
201
20
60
344
395
78
170
303
96
231
352
7
397
225
46
355
225
46
35
164
225
225
225
225
339
107
366
299
344
226
52
46
355
356
132
46
355
344
286
19
339
170
316
215
144
316
107
226
316
255
225
255
225
225
225
225
225
107
225
164
225
225
392
385
40
68
225
118
195
142
392
98
221
217
344
98
98
392
217
344
236
242
212
66
152
344
201
20
60
344
395
78
170
303
96
231
352
7
397
225
46
355
225
46
35
164
225
225
225
225
339
107
366
299
344
226
52
46
355
356
132
46
355
344
201
20
60
344
395
78
170
303
96
231
352
7
397
225
46
355
225
46
35
164
225
225
225
225
339
107
366
299
344
226
52
46
355
356
132
46
355
99
