333
7
328
31
68
366
114
344
97
392
127
246
219
65
24
127
130
224
386
339
25
139
346
24
103
23
347
24
316
22
136
84
127
392
336
220
278
242
111
282
344
24
395
25
179
75
394
277
18
7
92
387
236
372
26
330
241
304
18
242
294
179
221
282
127
7
242
291
163
392
263
392
149
333
241
344
24
344
386
333
73
22
139
346
24
73
347
24
316
22
136
394
137
333
142
9
183
358
344
395
193
231
292
31
394
188
341
235
115
19
333
331
183
19
19
332
381
246
141
149
386
348
19
141
268
168
0
333
216
31
225
253
177
392
344
24
344
38
161
185
395
180
19
161
57
367
344
188
212
1
392
24
224
386
395
25
139
346
24
103
23
347
24
316
22
136
242
333
73
22
139
346
24
73
347
24
316
22
136
303
139
270
225
0
316
384
366
0
216
339
344
1
153
115
137
0
121
127
0
19
158
236
19
179
166
137
332
115
31
151
204
43
388
167
333
319
395
25
139
346
24
103
23
347
24
316
22
136
242
333
73
22
139
346
24
73
23
347
24
316
22
136
144
139
316
295
300
231
333
68
45
163
393
221
277
107
132
68
189
358
185
189
358
