27
17
293
7
302
230
386
395
144
369
344
302
395
1
230
386
395
242
258
269
334
107
19
374
201
323
338
277
359
170
1
230
19
333
68
295
267
302
372
195
129
344
167
386
392
19
395
119
28
392
79
344
97
14
332
230
146
344
232
270
374
359
395
263
215
144
167
246
107
344
395
258
78
358
163
393
192
344
339
274
1
191
31
230
235
333
230
68
231
27
19
293
7
255
225
225
225
107
69
225
102
68
308
230
234
225
339
107
366
299
344
226
52
230
68
356
132
230
68
7
19
374
201
323
338
277
359
170
1
230
19
333
68
295
267
302
372
195
129
344
167
386
392
19
395
119
28
392
79
344
97
14
332
230
146
344
232
270
374
359
395
263
215
144
167
246
107
344
395
258
78
358
163
393
192
344
339
274
1
191
31
230
235
333
230
68
231
27
19
293
7
255
225
225
225
107
69
225
102
68
308
230
234
225
339
107
366
299
344
226
52
230
68
356
132
230
68
7
372
195
129
344
167
386
392
19
395
119
28
392
79
344
97
14
332
230
146
344
232
270
374
359
395
263
215
144
167
246
107
344
395
258
78
358
163
393
192
344
339
274
1
191
31
230
235
333
230
68
231
27
19
293
7
255
225
225
225
107
69
225
102
68
308
230
234
225
339
107
366
299
344
226
52
230
68
356
132
230
68
7
68
231
27
19
293
7
255
225
225
225
107
69
225
102
68
308
230
234
225
339
107
366
299
344
226
52
230
68
356
132
230
68
7
107
69
225
102
68
308
230
234
225
339
107
366
299
344
226
52
230
68
356
132
230
68
7
99
