27
17
293
7
149
392
1
175
144
383
7
175
282
338
269
18
240
127
25
344
76
236
235
236
386
18
230
281
246
175
26
170
19
1
225
210
392
205
386
18
7
309
206
242
0
85
316
372
369
344
137
344
185
392
43
19
138
392
333
240
344
29
272
1
230
280
127
18
175
175
385
237
36
232
364
127
316
24
127
118
225
175
34
385
36
339
118
304
357
345
274
1
191
31
230
235
333
230
68
231
27
19
293
7
255
225
225
225
107
69
225
102
68
308
230
234
225
339
107
366
299
344
226
52
230
68
356
132
230
68
7
175
385
237
36
232
364
127
316
24
127
118
225
175
34
385
36
339
118
304
357
345
274
1
191
31
230
235
333
230
68
231
27
19
293
7
255
225
225
225
107
69
225
102
68
308
230
234
225
339
107
366
299
344
226
52
230
68
356
132
230
68
7
274
1
191
31
230
235
333
230
68
231
27
19
293
7
255
225
225
225
107
69
225
102
68
308
230
234
225
339
107
366
299
344
226
52
230
68
356
132
230
68
7
68
231
27
19
293
7
255
225
225
225
107
69
225
102
68
308
230
234
225
339
107
366
299
344
226
52
230
68
356
132
230
68
7
107
69
225
102
68
308
230
234
225
339
107
366
299
344
226
52
230
68
356
132
230
68
7
99
