68
365
344
360
355
348
225
276
344
365
360
355
339
321
365
179
333
225
371
344
116
395
31
360
355
19
395
134
235
55
213
316
332
338
366
127
335
242
31
333
348
231
334
193
11
365
0
344
333
216
251
344
395
365
183
225
210
132
55
201
180
0
88
52
344
333
242
140
127
0
333
59
26
394
316
336
357
333
195
167
395
47
17
386
130
11
395
365
365
333
167
333
316
353
344
127
212
176
246
375
333
237
352
171
167
333
311
344
149
236
352
283
179
0
44
152
312
251
167
360
344
153
180
0
193
344
137
0
386
383
395
61
247
333
354
19
235
333
321
365
241
116
88
182
225
182
225
182
225
55
349
17
170
301
211
131
372
195
129
344
373
392
344
246
55
19
74
19
188
212
1
395
172
19
395
360
355
7
328
228
225
101
360
167
225
225
339
107
366
299
344
226
52
360
355
7
356
132
360
355
339
321
365
179
333
225
371
344
116
395
31
360
355
19
395
134
235
55
213
316
332
338
366
127
335
242
31
333
348
231
334
193
11
365
0
344
333
216
251
344
395
365
183
225
210
132
55
201
180
0
88
52
344
333
242
140
127
0
333
59
26
394
316
336
357
333
195
167
395
47
17
386
130
11
395
365
365
333
167
333
316
353
344
127
212
176
246
375
333
237
352
171
167
333
311
344
149
236
352
283
179
0
44
152
312
251
167
360
344
153
180
0
193
344
137
0
386
383
395
61
247
333
354
19
235
333
321
365
241
116
88
182
225
182
225
182
225
55
349
17
170
301
211
131
372
195
129
344
373
392
344
246
55
19
74
19
188
212
1
395
172
19
395
360
355
7
328
228
225
101
360
167
225
225
339
107
366
299
344
226
52
360
355
7
356
132
360
355
225
101
360
167
225
225
339
107
366
299
344
226
52
360
355
7
356
132
360
355
99
