283
395
124
391
97
365
78
358
26
392
392
0
355
332
395
19
138
392
333
240
344
335
167
83
242
268
269
264
127
58
19
141
292
355
232
268
167
113
200
386
0
231
372
15
149
398
52
177
237
398
268
124
391
283
268
124
391
283
268
179
333
237
236
231
180
167
333
19
236
231
183
167
333
232
2
124
391
316
333
59
344
310
48
0
58
167
333
293
316
167
388
117
384
26
154
398
132
344
60
344
167
333
267
316
19
0
83
127
68
19
58
320
333
333
179
127
316
172
167
333
19
293
316
283
386
117
206
235
28
19
355
268
0
225
231
124
391
316
26
177
104
391
344
181
333
355
268
382
269
316
386
240
344
36
52
348
19
117
334
388
19
216
19
354
3
344
141
19
307
174
268
179
333
268
167
292
231
19
269
316
386
19
115
332
264
335
344
333
49
389
28
0
179
333
173
115
378
140
127
225
88
344
188
1
0
19
49
149
168
19
321
19
339
268
232
122
344
316
307
283
291
242
6
333
321
386
132
117
316
149
317
333
84
19
116
333
268
179
127
316
344
389
19
39
231
167
333
218
359
0
235
328
333
268
2
188
19
68
333
68
179
0
218
387
333
68
231
19
24
293
332
76
316
132
74
386
2
19
240
344
151
335
39
134
19
167
19
293
340
395
