144
126
357
344
201
323
392
277
214
253
177
344
24
344
139
215
386
312
139
346
24
316
103
23
347
24
316
22
136
386
24
344
311
386
220
111
282
19
3
344
246
25
139
346
24
316
103
23
347
24
316
22
136
395
312
161
369
344
77
392
127
7
28
105
28
161
56
392
203
15
24
386
333
73
22
378
180
39
34
386
392
217
344
319
330
294
372
282
335
344
201
18
7
92
163
392
98
344
319
395
330
294
394
277
291
382
179
235
0
124
71
124
395
25
139
346
24
316
103
23
347
24
316
22
136
179
357
19
275
344
140
304
75
180
238
224
139
346
24
316
103
23
347
24
316
22
136
30
19
96
231
7
139
316
295
300
231
333
68
45
225
308
225
163
392
263
221
344
277
107
132
311
355
258
189
358
185
258
189
358
