153
144
339
179
183
0
332
374
181
244
292
339
321
31
0
231
52
333
68
332
60
194
231
382
179
0
206
369
344
188
212
1
381
375
236
231
333
213
19
316
68
19
158
392
56
359
285
19
132
76
386
333
68
357
41
344
181
358
167
20
231
333
126
64
179
130
127
316
19
119
62
164
398
33
225
227
16
227
259
242
62
227
227
259
308
31
333
398
211
33
225
227
227
259
372
156
344
296
392
306
377
375
392
127
189
60
194
365
228
228
356
339
107
366
299
344
226
52
68
356
132
68
107
231
382
179
0
206
369
344
188
212
1
381
375
236
231
333
213
19
316
68
19
158
392
56
359
285
19
132
76
386
333
68
357
41
344
181
358
167
20
231
333
126
64
179
130
127
316
19
119
62
164
398
33
225
227
16
227
259
242
62
227
227
259
308
31
333
398
211
33
225
227
227
259
372
156
344
296
392
306
377
375
392
127
189
60
194
365
228
228
356
339
107
366
299
344
226
52
68
356
132
68
107
19
316
68
19
158
392
56
359
285
19
132
76
386
333
68
357
41
344
181
358
167
20
231
333
126
64
179
130
127
316
19
119
62
164
398
33
225
227
16
227
259
242
62
227
227
259
308
31
333
398
211
33
225
227
227
259
372
156
344
296
392
306
377
375
392
127
189
60
194
365
228
228
356
339
107
366
299
344
226
52
68
356
132
68
107
357
41
344
181
358
167
20
231
333
126
64
179
130
127
316
19
119
62
164
398
33
225
227
16
227
259
242
62
227
227
259
308
31
333
398
211
33
225
227
227
259
372
156
344
296
392
306
377
375
392
127
189
60
194
365
228
228
356
339
107
366
299
344
226
52
68
356
132
68
107
242
62
227
227
259
308
31
333
398
211
33
225
227
227
259
372
156
344
296
392
306
377
375
392
127
189
60
194
365
228
228
356
339
107
366
299
344
226
52
68
356
132
68
107
308
31
333
398
211
33
225
227
227
259
372
156
344
296
392
306
377
375
392
127
189
60
194
365
228
228
356
339
107
366
299
344
226
52
68
356
132
68
107
398
211
33
225
227
227
259
372
156
344
296
392
306
377
375
392
127
189
60
194
365
228
228
356
339
107
366
299
344
226
52
68
356
132
68
107
365
228
228
356
339
107
366
299
344
226
52
68
356
132
68
107
228
228
356
339
107
366
299
344
226
52
68
356
132
68
107
339
107
366
299
344
226
52
68
356
132
68
107
99
