144
179
333
287
74
127
392
380
392
36
0
242
183
0
316
386
0
272
242
350
246
316
390
197
344
205
392
167
18
33
235
77
242
18
167
68
377
161
98
386
0
200
181
85
200
225
15
209
167
19
19
200
384
385
302
212
1
334
115
280
127
33
225
225
225
259
29
358
71
386
272
127
246
321
38
338
26
357
127
158
333
377
333
192
179
180
113
88
392
385
188
212
331
392
280
127
33
225
227
227
259
316
15
98
304
126
235
273
247
386
20
272
372
195
129
344
205
392
238
306
333
68
7
328
233
231
7
225
68
371
225
228
339
107
366
299
344
226
52
68
356
132
136
74
127
33
225
225
225
259
29
358
71
386
272
127
246
321
38
338
26
357
127
158
333
377
333
192
179
180
113
88
392
385
188
212
331
392
280
127
33
225
227
227
259
316
15
98
304
126
235
273
247
386
20
272
372
195
129
344
205
392
238
306
333
68
7
328
233
231
7
225
68
371
225
228
339
107
366
299
344
226
52
68
356
132
136
74
127
33
225
227
227
259
316
15
98
304
126
235
273
247
386
20
272
372
195
129
344
205
392
238
306
333
68
7
328
233
231
7
225
68
371
225
228
339
107
366
299
344
226
52
68
356
132
136
74
372
195
129
344
205
392
238
306
333
68
7
328
233
231
7
225
68
371
225
228
339
107
366
299
344
226
52
68
356
132
136
74
99
