363
167
208
264
392
399
36
52
216
117
167
235
283
19
76
344
58
240
392
399
36
264
127
19
144
188
158
395
386
246
127
320
378
372
392
399
246
348
180
332
372
399
71
357
386
246
249
344
395
134
320
372
98
197
225
11
14
208
355
225
102
154
315
234
225
372
277
395
78
170
132
316
295
300
163
392
263
221
344
277
107
132
208
355
66
152
344
356
208
264
392
399
36
52
216
117
167
235
283
19
76
344
58
240
392
399
36
264
127
19
144
188
158
395
386
246
127
320
378
372
392
399
246
348
180
332
372
399
71
357
386
246
249
344
395
134
320
372
98
197
225
11
14
208
355
225
102
154
315
234
225
372
277
395
78
170
132
316
295
300
163
392
263
221
344
277
107
132
208
355
66
152
344
356
395
386
246
127
320
378
372
392
399
246
348
180
332
372
399
71
357
386
246
249
344
395
134
320
372
98
197
225
11
14
208
355
225
102
154
315
234
225
372
277
395
78
170
132
316
295
300
163
392
263
221
344
277
107
132
208
355
66
152
344
356
344
395
134
320
372
98
197
225
11
14
208
355
225
102
154
315
234
225
372
277
395
78
170
132
316
295
300
163
392
263
221
344
277
107
132
208
355
66
152
344
356
99
