91
144
28
392
264
127
298
391
161
369
344
189
392
185
332
355
25
179
224
34
238
341
333
73
25
19
246
25
372
98
221
138
263
344
25
19
109
392
344
63
333
42
241
127
392
246
105
5
25
89
179
223
225
163
392
24
52
339
392
385
277
18
7
92
167
19
149
344
163
179
333
292
127
392
378
392
26
275
66
333
41
344
24
310
395
25
73
160
310
395
25
333
223
225
25
89
179
15
127
316
390
192
344
36
77
127
291
333
68
19
333
355
268
350
240
127
246
213
316
144
161
392
0
320
310
344
298
391
163
392
149
20
272
1
24
344
258
344
78
358
372
195
129
344
286
395
25
303
96
231
352
7
355
225
225
225
126
358
235
160
160
160
160
52
204
132
134
207
359
0
