181
358
127
321
167
333
64
355
258
181
358
296
167
253
91
144
124
321
179
71
357
219
372
156
344
296
392
336
345
395
386
19
205
117
309
19
85
316
188
212
1
246
2
268
19
316
191
137
395
272
21
1
7
19
122
12
349
246
251
19
167
236
88
78
333
233
231
7
31
225
225
225
163
392
149
20
272
57
201
180
50
369
344
365
339
321
116
246
244
365
241
339
107
366
299
344
226
52
355
356
132
352
170
193
395
386
19
205
117
309
19
85
316
188
212
1
246
2
268
19
316
191
137
395
272
21
1
7
19
122
12
349
246
251
19
167
236
88
78
333
233
231
7
31
225
225
225
163
392
149
20
272
57
201
180
50
369
344
365
339
321
116
246
244
365
241
339
107
366
299
344
226
52
355
356
132
352
170
193
339
107
366
299
344
226
52
355
356
132
352
170
193
99
