137
25
132
7
27
17
293
7
150
180
132
333
144
111
278
330
122
12
336
0
332
176
24
344
68
50
375
152
344
151
201
180
181
230
7
309
127
0
231
339
321
332
385
42
127
395
68
295
19
25
267
374
21
272
19
138
344
151
392
73
152
333
112
14
301
26
31
225
259
182
225
301
225
295
123
333
292
332
287
127
392
182
225
301
225
24
176
333
25
19
286
267
33
225
301
225
247
343
127
333
42
68
111
33
225
301
225
97
158
25
26
286
66
235
333
127
133
301
19
344
280
104
301
179
50
372
109
392
344
32
14
127
0
231
333
25
267
19
176
158
344
333
25
372
156
392
56
181
358
274
1
191
31
230
235
333
230
68
231
27
19
293
7
255
225
225
225
107
69
225
102
68
308
230
234
225
339
107
366
299
344
226
52
230
68
356
132
230
68
7
182
225
301
225
24
176
333
25
19
286
267
33
225
301
225
247
343
127
333
42
68
111
33
225
301
225
97
158
25
26
286
66
235
333
127
133
301
19
344
280
104
301
179
50
372
109
392
344
32
14
127
0
231
333
25
267
19
176
158
344
333
25
372
156
392
56
181
358
274
1
191
31
230
235
333
230
68
231
27
19
293
7
255
225
225
225
107
69
225
102
68
308
230
234
225
339
107
366
299
344
226
52
230
68
356
132
230
68
7
33
225
301
225
247
343
127
333
42
68
111
33
225
301
225
97
158
25
26
286
66
235
333
127
133
301
19
344
280
104
301
179
50
372
109
392
344
32
14
127
0
231
333
25
267
19
176
158
344
333
25
372
156
392
56
181
358
274
1
191
31
230
235
333
230
68
231
27
19
293
7
255
225
225
225
107
69
225
102
68
308
230
234
225
339
107
366
299
344
226
52
230
68
356
132
230
68
7
33
225
301
225
97
158
25
26
286
66
235
333
127
133
301
19
344
280
104
301
179
50
372
109
392
344
32
14
127
0
231
333
25
267
19
176
158
344
333
25
372
156
392
56
181
358
274
1
191
31
230
235
333
230
68
231
27
19
293
7
255
225
225
225
107
69
225
102
68
308
230
234
225
339
107
366
299
344
226
52
230
68
356
132
230
68
7
66
235
333
127
133
301
19
344
280
104
301
179
50
372
109
392
344
32
14
127
0
231
333
25
267
19
176
158
344
333
25
372
156
392
56
181
358
274
1
191
31
230
235
333
230
68
231
27
19
293
7
255
225
225
225
107
69
225
102
68
308
230
234
225
339
107
366
299
344
226
52
230
68
356
132
230
68
7
68
231
27
19
293
7
255
225
225
225
107
69
225
102
68
308
230
234
225
339
107
366
299
344
226
52
230
68
356
132
230
68
7
107
69
225
102
68
308
230
234
225
339
107
366
299
344
226
52
230
68
356
132
230
68
7
99
