304
202
2
268
379
385
392
372
326
188
246
389
65
117
1
316
31
333
355
231
329
144
117
19
309
149
247
14
333
344
151
392
2
19
167
395
58
11
392
141
163
395
172
167
32
333
355
231
329
186
394
36
167
142
24
224
2
322
372
185
132
154
292
344
68
56
36
0
50
269
285
344
151
392
395
65
19
141
235
342
322
58
333
127
58
17
2
116
146
285
344
151
392
264
127
191
11
141
58
115
188
392
185
377
338
179
333
42
146
231
240
304
392
56
389
115
383
167
292
115
386
85
316
246
316
26
326
333
65
394
36
167
219
29
335
377
180
192
344
317
31
310
0
19
137
305
343
304
395
275
235
88
225
310
225
225
225
102
8
225
316
300
48
186
225
225
266
261
24
365
10
339
107
366
299
344
226
52
355
231
329
356
132
333
355
231
329
186
2
322
372
185
132
154
292
344
68
56
36
0
50
269
285
344
151
392
395
65
19
141
235
342
322
58
333
127
58
17
2
116
146
285
344
151
392
264
127
191
11
141
58
115
188
392
185
377
338
179
333
42
146
231
240
304
392
56
389
115
383
167
292
115
386
85
316
246
316
26
326
333
65
394
36
167
219
29
335
377
180
192
344
317
31
310
0
19
137
305
343
304
395
275
235
88
225
310
225
225
225
102
8
225
316
300
48
186
225
225
266
261
24
365
10
339
107
366
299
344
226
52
355
231
329
356
132
333
355
231
329
186
58
333
127
58
17
2
116
146
285
344
151
392
264
127
191
11
141
58
115
188
392
185
377
338
179
333
42
146
231
240
304
392
56
389
115
383
167
292
115
386
85
316
246
316
26
326
333
65
394
36
167
219
29
335
377
180
192
344
317
31
310
0
19
137
305
343
304
395
275
235
88
225
310
225
225
225
102
8
225
316
300
48
186
225
225
266
261
24
365
10
339
107
366
299
344
226
52
355
231
329
356
132
333
355
231
329
186
115
188
392
185
377
338
179
333
42
146
231
240
304
392
56
389
115
383
167
292
115
386
85
316
246
316
26
326
333
65
394
36
167
219
29
335
377
180
192
344
317
31
310
0
19
137
305
343
304
395
275
235
88
225
310
225
225
225
102
8
225
316
300
48
186
225
225
266
261
24
365
10
339
107
366
299
344
226
52
355
231
329
356
132
333
355
231
329
186
386
85
316
246
316
26
326
333
65
394
36
167
219
29
335
377
180
192
344
317
31
310
0
19
137
305
343
304
395
275
235
88
225
310
225
225
225
102
8
225
316
300
48
186
225
225
266
261
24
365
10
339
107
366
299
344
226
52
355
231
329
356
132
333
355
231
329
186
225
225
225
102
8
225
316
300
48
186
225
225
266
261
24
365
10
339
107
366
299
344
226
52
355
231
329
356
132
333
355
231
329
186
24
365
10
339
107
366
299
344
226
52
355
231
329
356
132
333
355
231
329
186
339
107
366
299
344
226
52
355
231
329
356
132
333
355
231
329
186
99
