364
170
301
91
144
372
26
114
344
232
392
333
240
344
32
0
364
170
301
386
7
132
355
355
355
231
222
87
19
355
167
308
258
66
235
333
301
41
344
280
227
259
235
182
225
225
158
344
63
395
92
257
185
158
19
378
344
24
385
36
344
396
357
127
320
167
0
297
7
267
150
132
7
206
31
333
292
19
188
158
392
56
95
19
105
7
257
344
395
25
227
259
235
182
225
225
158
344
302
395
314
77
395
68
25
0
314
332
392
26
127
7
233
305
252
231
333
314
26
52
132
278
132
82
50
213
252
26
127
392
333
25
344
158
56
392
98
339
19
377
343
98
7
233
149
127
316
28
338
75
334
25
227
259
235
182
225
225
158
344
123
395
395
264
395
25
395
340
1
395
235
395
249
361
179
166
19
344
0
320
68
193
181
7
206
132
246
292
344
150
158
392
56
359
395
314
19
361
344
386
333
292
235
395
68
193
372
195
129
344
296
392
233
231
352
7
147
222
87
167
225
228
397
225
355
231
222
87
339
107
366
299
344
226
52
355
231
222
87
356
132
355
231
222
87
158
344
63
395
92
257
185
158
19
378
344
24
385
36
344
396
357
127
320
167
0
297
7
267
150
132
7
206
31
333
292
19
188
158
392
56
95
19
105
7
257
344
395
25
227
259
235
182
225
225
158
344
302
395
314
77
395
68
25
0
314
332
392
26
127
7
233
305
252
231
333
314
26
52
132
278
132
82
50
213
252
26
127
392
333
25
344
158
56
392
98
339
19
377
343
98
7
233
149
127
316
28
338
75
334
25
227
259
235
182
225
225
158
344
123
395
395
264
395
25
395
340
1
395
235
395
249
361
179
166
19
344
0
320
68
193
181
7
206
132
246
292
344
150
158
392
56
359
395
314
19
361
344
386
333
292
235
395
68
193
372
195
129
344
296
392
233
231
352
7
147
222
87
167
225
228
397
225
355
231
222
87
339
107
366
299
344
226
52
355
231
222
87
356
132
355
231
222
87
158
344
302
395
314
77
395
68
25
0
314
332
392
26
127
7
233
305
252
231
333
314
26
52
132
278
132
82
50
213
252
26
127
392
333
25
344
158
56
392
98
339
19
377
343
98
7
233
149
127
316
28
338
75
334
25
227
259
235
182
225
225
158
344
123
395
395
264
395
25
395
340
1
395
235
395
249
361
179
166
19
344
0
320
68
193
181
7
206
132
246
292
344
150
158
392
56
359
395
314
19
361
344
386
333
292
235
395
68
193
372
195
129
344
296
392
233
231
352
7
147
222
87
167
225
228
397
225
355
231
222
87
339
107
366
299
344
226
52
355
231
222
87
356
132
355
231
222
87
158
344
123
395
395
264
395
25
395
340
1
395
235
395
249
361
179
166
19
344
0
320
68
193
181
7
206
132
246
292
344
150
158
392
56
359
395
314
19
361
344
386
333
292
235
395
68
193
372
195
129
344
296
392
233
231
352
7
147
222
87
167
225
228
397
225
355
231
222
87
339
107
366
299
344
226
52
355
231
222
87
356
132
355
231
222
87
397
225
355
231
222
87
339
107
366
299
344
226
52
355
231
222
87
356
132
355
231
222
87
99
