153
144
321
265
88
179
246
321
239
157
268
127
316
19
334
180
333
342
344
365
145
19
116
333
74
372
149
0
231
6
257
333
88
339
239
157
168
18
170
301
386
18
7
82
19
0
85
316
0
316
55
349
0
117
65
0
85
316
19
0
241
349
231
2
19
48
28
374
28
0
225
231
167
253
175
19
122
12
385
36
34
167
333
372
156
344
296
392
235
55
280
127
145
321
265
88
235
182
225
303
333
145
68
365
328
270
163
392
57
181
358
235
55
258
61
247
246
364
321
265
88
235
182
225
145
68
233
231
7
225
251
315
145
178
225
225
225
225
225
145
68
179
72
344
0
261
231
167
231
7
108
19
157
19
167
3
344
19
167
180
106
268
300
242
6
220
253
36
235
333
231
216
242
135
135
19
312
242
395
266
179
166
344
358
28
179
395
169
339
107
366
299
344
226
52
145
68
356
132
145
68
303
333
145
68
365
328
270
163
392
57
181
358
235
55
258
61
247
246
364
321
265
88
235
182
225
145
68
233
231
7
225
251
315
145
178
225
225
225
225
225
145
68
179
72
344
0
261
231
167
231
7
108
19
157
19
167
3
344
19
167
180
106
268
300
242
6
220
253
36
235
333
231
216
242
135
135
19
312
242
395
266
179
166
344
358
28
179
395
169
339
107
366
299
344
226
52
145
68
356
132
145
68
235
182
225
145
68
233
231
7
225
251
315
145
178
225
225
225
225
225
145
68
179
72
344
0
261
231
167
231
7
108
19
157
19
167
3
344
19
167
180
106
268
300
242
6
220
253
36
235
333
231
216
242
135
135
19
312
242
395
266
179
166
344
358
28
179
395
169
339
107
366
299
344
226
52
145
68
356
132
145
68
99
