91
144
224
332
392
26
0
154
292
298
392
149
202
231
392
344
4
395
106
19
58
28
333
90
231
7
19
122
12
31
333
355
231
62
161
369
344
236
231
344
395
179
0
216
332
151
316
132
273
334
133
341
333
216
68
392
56
24
127
133
391
291
344
212
331
225
348
68
19
355
107
392
344
170
392
332
333
130
238
25
179
224
34
161
109
392
344
116
333
268
19
24
52
333
89
235
225
225
351
386
38
372
26
72
344
269
389
65
106
240
127
316
231
395
122
31
0
348
68
192
351
392
56
3
240
332
385
392
357
127
320
395
391
235
55
19
28
0
68
19
291
25
267
333
216
68
56
239
202
127
392
24
341
221
7
50
258
326
339
59
344
44
19
296
379
180
310
395
25
345
303
90
231
68
7
19
122
12
127
19
316
355
231
62
339
207
366
299
52
235
231
333
355
231
62
233
231
7
19
122
12
310
395
25
345
149
0
272
365
