377
163
392
375
344
201
0
95
91
144
31
100
246
179
344
123
142
316
344
181
246
19
74
19
372
340
392
203
36
0
142
125
341
246
202
285
19
240
372
392
26
275
344
40
395
152
31
100
19
177
392
344
24
316
384
26
19
275
344
110
386
333
389
335
152
398
339
179
333
256
379
392
385
36
264
344
201
18
337
26
183
0
231
333
231
0
100
106
389
115
116
134
58
341
246
80
106
268
283
383
395
18
352
316
277
19
344
310
395
249
386
333
19
326
9
231
333
354
240
254
146
344
232
110
386
74
206
132
383
396
167
218
19
340
392
26
275
344
98
212
372
109
392
344
24
306
359
333
73
25
242
333
25
372
185
57
367
163
100
192
395
231
355
319
395
25
345
303
90
231
352
7
270
336
26
231
7
257
127
124
391
25
105
92
105
5
19
92
195
248
333
241
127
246
25
89
19
382
236
179
287
127
392
24
224
7
365
55
78
358
100
355
352
7
225
315
254
225
228
339
107
366
299
344
226
52
100
355
356
132
100
355
303
90
231
352
7
270
336
26
231
7
257
127
124
391
25
105
92
105
5
19
92
195
248
333
241
127
246
25
89
19
382
236
179
287
127
392
24
224
7
365
55
78
358
100
355
352
7
225
315
254
225
228
339
107
366
299
344
226
52
100
355
356
132
100
355
19
382
236
179
287
127
392
24
224
7
365
55
78
358
100
355
352
7
225
315
254
225
228
339
107
366
299
344
226
52
100
355
356
132
100
355
7
365
55
78
358
100
355
352
7
225
315
254
225
228
339
107
366
299
344
226
52
100
355
356
132
100
355
365
55
78
358
100
355
352
7
225
315
254
225
228
339
107
366
299
344
226
52
100
355
356
132
100
355
78
358
100
355
352
7
225
315
254
225
228
339
107
366
299
344
226
52
100
355
356
132
100
355
100
355
352
7
225
315
254
225
228
339
107
366
299
344
226
52
100
355
356
132
100
355
99
