144
374
332
366
372
310
248
144
132
324
392
185
345
179
173
88
372
344
326
180
0
313
19
132
287
344
381
392
29
38
31
324
372
192
344
195
31
95
372
195
31
333
124
231
68
19
377
163
180
366
242
377
163
336
366
220
235
55
127
192
242
112
242
377
163
372
113
316
333
240
344
181
333
268
379
338
56
29
334
249
44
272
163
392
369
344
195
31
95
24
344
324
183
297
18
378
84
395
68
193
167
333
73
25
19
344
236
231
21
272
333
231
333
324
7
233
270
372
195
31
95
333
231
24
344
68
372
84
0
392
56
359
344
296
163
392
127
18
25
120
392
385
277
18
21
132
358
387
225
192
344
53
392
377
393
192
344
36
53
163
372
26
359
333
215
258
107
7
339
107
179
163
392
282
30
258
107
339
107
366
299
344
226
52
324
68
356
132
324
68
183
297
18
378
84
395
68
193
167
333
73
25
19
344
236
231
21
272
333
231
333
324
7
233
270
372
195
31
95
333
231
24
344
68
372
84
0
392
56
359
344
296
163
392
127
18
25
120
392
385
277
18
21
132
358
387
225
192
344
53
392
377
393
192
344
36
53
163
372
26
359
333
215
258
107
7
339
107
179
163
392
282
30
258
107
339
107
366
299
344
226
52
324
68
356
132
324
68
0
392
56
359
344
296
163
392
127
18
25
120
392
385
277
18
21
132
358
387
225
192
344
53
392
377
393
192
344
36
53
163
372
26
359
333
215
258
107
7
339
107
179
163
392
282
30
258
107
339
107
366
299
344
226
52
324
68
356
132
324
68
339
107
179
163
392
282
30
258
107
339
107
366
299
344
226
52
324
68
356
132
324
68
99
