144
179
333
287
74
127
392
381
221
205
305
231
246
316
167
0
344
296
163
392
56
396
28
0
283
174
17
213
316
98
283
386
117
19
115
212
331
236
174
334
68
391
158
98
338
3
337
240
179
336
127
174
21
150
212
1
283
174
19
158
316
246
285
11
141
344
273
334
280
127
182
225
227
227
259
333
124
391
115
167
88
280
127
65
19
123
395
333
124
391
31
179
133
231
218
115
19
240
393
188
212
1
305
231
333
307
115
231
246
28
338
235
334
124
391
31
280
127
182
225
227
227
259
191
167
197
246
333
64
231
19
26
14
387
18
231
55
380
392
197
194
242
392
56
123
395
167
150
212
1
241
68
88
19
377
246
316
98
235
333
280
127
182
225
227
227
259
316
15
98
304
126
235
273
247
386
20
272
372
195
129
344
205
392
238
306
333
68
7
328
233
231
7
225
68
371
225
228
339
107
366
299
344
226
52
68
356
132
136
74
127
182
225
227
227
259
333
124
391
115
167
88
280
127
65
19
123
395
333
124
391
31
179
133
231
218
115
19
240
393
188
212
1
305
231
333
307
115
231
246
28
338
235
334
124
391
31
280
127
182
225
227
227
259
191
167
197
246
333
64
231
19
26
14
387
18
231
55
380
392
197
194
242
392
56
123
395
167
150
212
1
241
68
88
19
377
246
316
98
235
333
280
127
182
225
227
227
259
316
15
98
304
126
235
273
247
386
20
272
372
195
129
344
205
392
238
306
333
68
7
328
233
231
7
225
68
371
225
228
339
107
366
299
344
226
52
68
356
132
136
74
127
182
225
227
227
259
191
167
197
246
333
64
231
19
26
14
387
18
231
55
380
392
197
194
242
392
56
123
395
167
150
212
1
241
68
88
19
377
246
316
98
235
333
280
127
182
225
227
227
259
316
15
98
304
126
235
273
247
386
20
272
372
195
129
344
205
392
238
306
333
68
7
328
233
231
7
225
68
371
225
228
339
107
366
299
344
226
52
68
356
132
136
74
127
182
225
227
227
259
316
15
98
304
126
235
273
247
386
20
272
372
195
129
344
205
392
238
306
333
68
7
328
233
231
7
225
68
371
225
228
339
107
366
299
344
226
52
68
356
132
136
74
372
195
129
344
205
392
238
306
333
68
7
328
233
231
7
225
68
371
225
228
339
107
366
299
344
226
52
68
356
132
136
74
99
