88
132
333
233
231
7
144
321
179
167
133
19
372
185
332
292
203
36
333
132
395
50
372
369
344
392
231
0
31
246
118
225
73
25
239
33
225
225
19
372
156
392
26
77
235
395
344
106
372
26
167
253
55
349
339
321
304
372
177
392
19
395
119
344
61
358
247
19
333
19
231
372
26
232
246
364
170
301
19
163
392
392
56
326
0
364
349
231
55
19
246
147
258
121
130
344
78
358
163
392
149
20
272
167
344
188
31
19
149
0
321
144
303
233
231
7
355
19
316
320
233
231
7
225
315
225
225
255
225
225
225
242
225
225
225
225
225
225
102
199
339
107
366
299
344
226
52
233
231
7
356
132
355
231
55
19
246
147
258
121
130
344
78
358
163
392
149
20
272
167
344
188
31
19
149
0
321
144
303
233
231
7
355
19
316
320
233
231
7
225
315
225
225
255
225
225
225
242
225
225
225
225
225
225
102
199
339
107
366
299
344
226
52
233
231
7
356
132
355
99
