154
141
19
0
97
365
78
358
225
271
68
167
229
358
17
389
225
153
144
127
154
4
316
2
179
18
166
252
231
333
68
295
267
180
386
154
141
316
19
0
231
227
180
220
355
167
333
236
231
237
225
42
271
355
167
333
216
344
68
225
225
42
361
333
216
271
127
247
231
311
253
225
348
216
55
386
316
300
216
300
225
126
358
355
311
355
231
218
339
107
366
299
344
226
52
355
352
7
356
132
355
365
78
358
225
271
68
167
229
358
17
389
225
153
144
127
154
4
316
2
179
18
166
252
231
333
68
295
267
180
386
154
141
316
19
0
231
227
180
220
355
167
333
236
231
237
225
42
271
355
167
333
216
344
68
225
225
42
361
333
216
271
127
247
231
311
253
225
348
216
55
386
316
300
216
300
225
126
358
355
311
355
231
218
339
107
366
299
344
226
52
355
352
7
356
132
355
78
358
225
271
68
167
229
358
17
389
225
153
144
127
154
4
316
2
179
18
166
252
231
333
68
295
267
180
386
154
141
316
19
0
231
227
180
220
355
167
333
236
231
237
225
42
271
355
167
333
216
344
68
225
225
42
361
333
216
271
127
247
231
311
253
225
348
216
55
386
316
300
216
300
225
126
358
355
311
355
231
218
339
107
366
299
344
226
52
355
352
7
356
132
355
225
271
68
167
229
358
17
389
225
153
144
127
154
4
316
2
179
18
166
252
231
333
68
295
267
180
386
154
141
316
19
0
231
227
180
220
355
167
333
236
231
237
225
42
271
355
167
333
216
344
68
225
225
42
361
333
216
271
127
247
231
311
253
225
348
216
55
386
316
300
216
300
225
126
358
355
311
355
231
218
339
107
366
299
344
226
52
355
352
7
356
132
355
99
