372
369
344
296
392
167
182
144
233
231
7
19
122
225
344
365
137
0
225
144
372
369
344
296
392
235
55
339
182
163
395
212
331
225
344
54
127
321
365
88
182
225
242
18
169
365
339
374
392
127
225
231
395
123
247
212
280
127
0
321
365
372
57
367
344
296
392
167
182
144
270
163
395
61
247
246
235
55
359
127
0
54
355
225
225
225
225
225
225
225
225
339
107
366
299
344
226
52
54
355
365
328
356
132
54
355
182
225
242
18
169
365
339
374
392
127
225
231
395
123
247
212
280
127
0
321
365
372
57
367
344
296
392
167
182
144
270
163
395
61
247
246
235
55
359
127
0
54
355
225
225
225
225
225
225
225
225
339
107
366
299
344
226
52
54
355
365
328
356
132
54
355
339
374
392
127
225
231
395
123
247
212
280
127
0
321
365
372
57
367
344
296
392
167
182
144
270
163
395
61
247
246
235
55
359
127
0
54
355
225
225
225
225
225
225
225
225
339
107
366
299
344
226
52
54
355
365
328
356
132
54
355
280
127
0
321
365
372
57
367
344
296
392
167
182
144
270
163
395
61
247
246
235
55
359
127
0
54
355
225
225
225
225
225
225
225
225
339
107
366
299
344
226
52
54
355
365
328
356
132
54
355
372
57
367
344
296
392
167
182
144
270
163
395
61
247
246
235
55
359
127
0
54
355
225
225
225
225
225
225
225
225
339
107
366
299
344
226
52
54
355
365
328
356
132
54
355
359
127
0
54
355
225
225
225
225
225
225
225
225
339
107
366
299
344
226
52
54
355
365
328
356
132
54
355
225
225
225
339
107
366
299
344
226
52
54
355
365
328
356
132
54
355
339
107
366
299
344
226
52
54
355
365
328
356
132
54
355
99
