91
144
242
242
62
242
229
242
242
218
127
392
180
14
71
344
0
231
263
345
33
333
73
22
19
333
22
52
26
239
19
394
149
333
240
344
395
263
127
24
344
388
42
127
392
73
242
224
395
59
344
137
310
235
395
25
19
40
395
344
333
351
111
28
231
345
392
56
15
239
395
249
351
0
256
379
392
56
319
395
25
312
19
363
395
7
92
378
333
342
71
344
188
212
1
333
7
267
19
95
25
257
34
31
351
365
19
28
121
130
344
273
247
344
395
279
7
82
386
20
272
42
231
167
395
25
19
149
0
142
298
391
303
96
231
352
7
68
7
351
321
301
397
355
231
62
266
261
351
333
73
19
25
392
277
339
107
38
392
149
170
132
333
355
231
62
242
392
235
0
330
332
392
375
172
167
277
170
132
68
339
107
366
299
344
226
52
333
355
231
62
356
132
333
355
231
62
242
218
127
392
180
14
71
344
0
231
263
345
33
333
73
22
19
333
22
52
26
239
19
394
149
333
240
344
395
263
127
24
344
388
42
127
392
73
242
224
395
59
344
137
310
235
395
25
19
40
395
344
333
351
111
28
231
345
392
56
15
239
395
249
351
0
256
379
392
56
319
395
25
312
19
363
395
7
92
378
333
342
71
344
188
212
1
333
7
267
19
95
25
257
34
31
351
365
19
28
121
130
344
273
247
344
395
279
7
82
386
20
272
42
231
167
395
25
19
149
0
142
298
391
303
96
231
352
7
68
7
351
321
301
397
355
231
62
266
261
351
333
73
19
25
392
277
339
107
38
392
149
170
132
333
355
231
62
242
392
235
0
330
332
392
375
172
167
277
170
132
68
339
107
366
299
344
226
52
333
355
231
62
356
132
333
355
231
62
127
392
180
14
71
344
0
231
263
345
33
333
73
22
19
333
22
52
26
239
19
394
149
333
240
344
395
263
127
24
344
388
42
127
392
73
242
224
395
59
344
137
310
235
395
25
19
40
395
344
333
351
111
28
231
345
392
56
15
239
395
249
351
0
256
379
392
56
319
395
25
312
19
363
395
7
92
378
333
342
71
344
188
212
1
333
7
267
19
95
25
257
34
31
351
365
19
28
121
130
344
273
247
344
395
279
7
82
386
20
272
42
231
167
395
25
19
149
0
142
298
391
303
96
231
352
7
68
7
351
321
301
397
355
231
62
266
261
351
333
73
19
25
392
277
339
107
38
392
149
170
132
333
355
231
62
242
392
235
0
330
332
392
375
172
167
277
170
132
68
339
107
366
299
344
226
52
333
355
231
62
356
132
333
355
231
62
19
333
22
52
26
239
19
394
149
333
240
344
395
263
127
24
344
388
42
127
392
73
242
224
395
59
344
137
310
235
395
25
19
40
395
344
333
351
111
28
231
345
392
56
15
239
395
249
351
0
256
379
392
56
319
395
25
312
19
363
395
7
92
378
333
342
71
344
188
212
1
333
7
267
19
95
25
257
34
31
351
365
19
28
121
130
344
273
247
344
395
279
7
82
386
20
272
42
231
167
395
25
19
149
0
142
298
391
303
96
231
352
7
68
7
351
321
301
397
355
231
62
266
261
351
333
73
19
25
392
277
339
107
38
392
149
170
132
333
355
231
62
242
392
235
0
330
332
392
375
172
167
277
170
132
68
339
107
366
299
344
226
52
333
355
231
62
356
132
333
355
231
62
26
239
19
394
149
333
240
344
395
263
127
24
344
388
42
127
392
73
242
224
395
59
344
137
310
235
395
25
19
40
395
344
333
351
111
28
231
345
392
56
15
239
395
249
351
0
256
379
392
56
319
395
25
312
19
363
395
7
92
378
333
342
71
344
188
212
1
333
7
267
19
95
25
257
34
31
351
365
19
28
121
130
344
273
247
344
395
279
7
82
386
20
272
42
231
167
395
25
19
149
0
142
298
391
303
96
231
352
7
68
7
351
321
301
397
355
231
62
266
261
351
333
73
19
25
392
277
339
107
38
392
149
170
132
333
355
231
62
242
392
235
0
330
332
392
375
172
167
277
170
132
68
339
107
366
299
344
226
52
333
355
231
62
356
132
333
355
231
62
28
231
345
392
56
15
239
395
249
351
0
256
379
392
56
319
395
25
312
19
363
395
7
92
378
333
342
71
344
188
212
1
333
7
267
19
95
25
257
34
31
351
365
19
28
121
130
344
273
247
344
395
279
7
82
386
20
272
42
231
167
395
25
19
149
0
142
298
391
303
96
231
352
7
68
7
351
321
301
397
355
231
62
266
261
351
333
73
19
25
392
277
339
107
38
392
149
170
132
333
355
231
62
242
392
235
0
330
332
392
375
172
167
277
170
132
68
339
107
366
299
344
226
52
333
355
231
62
356
132
333
355
231
62
0
256
379
392
56
319
395
25
312
19
363
395
7
92
378
333
342
71
344
188
212
1
333
7
267
19
95
25
257
34
31
351
365
19
28
121
130
344
273
247
344
395
279
7
82
386
20
272
42
231
167
395
25
19
149
0
142
298
391
303
96
231
352
7
68
7
351
321
301
397
355
231
62
266
261
351
333
73
19
25
392
277
339
107
38
392
149
170
132
333
355
231
62
242
392
235
0
330
332
392
375
172
167
277
170
132
68
339
107
366
299
344
226
52
333
355
231
62
356
132
333
355
231
62
386
20
272
42
231
167
395
25
19
149
0
142
298
391
303
96
231
352
7
68
7
351
321
301
397
355
231
62
266
261
351
333
73
19
25
392
277
339
107
38
392
149
170
132
333
355
231
62
242
392
235
0
330
332
392
375
172
167
277
170
132
68
339
107
366
299
344
226
52
333
355
231
62
356
132
333
355
231
62
351
333
73
19
25
392
277
339
107
38
392
149
170
132
333
355
231
62
242
392
235
0
330
332
392
375
172
167
277
170
132
68
339
107
366
299
344
226
52
333
355
231
62
356
132
333
355
231
62
99
