395
68
295
149
392
377
180
366
192
344
36
18
245
316
242
369
344
188
212
1
333
354
115
19
285
332
26
34
344
85
316
392
183
369
344
150
132
384
146
167
395
153
144
395
68
295
149
392
377
180
366
192
344
36
18
245
316
242
369
344
188
212
1
333
354
115
19
285
332
26
34
344
85
316
392
183
369
344
150
132
384
146
167
395
295
127
334
219
313
163
333
21
179
344
20
231
333
395
167
372
177
316
132
200
19
391
344
302
381
338
333
245
119
19
377
18
235
334
92
344
32
333
245
25
179
239
19
372
156
392
24
52
223
225
246
105
5
7
89
370
316
245
7
19
225
225
225
225
225
225
333
355
231
179
18
240
171
225
225
225
225
225
225
333
355
231
179
18
240
171
339
107
366
299
344
226
52
245
7
356
132
333
355
231
179
239
19
372
156
392
24
52
223
225
246
105
5
7
89
370
316
245
7
19
225
225
225
225
225
225
333
355
231
179
18
240
171
225
225
225
225
225
225
333
355
231
179
18
240
171
339
107
366
299
344
226
52
245
7
356
132
333
355
231
245
7
19
225
225
225
225
225
225
333
355
231
179
18
240
171
225
225
225
225
225
225
333
355
231
179
18
240
171
339
107
366
299
344
226
52
245
7
356
132
333
355
231
99
