333
316
31
284
355
118
176
14
231
337
19
132
377
161
185
1
392
144
161
56
392
98
332
381
304
172
167
286
395
25
344
284
139
346
24
316
347
24
316
22
136
333
348
216
355
52
358
17
389
284
232
240
392
57
123
394
40
167
283
235
88
236
19
385
388
52
386
117
384
26
167
334
382
394
149
18
248
395
378
392
24
127
242
141
268
11
68
344
24
224
126
339
19
374
392
344
333
73
22
139
346
24
316
347
24
316
22
136
163
247
333
73
22
66
152
344
284
344
395
193
231
292
139
346
24
316
347
24
316
22
136
372
15
386
139
346
24
316
347
24
316
22
136
163
393
263
66
152
344
319
386
139
346
24
316
347
24
316
22
136
284
355
146
0
330
241
261
304
392
26
221
282
344
319
330
294
292
19
278
56
36
299
344
358
11
392
319
395
25
275
344
40
286
395
25
161
156
394
24
306
303
139
270
172
167
286
395
25
161
156
394
75
333
73
22
139
346
24
316
347
24
316
22
136
242
386
139
346
24
316
347
24
316
22
136
345
163
392
149
319
395
25
258
339
74
180
56
326
88
127
358
344
267
25
372
195
129
344
274
395
139
316
295
300
231
333
68
45
163
393
221
277
107
132
284
355
189
358
185
189
358
