363
167
369
344
116
163
333
54
115
179
333
236
127
392
383
302
158
344
116
235
395
249
372
109
392
344
358
212
304
372
56
86
333
170
392
277
374
79
344
269
333
170
332
172
392
213
1
54
355
384
372
26
375
0
316
74
231
248
227
316
132
225
311
19
225
384
385
395
19
322
392
28
392
176
333
191
332
369
127
392
377
372
98
246
54
268
264
392
127
191
11
58
174
19
320
167
339
60
389
7
17
12
2
365
348
276
54
355
225
225
225
225
225
372
277
395
78
170
132
316
295
300
163
392
263
221
344
277
107
132
54
355
66
152
344
356
369
344
116
163
333
54
115
179
333
236
127
392
383
302
158
344
116
235
395
249
372
109
392
344
358
212
304
372
56
86
333
170
392
277
374
79
344
269
333
170
332
172
392
213
1
54
355
384
372
26
375
0
316
74
231
248
227
316
132
225
311
19
225
384
385
395
19
322
392
28
392
176
333
191
332
369
127
392
377
372
98
246
54
268
264
392
127
191
11
58
174
19
320
167
339
60
389
7
17
12
2
365
348
276
54
355
225
225
225
225
225
372
277
395
78
170
132
316
295
300
163
392
263
221
344
277
107
132
54
355
66
152
344
356
2
365
348
276
54
355
225
225
225
225
225
372
277
395
78
170
132
316
295
300
163
392
263
221
344
277
107
132
54
355
66
152
344
356
365
348
276
54
355
225
225
225
225
225
372
277
395
78
170
132
316
295
300
163
392
263
221
344
277
107
132
54
355
66
152
344
356
348
276
54
355
225
225
225
225
225
372
277
395
78
170
132
316
295
300
163
392
263
221
344
277
107
132
54
355
66
152
344
356
54
355
225
225
225
225
225
372
277
395
78
170
132
316
295
300
163
392
263
221
344
277
107
132
54
355
66
152
344
356
99
