395
177
344
0
321
265
88
395
144
280
127
0
321
265
88
31
355
394
344
188
158
344
201
395
25
247
19
326
0
349
231
246
37
225
55
280
224
344
63
132
337
227
31
225
16
227
31
225
259
227
31
225
16
227
31
225
259
372
57
367
344
296
392
144
355
233
231
7
225
225
225
355
236
355
164
225
339
107
366
299
344
226
52
355
7
356
132
355
344
63
132
337
227
31
225
16
227
31
225
259
227
31
225
16
227
31
225
259
372
57
367
344
296
392
144
355
233
231
7
225
225
225
355
236
355
164
225
339
107
366
299
344
226
52
355
7
356
132
355
99
