61
61
61
235
180
310
339
118
14
316
385
277
0
19
18
386
3
344
0
133
231
332
56
36
359
334
342
235
55
333
231
333
19
316
56
183
225
344
180
378
338
141
339
72
344
19
179
183
236
371
332
372
322
316
113
313
231
333
371
132
334
25
341
344
141
344
185
212
1
333
316
333
181
246
199
193
372
199
50
378
372
98
372
192
344
185
180
140
344
384
36
0
225
200
19
209
31
0
330
241
261
217
7
395
12
365
19
364
240
25
241
7
233
225
68
225
255
228
68
339
107
366
299
344
226
52
68
356
132
68
179
183
236
371
332
372
322
316
113
313
231
333
371
132
334
25
341
344
141
344
185
212
1
333
316
333
181
246
199
193
372
199
50
378
372
98
372
192
344
185
180
140
344
384
36
0
225
200
19
209
31
0
330
241
261
217
7
395
12
365
19
364
240
25
241
7
233
225
68
225
255
228
68
339
107
366
299
344
226
52
68
356
132
68
132
334
25
341
344
141
344
185
212
1
333
316
333
181
246
199
193
372
199
50
378
372
98
372
192
344
185
180
140
344
384
36
0
225
200
19
209
31
0
330
241
261
217
7
395
12
365
19
364
240
25
241
7
233
225
68
225
255
228
68
339
107
366
299
344
226
52
68
356
132
68
372
199
50
378
372
98
372
192
344
185
180
140
344
384
36
0
225
200
19
209
31
0
330
241
261
217
7
395
12
365
19
364
240
25
241
7
233
225
68
225
255
228
68
339
107
366
299
344
226
52
68
356
132
68
31
0
330
241
261
217
7
395
12
365
19
364
240
25
241
7
233
225
68
225
255
228
68
339
107
366
299
344
226
52
68
356
132
68
330
241
261
217
7
395
12
365
19
364
240
25
241
7
233
225
68
225
255
228
68
339
107
366
299
344
226
52
68
356
132
68
217
7
395
12
365
19
364
240
25
241
7
233
225
68
225
255
228
68
339
107
366
299
344
226
52
68
356
132
68
395
12
365
19
364
240
25
241
7
233
225
68
225
255
228
68
339
107
366
299
344
226
52
68
356
132
68
365
19
364
240
25
241
7
233
225
68
225
255
228
68
339
107
366
299
344
226
52
68
356
132
68
25
241
7
233
225
68
225
255
228
68
339
107
366
299
344
226
52
68
356
132
68
7
233
225
68
225
255
228
68
339
107
366
299
344
226
52
68
356
132
68
99
