363
167
39
0
141
386
188
158
379
385
392
140
11
68
386
0
93
132
208
333
21
179
392
369
296
212
208
355
225
102
154
315
234
225
372
277
395
78
170
132
316
295
300
163
392
263
221
344
277
107
132
208
355
66
152
344
356
39
0
141
386
188
158
379
385
392
140
11
68
386
0
93
132
208
333
21
179
392
369
296
212
208
355
225
102
154
315
234
225
372
277
395
78
170
132
316
295
300
163
392
263
221
344
277
107
132
208
355
66
152
344
356
379
385
392
140
11
68
386
0
93
132
208
333
21
179
392
369
296
212
208
355
225
102
154
315
234
225
372
277
395
78
170
132
316
295
300
163
392
263
221
344
277
107
132
208
355
66
152
344
356
208
355
225
102
154
315
234
225
372
277
395
78
170
132
316
295
300
163
392
263
221
344
277
107
132
208
355
66
152
344
356
99
