153
144
32
68
179
18
398
221
237
231
395
342
19
388
50
15
395
153
144
32
68
179
18
398
221
237
231
395
342
19
388
50
15
395
215
0
42
68
52
333
286
333
355
231
232
18
333
389
19
0
58
233
332
12
316
386
132
48
344
175
344
235
55
58
14
231
339
344
236
333
361
231
18
245
93
179
212
331
180
218
206
231
245
26
293
141
19
245
173
317
316
19
202
244
41
372
334
314
344
392
158
338
26
359
334
245
93
361
231
18
245
93
225
225
245
52
333
225
225
0
387
231
141
227
310
227
235
55
175
386
225
344
170
52
245
58
132
225
225
141
225
245
7
19
225
225
225
225
225
225
333
355
231
179
18
240
171
225
225
225
225
225
225
333
355
231
179
18
240
171
339
107
366
299
344
226
52
245
7
356
132
333
355
231
225
225
245
52
333
225
225
0
387
231
141
227
310
227
235
55
175
386
225
344
170
52
245
58
132
225
225
141
225
245
7
19
225
225
225
225
225
225
333
355
231
179
18
240
171
225
225
225
225
225
225
333
355
231
179
18
240
171
339
107
366
299
344
226
52
245
7
356
132
333
355
231
99
