188
212
1
333
231
330
241
91
144
31
100
372
26
344
3
398
332
381
333
355
232
0
330
241
261
127
316
192
392
339
261
392
344
380
392
390
192
344
319
330
294
344
36
168
28
252
231
395
7
25
344
100
127
118
225
386
220
167
333
7
267
344
384
63
344
319
294
244
344
77
168
392
56
380
242
221
392
390
192
344
24
359
246
330
241
261
378
75
333
73
25
242
25
392
56
60
339
297
341
395
97
100
242
52
78
395
7
281
392
385
36
77
127
291
19
217
122
12
100
282
333
167
344
36
77
127
100
217
392
56
15
77
246
330
261
382
269
241
127
319
330
333
19
333
167
322
231
395
25
344
188
212
1
246
330
241
19
330
261
386
330
282
127
258
363
246
330
261
372
156
344
277
395
25
306
303
90
231
352
7
24
224
7
365
55
78
358
100
355
352
7
225
315
254
225
228
339
107
366
299
344
226
52
100
355
356
132
100
355
242
52
78
395
7
281
392
385
36
77
127
291
19
217
122
12
100
282
333
167
344
36
77
127
100
217
392
56
15
77
246
330
261
382
269
241
127
319
330
333
19
333
167
322
231
395
25
344
188
212
1
246
330
241
19
330
261
386
330
282
127
258
363
246
330
261
372
156
344
277
395
25
306
303
90
231
352
7
24
224
7
365
55
78
358
100
355
352
7
225
315
254
225
228
339
107
366
299
344
226
52
100
355
356
132
100
355
392
385
36
77
127
291
19
217
122
12
100
282
333
167
344
36
77
127
100
217
392
56
15
77
246
330
261
382
269
241
127
319
330
333
19
333
167
322
231
395
25
344
188
212
1
246
330
241
19
330
261
386
330
282
127
258
363
246
330
261
372
156
344
277
395
25
306
303
90
231
352
7
24
224
7
365
55
78
358
100
355
352
7
225
315
254
225
228
339
107
366
299
344
226
52
100
355
356
132
100
355
372
156
344
277
395
25
306
303
90
231
352
7
24
224
7
365
55
78
358
100
355
352
7
225
315
254
225
228
339
107
366
299
344
226
52
100
355
356
132
100
355
306
303
90
231
352
7
24
224
7
365
55
78
358
100
355
352
7
225
315
254
225
228
339
107
366
299
344
226
52
100
355
356
132
100
355
7
365
55
78
358
100
355
352
7
225
315
254
225
228
339
107
366
299
344
226
52
100
355
356
132
100
355
365
55
78
358
100
355
352
7
225
315
254
225
228
339
107
366
299
344
226
52
100
355
356
132
100
355
78
358
100
355
352
7
225
315
254
225
228
339
107
366
299
344
226
52
100
355
356
132
100
355
100
355
352
7
225
315
254
225
228
339
107
366
299
344
226
52
100
355
356
132
100
355
99
