18
238
94
344
333
267
91
144
395
68
295
179
1
344
137
0
127
333
219
395
177
344
181
358
31
379
374
333
19
231
24
344
68
246
7
82
333
236
384
149
274
231
68
25
0
218
113
392
56
181
358
127
236
242
14
180
130
182
17
33
225
227
227
259
342
363
17
280
372
156
392
56
181
358
273
247
163
372
56
151
386
246
296
392
306
225
96
231
7
7
225
35
308
225
225
225
225
225
339
107
366
299
344
226
52
68
356
132
68
372
156
392
56
181
358
273
247
163
372
56
151
386
246
296
392
306
225
96
231
7
7
225
35
308
225
225
225
225
225
339
107
366
299
344
226
52
68
356
132
68
163
372
56
151
386
246
296
392
306
225
96
231
7
7
225
35
308
225
225
225
225
225
339
107
366
299
344
226
52
68
356
132
68
99
