215
0
127
333
219
65
31
68
144
310
395
224
52
319
333
25
84
127
392
139
346
24
103
23
347
24
316
22
136
386
220
25
120
19
220
278
242
111
282
179
330
241
304
18
242
294
179
221
282
127
7
242
291
395
25
179
75
394
277
18
7
92
387
236
235
377
372
185
1
392
304
392
26
344
277
0
231
227
167
291
163
395
344
163
392
263
392
56
24
344
386
333
73
22
139
346
24
73
347
24
316
22
136
19
277
337
9
310
236
224
242
358
344
395
193
231
292
31
392
0
203
173
31
167
70
167
0
52
242
84
0
218
235
55
339
179
183
0
176
158
316
84
334
249
344
372
57
367
344
151
392
235
395
24
224
386
312
359
395
25
139
346
24
103
23
347
24
316
22
136
303
139
270
202
19
310
334
31
68
19
372
149
18
225
292
40
395
224
386
395
25
139
346
24
103
23
347
24
316
22
136
242
344
333
73
22
139
346
24
73
347
24
316
22
136
127
392
241
220
120
19
220
111
242
278
282
19
395
25
179
75
394
277
18
7
92
387
236
139
316
295
300
231
333
68
45
163
393
221
277
107
132
68
189
358
185
189
358
