144
246
320
146
358
384
372
26
180
179
342
344
97
377
392
385
39
144
26
167
246
2
147
19
235
246
338
326
235
202
95
216
24
344
333
355
231
179
395
124
313
344
39
0
333
352
25
239
182
225
19
385
36
34
235
333
73
22
167
33
326
342
224
344
274
248
333
282
19
36
264
378
333
25
39
34
395
25
127
179
15
395
291
25
304
149
14
395
213
19
357
344
170
275
378
392
24
40
395
314
31
333
355
231
282
225
225
225
130
225
225
225
233
231
352
7
225
225
339
107
366
299
344
226
52
333
355
231
356
132
333
355
231
225
225
225
130
225
225
225
233
231
352
7
225
225
339
107
366
299
344
226
52
333
355
231
356
132
333
355
231
99
