130
25
344
360
355
180
395
342
144
342
344
333
201
127
395
134
19
116
377
231
68
242
355
393
192
344
32
344
395
339
179
18
114
19
219
44
167
191
180
38
339
179
379
14
333
332
392
71
19
26
275
344
322
395
19
172
26
392
275
344
97
333
31
360
355
25
239
345
19
36
344
322
395
68
295
132
333
310
19
36
236
231
333
124
68
25
392
75
68
25
52
319
395
130
25
344
360
355
31
201
323
344
11
332
319
392
385
149
183
24
344
68
332
0
44
372
156
344
286
395
25
28
392
79
116
360
355
19
97
183
158
395
360
355
7
328
228
225
101
360
167
225
225
339
107
366
299
344
226
52
360
355
7
356
132
360
355
360
355
25
239
345
19
36
344
322
395
68
295
132
333
310
19
36
236
231
333
124
68
25
392
75
68
25
52
319
395
130
25
344
360
355
31
201
323
344
11
332
319
392
385
149
183
24
344
68
332
0
44
372
156
344
286
395
25
28
392
79
116
360
355
19
97
183
158
395
360
355
7
328
228
225
101
360
167
225
225
339
107
366
299
344
226
52
360
355
7
356
132
360
355
201
323
344
11
332
319
392
385
149
183
24
344
68
332
0
44
372
156
344
286
395
25
28
392
79
116
360
355
19
97
183
158
395
360
355
7
328
228
225
101
360
167
225
225
339
107
366
299
344
226
52
360
355
7
356
132
360
355
225
101
360
167
225
225
339
107
366
299
344
226
52
360
355
7
356
132
360
355
99
