181
358
127
184
198
144
184
198
179
350
235
289
33
225
225
181
7
309
389
117
19
85
316
344
176
198
7
267
19
55
115
116
198
225
2
268
188
158
344
24
127
333
225
198
232
167
291
19
122
12
115
311
231
333
27
237
3
344
206
231
333
198
74
386
389
117
85
316
7
309
333
68
19
212
280
127
184
198
184
198
289
33
225
225
198
55
280
127
184
198
339
107
366
299
344
226
52
198
356
132
196
311
355
179
350
235
289
33
225
225
181
7
309
389
117
19
85
316
344
176
198
7
267
19
55
115
116
198
225
2
268
188
158
344
24
127
333
225
198
232
167
291
19
122
12
115
311
231
333
27
237
3
344
206
231
333
198
74
386
389
117
85
316
7
309
333
68
19
212
280
127
184
198
184
198
289
33
225
225
198
55
280
127
184
198
339
107
366
299
344
226
52
198
356
132
196
311
355
225
181
7
309
389
117
19
85
316
344
176
198
7
267
19
55
115
116
198
225
2
268
188
158
344
24
127
333
225
198
232
167
291
19
122
12
115
311
231
333
27
237
3
344
206
231
333
198
74
386
389
117
85
316
7
309
333
68
19
212
280
127
184
198
184
198
289
33
225
225
198
55
280
127
184
198
339
107
366
299
344
226
52
198
356
132
196
311
355
181
7
309
389
117
19
85
316
344
176
198
7
267
19
55
115
116
198
225
2
268
188
158
344
24
127
333
225
198
232
167
291
19
122
12
115
311
231
333
27
237
3
344
206
231
333
198
74
386
389
117
85
316
7
309
333
68
19
212
280
127
184
198
184
198
289
33
225
225
198
55
280
127
184
198
339
107
366
299
344
226
52
198
356
132
196
311
355
184
198
289
33
225
225
198
55
280
127
184
198
339
107
366
299
344
226
52
198
356
132
196
311
355
289
33
225
225
198
55
280
127
184
198
339
107
366
299
344
226
52
198
356
132
196
311
355
339
107
366
299
344
226
52
198
356
132
196
311
355
99
