395
245
93
56
326
392
392
369
344
140
144
189
358
392
381
392
385
395
245
93
56
326
392
392
369
344
140
189
358
392
305
231
333
276
392
385
144
375
114
395
172
167
333
355
231
68
316
333
286
1
333
355
231
167
395
134
395
245
93
56
326
392
392
369
344
140
189
358
392
305
231
333
276
392
385
245
225
200
26
232
344
245
316
19
355
68
127
200
19
58
116
385
30
392
167
297
395
225
231
245
26
235
334
200
304
394
36
167
142
386
244
316
28
392
195
344
123
395
231
317
227
246
245
231
212
331
227
385
36
275
19
385
344
151
76
392
386
333
287
344
48
395
134
30
378
392
217
180
333
316
188
232
130
34
344
14
316
341
5
339
216
300
232
167
117
301
19
317
344
151
316
326
5
334
249
2
320
392
152
14
332
344
18
245
93
179
0
142
395
245
93
56
326
392
392
369
344
140
392
149
304
344
232
19
372
56
151
392
4
377
392
333
245
25
239
33
225
188
1
333
245
25
245
7
17
225
225
225
225
225
225
333
355
231
179
18
240
171
339
107
366
299
344
226
52
245
7
356
132
333
355
231
339
216
300
232
167
117
301
19
317
344
151
316
326
5
334
249
2
320
392
152
14
332
344
18
245
93
179
0
142
395
245
93
56
326
392
392
369
344
140
392
149
304
344
232
19
372
56
151
392
4
377
392
333
245
25
239
33
225
188
1
333
245
25
245
7
17
225
225
225
225
225
225
333
355
231
179
18
240
171
339
107
366
299
344
226
52
245
7
356
132
333
355
231
245
7
17
225
225
225
225
225
225
333
355
231
179
18
240
171
339
107
366
299
344
226
52
245
7
356
132
333
355
231
333
355
231
179
18
240
171
339
107
366
299
344
226
52
245
7
356
132
333
355
231
99
