144
372
156
395
149
0
321
386
298
391
287
333
395
304
344
273
0
218
28
392
310
344
257
395
344
68
224
179
0
142
342
344
365
358
31
127
0
55
349
372
109
392
344
290
395
68
365
306
344
116
395
2
134
19
137
176
191
158
344
24
25
127
7
179
239
367
344
201
0
43
310
224
31
394
395
341
225
344
225
386
395
19
395
352
283
317
174
19
212
386
304
202
235
188
240
392
149
344
367
141
344
24
395
167
333
389
24
31
363
7
282
370
158
344
24
365
365
55
333
42
371
344
137
0
265
231
14
392
56
31
179
344
115
180
127
396
395
365
394
349
55
386
0
85
316
28
395
19
188
212
1
316
240
19
166
7
291
19
122
12
170
296
333
235
55
379
394
342
317
194
48
19
201
367
344
205
395
156
344
296
392
235
55
306
63
395
365
61
247
180
221
344
185
31
394
123
333
322
344
395
134
28
392
295
127
333
200
332
385
151
392
273
395
163
395
377
344
200
167
395
221
225
231
333
65
104
118
341
333
116
392
56
310
52
201
0
193
231
395
19
292
344
395
19
82
1
158
392
56
337
167
0
58
395
235
55
116
385
392
386
18
384
385
151
392
201
0
257
304
392
56
247
377
392
369
344
317
19
141
235
342
363
225
200
188
212
1
333
116
296
377
219
265
191
61
247
246
88
167
333
191
362
344
137
0
195
31
377
180
192
344
36
0
333
231
85
316
370
88
167
333
191
362
285
127
320
375
152
344
151
392
132
154
292
344
231
322
19
344
151
392
168
333
127
2
320
19
233
231
2
320
19
300
116
19
212
116
399
288
285
127
320
127
292
188
212
1
291
17
122
12
316
300
31
392
56
137
30
386
333
130
25
127
316
12
291
316
19
388
317
28
392
257
395
141
11
392
149
24
344
392
56
359
395
344
167
344
205
225
344
225
386
0
133
342
316
300
211
341
131
132
227
16
227
259
341
333
364
220
188
212
1
19
205
386
0
160
316
334
134
31
175
386
316
19
1
377
68
191
179
192
19
158
344
127
180
97
158
316
149
0
322
74
19
60
333
312
296
158
26
84
334
134
160
160
160
160
355
231
355
231
233
231
7
225
315
225
19
315
225
52
204
132
134
207
359
0
