144
235
333
127
316
384
26
1
333
389
335
161
340
332
392
382
179
381
109
392
344
24
344
81
68
345
386
395
316
25
139
346
24
316
103
23
347
24
316
22
136
378
392
98
392
149
344
18
25
120
392
149
344
319
294
241
394
277
0
7
92
394
36
291
242
24
359
333
73
22
139
346
24
316
73
23
347
24
316
22
136
371
394
14
231
333
9
179
333
215
231
246
19
0
231
246
55
74
81
316
359
246
344
188
158
344
19
344
18
60
19
344
344
326
180
132
236
231
246
336
220
127
333
332
161
98
224
19
214
108
220
332
161
390
185
158
344
98
180
378
161
357
235
333
124
88
333
366
332
161
390
247
158
344
98
180
158
344
19
158
344
333
389
374
344
137
43
127
214
384
15
235
344
39
0
148
292
141
19
18
247
127
395
316
25
139
346
24
316
103
23
347
24
316
22
136
242
73
22
139
346
24
316
73
23
347
24
316
22
136
144
303
139
270
246
55
179
0
74
231
117
309
19
1
104
244
181
333
19
24
386
395
316
25
139
346
24
316
103
23
347
24
316
22
136
242
73
22
139
346
24
316
73
23
347
24
316
22
136
345
81
68
225
124
315
162
225
139
78
386
392
163
393
221
277
107
132
81
68
7
189
358
185
189
358
