394
36
24
344
0
292
332
142
19
333
142
19
144
395
167
154
292
149
392
305
40
386
395
177
344
24
344
311
355
386
105
25
312
139
346
24
316
103
22
347
24
316
22
136
378
392
319
395
25
139
346
24
316
103
22
347
24
316
22
136
392
149
344
18
111
242
319
20
231
278
50
152
333
42
252
394
277
395
7
92
167
350
19
36
77
127
4
291
392
149
269
395
19
231
395
330
294
179
241
144
232
18
106
386
220
311
316
149
235
344
39
96
19
344
215
0
246
193
0
154
225
231
19
28
374
332
203
149
344
98
386
333
231
338
31
132
333
344
333
114
231
235
333
231
333
19
146
180
14
380
395
0
242
0
0
242
0
394
123
180
287
152
167
236
231
333
348
127
19
154
231
191
167
333
144
392
0
68
115
379
179
161
195
129
344
286
395
25
139
346
24
316
103
22
347
24
316
22
136
303
139
270
316
26
127
320
380
48
218
231
242
333
167
334
316
26
6
388
344
334
74
19
333
389
24
224
344
181
246
127
139
346
24
316
103
22
347
24
316
22
136
139
316
295
300
231
333
68
45
163
393
221
277
107
132
311
355
189
358
185
189
358
