326
333
364
349
231
246
55
0
364
349
31
333
348
231
333
372
197
246
55
235
187
55
305
231
213
363
235
339
364
349
394
116
246
147
19
311
231
333
27
326
0
210
344
246
155
398
180
203
183
392
344
181
358
167
253
326
333
349
383
395
152
257
0
365
219
313
11
333
364
349
290
18
167
253
365
242
238
301
336
394
205
386
7
137
21
344
395
272
19
296
187
331
326
246
200
1
377
393
192
344
317
31
187
326
246
200
235
395
21
374
0
231
317
332
125
395
172
19
187
316
55
192
302
172
19
74
341
19
243
386
248
225
344
63
132
394
323
123
0
256
242
350
344
53
395
249
370
333
349
189
79
333
19
189
180
386
0
231
395
253
372
56
392
187
332
125
395
172
19
75
333
233
231
7
225
225
225
225
178
308
225
365
187
24
123
395
187
179
18
171
392
149
277
339
107
38
187
395
170
132
68
45
242
0
68
295
243
339
107
366
299
344
226
52
187
7
356
132
333
355
231
383
395
152
257
0
365
219
313
11
333
364
349
290
18
167
253
365
242
238
301
336
394
205
386
7
137
21
344
395
272
19
296
187
331
326
246
200
1
377
393
192
344
317
31
187
326
246
200
235
395
21
374
0
231
317
332
125
395
172
19
187
316
55
192
302
172
19
74
341
19
243
386
248
225
344
63
132
394
323
123
0
256
242
350
344
53
395
249
370
333
349
189
79
333
19
189
180
386
0
231
395
253
372
56
392
187
332
125
395
172
19
75
333
233
231
7
225
225
225
225
178
308
225
365
187
24
123
395
187
179
18
171
392
149
277
339
107
38
187
395
170
132
68
45
242
0
68
295
243
339
107
366
299
344
226
52
187
7
356
132
333
355
231
219
313
11
333
364
349
290
18
167
253
365
242
238
301
336
394
205
386
7
137
21
344
395
272
19
296
187
331
326
246
200
1
377
393
192
344
317
31
187
326
246
200
235
395
21
374
0
231
317
332
125
395
172
19
187
316
55
192
302
172
19
74
341
19
243
386
248
225
344
63
132
394
323
123
0
256
242
350
344
53
395
249
370
333
349
189
79
333
19
189
180
386
0
231
395
253
372
56
392
187
332
125
395
172
19
75
333
233
231
7
225
225
225
225
178
308
225
365
187
24
123
395
187
179
18
171
392
149
277
339
107
38
187
395
170
132
68
45
242
0
68
295
243
339
107
366
299
344
226
52
187
7
356
132
333
355
231
1
377
393
192
344
317
31
187
326
246
200
235
395
21
374
0
231
317
332
125
395
172
19
187
316
55
192
302
172
19
74
341
19
243
386
248
225
344
63
132
394
323
123
0
256
242
350
344
53
395
249
370
333
349
189
79
333
19
189
180
386
0
231
395
253
372
56
392
187
332
125
395
172
19
75
333
233
231
7
225
225
225
225
178
308
225
365
187
24
123
395
187
179
18
171
392
149
277
339
107
38
187
395
170
132
68
45
242
0
68
295
243
339
107
366
299
344
226
52
187
7
356
132
333
355
231
55
192
302
172
19
74
341
19
243
386
248
225
344
63
132
394
323
123
0
256
242
350
344
53
395
249
370
333
349
189
79
333
19
189
180
386
0
231
395
253
372
56
392
187
332
125
395
172
19
75
333
233
231
7
225
225
225
225
178
308
225
365
187
24
123
395
187
179
18
171
392
149
277
339
107
38
187
395
170
132
68
45
242
0
68
295
243
339
107
366
299
344
226
52
187
7
356
132
333
355
231
189
79
333
19
189
180
386
0
231
395
253
372
56
392
187
332
125
395
172
19
75
333
233
231
7
225
225
225
225
178
308
225
365
187
24
123
395
187
179
18
171
392
149
277
339
107
38
187
395
170
132
68
45
242
0
68
295
243
339
107
366
299
344
226
52
187
7
356
132
333
355
231
233
231
7
225
225
225
225
178
308
225
365
187
24
123
395
187
179
18
171
392
149
277
339
107
38
187
395
170
132
68
45
242
0
68
295
243
339
107
366
299
344
226
52
187
7
356
132
333
355
231
24
123
395
187
179
18
171
392
149
277
339
107
38
187
395
170
132
68
45
242
0
68
295
243
339
107
366
299
344
226
52
187
7
356
132
333
355
231
123
395
187
179
18
171
392
149
277
339
107
38
187
395
170
132
68
45
242
0
68
295
243
339
107
366
299
344
226
52
187
7
356
132
333
355
231
187
179
18
171
392
149
277
339
107
38
187
395
170
132
68
45
242
0
68
295
243
339
107
366
299
344
226
52
187
7
356
132
333
355
231
99
