144
296
158
54
56
36
10
127
392
233
231
7
19
122
161
149
127
392
176
54
355
392
26
18
232
231
122
12
332
38
225
231
54
355
316
277
122
12
395
15
18
2
291
227
227
163
395
154
292
179
227
242
344
137
333
133
231
395
122
12
395
124
313
179
344
40
395
54
25
326
183
0
210
127
395
22
345
19
14
395
385
36
127
310
395
25
144
298
7
82
225
225
225
225
225
225
225
225
204
270
149
392
1
333
54
188
158
344
227
395
106
54
355
225
225
225
225
225
225
225
225
339
107
366
299
344
226
52
54
355
356
132
54
355
298
7
82
225
225
225
225
225
225
225
225
204
270
149
392
1
333
54
188
158
344
227
395
106
54
355
225
225
225
225
225
225
225
225
339
107
366
299
344
226
52
54
355
356
132
54
355
225
225
225
339
107
366
299
344
226
52
54
355
356
132
54
355
339
107
366
299
344
226
52
54
355
356
132
54
355
99
