144
372
149
277
395
68
231
235
395
92
344
137
0
310
235
395
68
106
52
326
0
83
392
385
115
333
19
253
332
26
344
320
167
68
326
0
83
31
146
202
168
68
386
130
83
110
167
68
19
84
0
68
140
19
68
75
167
19
344
98
68
388
19
127
68
320
167
342
344
93
75
359
231
285
168
333
316
19
212
83
382
282
0
26
344
320
167
333
68
83
395
385
36
344
269
170
163
333
83
146
0
344
65
179
221
77
105
7
344
68
231
163
392
26
77
32
392
319
18
136
7
25
333
68
231
268
179
72
344
151
392
395
2
372
195
129
344
36
0
252
231
395
19
303
68
231
225
225
225
225
225
225
99
