339
200
385
392
333
371
339
395
187
200
398
220
282
167
0
210
342
392
185
377
167
127
395
68
58
326
0
344
75
246
200
386
395
21
374
286
187
231
317
398
248
225
398
19
246
348
278
326
333
383
395
152
395
344
0
200
392
217
0
200
167
378
392
187
395
56
151
392
63
236
231
382
392
344
116
392
201
395
92
116
395
2
240
395
187
58
386
0
93
50
336
212
344
180
331
183
19
232
192
317
19
188
19
392
28
392
388
141
257
0
365
372
167
253
19
238
365
391
365
76
392
386
187
281
21
395
166
272
19
392
344
246
55
43
331
0
123
214
200
369
212
187
163
304
395
167
14
372
217
179
0
212
1
392
332
371
372
56
310
392
332
43
125
395
172
75
333
233
231
7
225
225
225
225
178
308
225
365
187
24
123
395
187
179
18
171
392
149
277
339
107
38
187
395
170
132
68
45
242
0
68
295
243
339
107
366
299
344
226
52
187
7
356
132
333
355
231
383
395
152
395
344
0
200
392
217
0
200
167
378
392
187
395
56
151
392
63
236
231
382
392
344
116
392
201
395
92
116
395
2
240
395
187
58
386
0
93
50
336
212
344
180
331
183
19
232
192
317
19
188
19
392
28
392
388
141
257
0
365
372
167
253
19
238
365
391
365
76
392
386
187
281
21
395
166
272
19
392
344
246
55
43
331
0
123
214
200
369
212
187
163
304
395
167
14
372
217
179
0
212
1
392
332
371
372
56
310
392
332
43
125
395
172
75
333
233
231
7
225
225
225
225
178
308
225
365
187
24
123
395
187
179
18
171
392
149
277
339
107
38
187
395
170
132
68
45
242
0
68
295
243
339
107
366
299
344
226
52
187
7
356
132
333
355
231
392
217
0
200
167
378
392
187
395
56
151
392
63
236
231
382
392
344
116
392
201
395
92
116
395
2
240
395
187
58
386
0
93
50
336
212
344
180
331
183
19
232
192
317
19
188
19
392
28
392
388
141
257
0
365
372
167
253
19
238
365
391
365
76
392
386
187
281
21
395
166
272
19
392
344
246
55
43
331
0
123
214
200
369
212
187
163
304
395
167
14
372
217
179
0
212
1
392
332
371
372
56
310
392
332
43
125
395
172
75
333
233
231
7
225
225
225
225
178
308
225
365
187
24
123
395
187
179
18
171
392
149
277
339
107
38
187
395
170
132
68
45
242
0
68
295
243
339
107
366
299
344
226
52
187
7
356
132
333
355
231
395
187
58
386
0
93
50
336
212
344
180
331
183
19
232
192
317
19
188
19
392
28
392
388
141
257
0
365
372
167
253
19
238
365
391
365
76
392
386
187
281
21
395
166
272
19
392
344
246
55
43
331
0
123
214
200
369
212
187
163
304
395
167
14
372
217
179
0
212
1
392
332
371
372
56
310
392
332
43
125
395
172
75
333
233
231
7
225
225
225
225
178
308
225
365
187
24
123
395
187
179
18
171
392
149
277
339
107
38
187
395
170
132
68
45
242
0
68
295
243
339
107
366
299
344
226
52
187
7
356
132
333
355
231
372
167
253
19
238
365
391
365
76
392
386
187
281
21
395
166
272
19
392
344
246
55
43
331
0
123
214
200
369
212
187
163
304
395
167
14
372
217
179
0
212
1
392
332
371
372
56
310
392
332
43
125
395
172
75
333
233
231
7
225
225
225
225
178
308
225
365
187
24
123
395
187
179
18
171
392
149
277
339
107
38
187
395
170
132
68
45
242
0
68
295
243
339
107
366
299
344
226
52
187
7
356
132
333
355
231
369
212
187
163
304
395
167
14
372
217
179
0
212
1
392
332
371
372
56
310
392
332
43
125
395
172
75
333
233
231
7
225
225
225
225
178
308
225
365
187
24
123
395
187
179
18
171
392
149
277
339
107
38
187
395
170
132
68
45
242
0
68
295
243
339
107
366
299
344
226
52
187
7
356
132
333
355
231
233
231
7
225
225
225
225
178
308
225
365
187
24
123
395
187
179
18
171
392
149
277
339
107
38
187
395
170
132
68
45
242
0
68
295
243
339
107
366
299
344
226
52
187
7
356
132
333
355
231
24
123
395
187
179
18
171
392
149
277
339
107
38
187
395
170
132
68
45
242
0
68
295
243
339
107
366
299
344
226
52
187
7
356
132
333
355
231
123
395
187
179
18
171
392
149
277
339
107
38
187
395
170
132
68
45
242
0
68
295
243
339
107
366
299
344
226
52
187
7
356
132
333
355
231
187
179
18
171
392
149
277
339
107
38
187
395
170
132
68
45
242
0
68
295
243
339
107
366
299
344
226
52
187
7
356
132
333
355
231
99
