144
395
154
292
4
392
28
0
316
384
390
31
171
332
179
381
372
149
84
333
312
127
316
192
392
24
359
333
25
139
346
24
316
347
24
316
22
136
392
56
15
24
359
333
73
22
139
346
24
316
73
347
24
316
22
136
242
333
25
139
346
24
316
23
347
24
316
22
136
359
392
263
372
14
231
337
25
378
77
392
127
7
220
382
371
392
24
392
385
36
77
127
291
372
149
330
294
241
339
391
163
392
63
344
319
330
294
392
203
335
339
179
0
355
231
379
392
390
149
333
240
344
60
333
389
24
345
144
42
139
139
107
139
333
316
295
300
231
333
68
45
163
393
221
277
107
132
171
189
358
185
189
358
