0
332
235
138
216
231
154
292
363
373
132
18
45
231
74
17
271
31
333
19
231
167
261
302
153
115
28
18
332
235
212
331
28
14
231
358
386
246
218
180
166
344
19
332
377
339
392
235
395
177
344
177
344
181
0
231
384
26
345
378
161
124
214
177
161
161
366
377
339
98
127
204
161
333
19
0
206
214
391
167
225
50
304
161
98
386
214
336
366
0
231
268
19
161
195
176
19
344
339
88
161
221
137
50
152
379
214
314
137
391
11
141
154
292
32
95
68
0
314
127
342
214
293
93
31
333
124
167
214
119
344
75
68
19
333
344
310
214
124
133
342
332
161
333
231
36
18
366
25
344
181
333
45
231
268
26
206
384
26
172
167
386
333
243
19
388
344
43
19
334
74
175
161
366
373
28
45
19
11
391
386
151
243
231
206
112
333
167
231
235
333
134
231
333
243
19
19
188
132
304
202
15
31
333
325
386
298
19
106
19
344
19
333
142
179
332
28
18
206
392
137
344
205
19
110
386
337
348
45
206
149
39
214
375
333
247
127
104
244
372
104
244
357
19
372
79
104
244
344
98
19
36
43
386
18
253
19
337
391
149
344
204
11
137
167
333
179
332
232
0
161
303
156
392
344
36
252
231
246
74
19
392
181
161
109
392
344
326
133
9
231
395
32
333
112
24
127
14
333
291
110
235
181
0
268
123
19
359
395
19
326
333
342
344
205
19
395
36
374
19
161
156
344
296
392
31
134
154
292
65
231
231
65
231
231
333
345
344
126
358
235
246
53
107
225
225
225
216
231
154
292
14
287
284
356
99
