91
144
344
333
389
213
192
242
19
212
64
326
19
0
80
268
392
344
388
386
316
19
117
200
19
292
167
328
380
395
167
48
132
333
357
242
330
18
372
149
0
127
392
303
233
231
7
333
80
353
181
246
199
193
326
0
364
349
181
358
127
18
112
339
107
366
299
344
226
52
333
80
353
356
132
80
353
268
392
344
388
386
316
19
117
200
19
292
167
328
380
395
167
48
132
333
357
242
330
18
372
149
0
127
392
303
233
231
7
333
80
353
181
246
199
193
326
0
364
349
181
358
127
18
112
339
107
366
299
344
226
52
333
80
353
356
132
80
353
326
0
364
349
181
358
127
18
112
339
107
366
299
344
226
52
333
80
353
356
132
80
353
181
358
127
18
112
339
107
366
299
344
226
52
333
80
353
356
132
80
353
339
107
366
299
344
226
52
333
80
353
356
132
80
353
99
