363
167
377
230
68
179
192
181
358
127
0
321
365
88
235
131
182
225
321
365
88
339
179
18
14
88
365
268
94
344
138
392
18
195
31
230
392
399
149
333
240
344
326
0
55
349
32
307
301
19
205
85
316
19
117
280
152
116
244
241
56
399
181
358
235
182
225
61
247
246
244
321
365
88
372
15
232
194
364
301
19
175
28
374
28
244
167
253
365
240
344
137
344
185
230
43
296
14
333
241
381
230
2
7
17
12
316
191
230
68
225
102
68
308
230
234
225
372
277
395
78
170
132
316
295
300
163
392
263
221
344
277
107
132
230
68
66
152
344
356
377
230
68
179
192
181
358
127
0
321
365
88
235
131
182
225
321
365
88
339
179
18
14
88
365
268
94
344
138
392
18
195
31
230
392
399
149
333
240
344
326
0
55
349
32
307
301
19
205
85
316
19
117
280
152
116
244
241
56
399
181
358
235
182
225
61
247
246
244
321
365
88
372
15
232
194
364
301
19
175
28
374
28
244
167
253
365
240
344
137
344
185
230
43
296
14
333
241
381
230
2
7
17
12
316
191
230
68
225
102
68
308
230
234
225
372
277
395
78
170
132
316
295
300
163
392
263
221
344
277
107
132
230
68
66
152
344
356
116
244
241
56
399
181
358
235
182
225
61
247
246
244
321
365
88
372
15
232
194
364
301
19
175
28
374
28
244
167
253
365
240
344
137
344
185
230
43
296
14
333
241
381
230
2
7
17
12
316
191
230
68
225
102
68
308
230
234
225
372
277
395
78
170
132
316
295
300
163
392
263
221
344
277
107
132
230
68
66
152
344
356
372
15
232
194
364
301
19
175
28
374
28
244
167
253
365
240
344
137
344
185
230
43
296
14
333
241
381
230
2
7
17
12
316
191
230
68
225
102
68
308
230
234
225
372
277
395
78
170
132
316
295
300
163
392
263
221
344
277
107
132
230
68
66
152
344
356
381
230
2
7
17
12
316
191
230
68
225
102
68
308
230
234
225
372
277
395
78
170
132
316
295
300
163
392
263
221
344
277
107
132
230
68
66
152
344
356
2
7
17
12
316
191
230
68
225
102
68
308
230
234
225
372
277
395
78
170
132
316
295
300
163
392
263
221
344
277
107
132
230
68
66
152
344
356
7
17
12
316
191
230
68
225
102
68
308
230
234
225
372
277
395
78
170
132
316
295
300
163
392
263
221
344
277
107
132
230
68
66
152
344
356
316
191
230
68
225
102
68
308
230
234
225
372
277
395
78
170
132
316
295
300
163
392
263
221
344
277
107
132
230
68
66
152
344
356
230
68
225
102
68
308
230
234
225
372
277
395
78
170
132
316
295
300
163
392
263
221
344
277
107
132
230
68
66
152
344
356
99
