144
235
395
297
344
24
344
355
386
246
253
9
25
139
346
24
316
103
23
347
24
316
22
136
114
344
77
392
127
7
19
344
137
140
24
331
378
392
24
344
139
346
24
316
103
23
347
24
316
22
136
395
337
151
220
25
120
120
0
350
7
92
291
0
25
115
241
231
330
294
394
0
127
104
391
235
246
55
332
388
247
344
305
127
392
19
395
119
19
220
144
372
26
66
152
344
137
310
235
395
253
9
25
224
139
346
24
316
103
23
347
24
316
22
136
303
139
270
392
375
297
344
24
38
161
392
390
4
320
152
167
31
236
231
246
212
331
225
242
341
238
326
333
219
313
19
319
395
25
287
224
139
346
24
316
103
23
347
24
316
22
136
139
333
68
45
316
295
300
163
393
221
277
107
355
189
358
185
189
358
