142
144
395
177
344
36
333
124
316
344
24
127
7
19
291
139
346
24
316
347
24
316
22
136
31
333
355
231
64
66
333
41
332
393
263
344
319
372
98
221
149
0
263
25
139
346
24
316
347
24
316
22
136
73
22
139
346
24
316
347
24
316
22
136
220
294
220
111
19
220
231
278
26
282
395
25
179
75
394
277
127
2
291
19
7
176
333
355
268
372
26
114
344
277
395
25
127
246
219
65
303
139
270
333
355
231
179
28
0
42
361
355
52
345
333
286
19
253
344
246
2
268
19
246
235
316
320
24
31
246
307
359
246
25
139
346
24
316
347
24
316
22
136
242
73
22
139
346
24
316
347
24
316
22
136
139
316
295
300
231
333
68
45
163
393
221
277
107
132
333
355
231
189
358
185
189
358
