36
333
124
344
280
127
184
198
144
179
224
239
127
246
219
184
198
235
33
225
36
333
124
344
284
395
31
246
213
239
157
115
127
316
280
224
184
198
289
33
225
225
198
55
396
167
0
88
116
231
246
37
55
389
117
19
85
316
384
26
114
344
373
392
344
333
124
313
167
4
395
280
224
339
107
366
299
344
226
52
198
356
132
196
311
355
235
33
225
36
333
124
344
284
395
31
246
213
239
157
115
127
316
280
224
184
198
289
33
225
225
198
55
396
167
0
88
116
231
246
37
55
389
117
19
85
316
384
26
114
344
373
392
344
333
124
313
167
4
395
280
224
339
107
366
299
344
226
52
198
356
132
196
311
355
31
246
213
239
157
115
127
316
280
224
184
198
289
33
225
225
198
55
396
167
0
88
116
231
246
37
55
389
117
19
85
316
384
26
114
344
373
392
344
333
124
313
167
4
395
280
224
339
107
366
299
344
226
52
198
356
132
196
311
355
184
198
289
33
225
225
198
55
396
167
0
88
116
231
246
37
55
389
117
19
85
316
384
26
114
344
373
392
344
333
124
313
167
4
395
280
224
339
107
366
299
344
226
52
198
356
132
196
311
355
289
33
225
225
198
55
396
167
0
88
116
231
246
37
55
389
117
19
85
316
384
26
114
344
373
392
344
333
124
313
167
4
395
280
224
339
107
366
299
344
226
52
198
356
132
196
311
355
280
224
339
107
366
299
344
226
52
198
356
132
196
311
355
339
107
366
299
344
226
52
198
356
132
196
311
355
99
