91
144
163
392
26
344
47
307
231
2
240
19
110
55
372
156
392
385
77
24
152
179
392
217
344
185
344
137
395
25
310
158
344
24
319
395
25
344
47
238
333
73
25
333
385
392
341
333
267
231
269
333
394
217
344
24
28
0
124
391
316
10
47
18
106
31
47
179
212
10
331
392
340
359
246
68
344
151
392
395
68
19
395
127
217
291
19
89
333
105
92
25
89
179
223
225
19
333
92
25
89
179
225
126
395
392
385
277
18
107
132
333
233
231
68
7
231
395
73
25
7
92
385
36
167
127
105
92
19
52
105
127
92
292
387
333
73
25
392
385
36
386
238
242
241
231
177
292
19
344
282
292
168
2
19
231
278
372
332
392
40
333
267
105
344
138
335
231
342
344
333
89
319
0
362
333
362
179
0
278
240
344
47
233
231
68
7
212
1
384
392
26
167
395
249
333
170
269
167
395
25
302
0
350
210
253
362
179
0
151
371
344
358
384
392
26
19
381
392
26
172
167
32
47
163
392
149
272
1
24
344
47
372
278
392
286
246
151
25
19
372
109
392
344
76
386
85
47
316
386
20
272
1
191
31
47
372
195
129
344
137
344
185
392
303
233
231
68
7
47
355
233
231
68
7
269
326
0
364
349
231
55
272
1
191
31
47
29
0
47
316
339
107
366
299
344
226
52
47
355
356
132
47
355
333
385
392
341
333
267
231
269
333
394
217
344
24
28
0
124
391
316
10
47
18
106
31
47
179
212
10
331
392
340
359
246
68
344
151
392
395
68
19
395
127
217
291
19
89
333
105
92
25
89
179
223
225
19
333
92
25
89
179
225
126
395
392
385
277
18
107
132
333
233
231
68
7
231
395
73
25
7
92
385
36
167
127
105
92
19
52
105
127
92
292
387
333
73
25
392
385
36
386
238
242
241
231
177
292
19
344
282
292
168
2
19
231
278
372
332
392
40
333
267
105
344
138
335
231
342
344
333
89
319
0
362
333
362
179
0
278
240
344
47
233
231
68
7
212
1
384
392
26
167
395
249
333
170
269
167
395
25
302
0
350
210
253
362
179
0
151
371
344
358
384
392
26
19
381
392
26
172
167
32
47
163
392
149
272
1
24
344
47
372
278
392
286
246
151
25
19
372
109
392
344
76
386
85
47
316
386
20
272
1
191
31
47
372
195
129
344
137
344
185
392
303
233
231
68
7
47
355
233
231
68
7
269
326
0
364
349
231
55
272
1
191
31
47
29
0
47
316
339
107
366
299
344
226
52
47
355
356
132
47
355
344
151
392
395
68
19
395
127
217
291
19
89
333
105
92
25
89
179
223
225
19
333
92
25
89
179
225
126
395
392
385
277
18
107
132
333
233
231
68
7
231
395
73
25
7
92
385
36
167
127
105
92
19
52
105
127
92
292
387
333
73
25
392
385
36
386
238
242
241
231
177
292
19
344
282
292
168
2
19
231
278
372
332
392
40
333
267
105
344
138
335
231
342
344
333
89
319
0
362
333
362
179
0
278
240
344
47
233
231
68
7
212
1
384
392
26
167
395
249
333
170
269
167
395
25
302
0
350
210
253
362
179
0
151
371
344
358
384
392
26
19
381
392
26
172
167
32
47
163
392
149
272
1
24
344
47
372
278
392
286
246
151
25
19
372
109
392
344
76
386
85
47
316
386
20
272
1
191
31
47
372
195
129
344
137
344
185
392
303
233
231
68
7
47
355
233
231
68
7
269
326
0
364
349
231
55
272
1
191
31
47
29
0
47
316
339
107
366
299
344
226
52
47
355
356
132
47
355
25
89
179
223
225
19
333
92
25
89
179
225
126
395
392
385
277
18
107
132
333
233
231
68
7
231
395
73
25
7
92
385
36
167
127
105
92
19
52
105
127
92
292
387
333
73
25
392
385
36
386
238
242
241
231
177
292
19
344
282
292
168
2
19
231
278
372
332
392
40
333
267
105
344
138
335
231
342
344
333
89
319
0
362
333
362
179
0
278
240
344
47
233
231
68
7
212
1
384
392
26
167
395
249
333
170
269
167
395
25
302
0
350
210
253
362
179
0
151
371
344
358
384
392
26
19
381
392
26
172
167
32
47
163
392
149
272
1
24
344
47
372
278
392
286
246
151
25
19
372
109
392
344
76
386
85
47
316
386
20
272
1
191
31
47
372
195
129
344
137
344
185
392
303
233
231
68
7
47
355
233
231
68
7
269
326
0
364
349
231
55
272
1
191
31
47
29
0
47
316
339
107
366
299
344
226
52
47
355
356
132
47
355
25
89
179
225
126
395
392
385
277
18
107
132
333
233
231
68
7
231
395
73
25
7
92
385
36
167
127
105
92
19
52
105
127
92
292
387
333
73
25
392
385
36
386
238
242
241
231
177
292
19
344
282
292
168
2
19
231
278
372
332
392
40
333
267
105
344
138
335
231
342
344
333
89
319
0
362
333
362
179
0
278
240
344
47
233
231
68
7
212
1
384
392
26
167
395
249
333
170
269
167
395
25
302
0
350
210
253
362
179
0
151
371
344
358
384
392
26
19
381
392
26
172
167
32
47
163
392
149
272
1
24
344
47
372
278
392
286
246
151
25
19
372
109
392
344
76
386
85
47
316
386
20
272
1
191
31
47
372
195
129
344
137
344
185
392
303
233
231
68
7
47
355
233
231
68
7
269
326
0
364
349
231
55
272
1
191
31
47
29
0
47
316
339
107
366
299
344
226
52
47
355
356
132
47
355
168
2
19
231
278
372
332
392
40
333
267
105
344
138
335
231
342
344
333
89
319
0
362
333
362
179
0
278
240
344
47
233
231
68
7
212
1
384
392
26
167
395
249
333
170
269
167
395
25
302
0
350
210
253
362
179
0
151
371
344
358
384
392
26
19
381
392
26
172
167
32
47
163
392
149
272
1
24
344
47
372
278
392
286
246
151
25
19
372
109
392
344
76
386
85
47
316
386
20
272
1
191
31
47
372
195
129
344
137
344
185
392
303
233
231
68
7
47
355
233
231
68
7
269
326
0
364
349
231
55
272
1
191
31
47
29
0
47
316
339
107
366
299
344
226
52
47
355
356
132
47
355
179
0
278
240
344
47
233
231
68
7
212
1
384
392
26
167
395
249
333
170
269
167
395
25
302
0
350
210
253
362
179
0
151
371
344
358
384
392
26
19
381
392
26
172
167
32
47
163
392
149
272
1
24
344
47
372
278
392
286
246
151
25
19
372
109
392
344
76
386
85
47
316
386
20
272
1
191
31
47
372
195
129
344
137
344
185
392
303
233
231
68
7
47
355
233
231
68
7
269
326
0
364
349
231
55
272
1
191
31
47
29
0
47
316
339
107
366
299
344
226
52
47
355
356
132
47
355
19
372
109
392
344
76
386
85
47
316
386
20
272
1
191
31
47
372
195
129
344
137
344
185
392
303
233
231
68
7
47
355
233
231
68
7
269
326
0
364
349
231
55
272
1
191
31
47
29
0
47
316
339
107
366
299
344
226
52
47
355
356
132
47
355
386
20
272
1
191
31
47
372
195
129
344
137
344
185
392
303
233
231
68
7
47
355
233
231
68
7
269
326
0
364
349
231
55
272
1
191
31
47
29
0
47
316
339
107
366
299
344
226
52
47
355
356
132
47
355
272
1
191
31
47
29
0
47
316
339
107
366
299
344
226
52
47
355
356
132
47
355
339
107
366
299
344
226
52
47
355
356
132
47
355
99
