91
144
372
26
114
344
170
392
332
179
224
7
25
127
333
321
19
118
225
336
179
220
43
342
344
36
0
19
372
156
394
77
127
395
68
106
179
330
241
0
330
241
171
127
321
19
118
225
333
355
221
282
18
242
294
344
36
77
127
7
242
291
344
24
330
241
242
344
168
0
330
294
167
395
25
179
0
92
19
56
221
36
60
333
25
179
319
291
316
384
24
386
0
330
294
242
28
330
241
385
36
77
127
291
170
269
235
333
7
25
385
36
359
344
291
398
220
291
25
385
36
282
291
170
385
36
306
158
344
24
127
7
344
24
127
7
316
385
75
19
319
333
25
127
7
19
225
25
120
163
392
26
24
330
241
258
286
333
330
241
261
319
154
292
319
242
294
163
392
369
180
77
127
7
19
291
127
272
242
30
258
98
221
344
78
352
7
140
96
231
7
233
231
352
7
339
107
366
299
344
226
258
66
152
344
395
356
397
225
14
287
284
352
7
225
225
355
225
266
261
231
359
99
