280
127
184
198
345
144
184
198
179
344
21
381
198
179
333
125
127
392
372
390
197
344
296
392
31
246
213
239
157
112
344
392
158
344
201
395
392
19
395
119
26
177
344
181
358
211
33
225
344
188
212
1
333
198
316
115
19
137
170
1
333
25
19
7
267
284
395
152
184
198
211
33
225
225
198
55
372
26
195
129
344
205
392
19
21
14
395
272
1
198
284
395
152
339
107
366
299
344
226
52
198
356
132
196
311
355
179
344
21
381
198
179
333
125
127
392
372
390
197
344
296
392
31
246
213
239
157
112
344
392
158
344
201
395
392
19
395
119
26
177
344
181
358
211
33
225
344
188
212
1
333
198
316
115
19
137
170
1
333
25
19
7
267
284
395
152
184
198
211
33
225
225
198
55
372
26
195
129
344
205
392
19
21
14
395
272
1
198
284
395
152
339
107
366
299
344
226
52
198
356
132
196
311
355
344
392
158
344
201
395
392
19
395
119
26
177
344
181
358
211
33
225
344
188
212
1
333
198
316
115
19
137
170
1
333
25
19
7
267
284
395
152
184
198
211
33
225
225
198
55
372
26
195
129
344
205
392
19
21
14
395
272
1
198
284
395
152
339
107
366
299
344
226
52
198
356
132
196
311
355
392
19
395
119
26
177
344
181
358
211
33
225
344
188
212
1
333
198
316
115
19
137
170
1
333
25
19
7
267
284
395
152
184
198
211
33
225
225
198
55
372
26
195
129
344
205
392
19
21
14
395
272
1
198
284
395
152
339
107
366
299
344
226
52
198
356
132
196
311
355
344
188
212
1
333
198
316
115
19
137
170
1
333
25
19
7
267
284
395
152
184
198
211
33
225
225
198
55
372
26
195
129
344
205
392
19
21
14
395
272
1
198
284
395
152
339
107
366
299
344
226
52
198
356
132
196
311
355
184
198
211
33
225
225
198
55
372
26
195
129
344
205
392
19
21
14
395
272
1
198
284
395
152
339
107
366
299
344
226
52
198
356
132
196
311
355
211
33
225
225
198
55
372
26
195
129
344
205
392
19
21
14
395
272
1
198
284
395
152
339
107
366
299
344
226
52
198
356
132
196
311
355
339
107
366
299
344
226
52
198
356
132
196
311
355
99
