280
127
395
321
265
88
395
219
313
36
235
55
144
332
381
395
177
344
0
321
265
88
31
355
280
224
384
392
379
355
377
344
188
158
375
201
395
68
115
10
19
326
0
349
231
246
225
55
378
63
132
337
227
31
225
16
227
31
225
259
227
31
225
16
227
31
225
259
158
152
344
395
374
296
392
306
144
355
233
231
7
225
225
225
236
355
164
225
339
107
366
299
344
226
52
355
7
356
132
355
384
392
379
355
377
344
188
158
375
201
395
68
115
10
19
326
0
349
231
246
225
55
378
63
132
337
227
31
225
16
227
31
225
259
227
31
225
16
227
31
225
259
158
152
344
395
374
296
392
306
144
355
233
231
7
225
225
225
236
355
164
225
339
107
366
299
344
226
52
355
7
356
132
355
374
296
392
306
144
355
233
231
7
225
225
225
236
355
164
225
339
107
366
299
344
226
52
355
7
356
132
355
99
