91
233
231
352
7
177
392
344
181
358
127
0
316
235
211
33
225
31
227
259
342
339
179
0
142
240
344
150
132
85
316
1
377
180
192
344
36
0
19
110
386
305
194
28
0
371
344
76
392
386
316
132
0
231
19
172
344
151
392
176
333
115
14
272
19
26
373
163
392
57
201
180
61
247
236
231
246
244
364
112
372
57
367
344
296
392
336
233
231
352
7
355
233
231
352
7
225
225
326
0
364
349
231
55
339
107
366
299
344
226
52
355
356
132
355
372
57
367
344
296
392
336
233
231
352
7
355
233
231
352
7
225
225
326
0
364
349
231
55
339
107
366
299
344
226
52
355
356
132
355
339
107
366
299
344
226
52
355
356
132
355
99
