310
395
25
345
144
246
25
179
224
194
137
0
310
333
292
391
40
336
26
350
371
392
56
24
127
7
25
242
73
25
372
98
221
263
236
25
248
333
244
344
151
392
137
310
246
25
127
313
52
313
127
75
395
25
163
392
369
0
92
333
297
333
105
5
241
235
395
25
19
319
180
52
225
36
323
344
24
52
246
92
89
231
225
377
310
152
233
231
352
7
225
315
3
68
225
255
228
107
7
339
107
366
299
344
226
52
7
356
132
7
179
224
194
137
0
310
333
292
391
40
336
26
350
371
392
56
24
127
7
25
242
73
25
372
98
221
263
236
25
248
333
244
344
151
392
137
310
246
25
127
313
52
313
127
75
395
25
163
392
369
0
92
333
297
333
105
5
241
235
395
25
19
319
180
52
225
36
323
344
24
52
246
92
89
231
225
377
310
152
233
231
352
7
225
315
3
68
225
255
228
107
7
339
107
366
299
344
226
52
7
356
132
7
242
73
25
372
98
221
263
236
25
248
333
244
344
151
392
137
310
246
25
127
313
52
313
127
75
395
25
163
392
369
0
92
333
297
333
105
5
241
235
395
25
19
319
180
52
225
36
323
344
24
52
246
92
89
231
225
377
310
152
233
231
352
7
225
315
3
68
225
255
228
107
7
339
107
366
299
344
226
52
7
356
132
7
372
98
221
263
236
25
248
333
244
344
151
392
137
310
246
25
127
313
52
313
127
75
395
25
163
392
369
0
92
333
297
333
105
5
241
235
395
25
19
319
180
52
225
36
323
344
24
52
246
92
89
231
225
377
310
152
233
231
352
7
225
315
3
68
225
255
228
107
7
339
107
366
299
344
226
52
7
356
132
7
127
313
52
313
127
75
395
25
163
392
369
0
92
333
297
333
105
5
241
235
395
25
19
319
180
52
225
36
323
344
24
52
246
92
89
231
225
377
310
152
233
231
352
7
225
315
3
68
225
255
228
107
7
339
107
366
299
344
226
52
7
356
132
7
255
228
107
7
339
107
366
299
344
226
52
7
356
132
7
99
