160
144
333
25
344
24
344
355
28
0
124
391
316
43
28
0
127
225
179
224
239
31
375
320
28
372
377
180
344
36
167
18
60
389
264
392
127
395
58
333
213
307
1
179
246
344
151
392
123
0
19
0
43
371
231
340
310
395
7
25
224
19
201
323
180
52
246
105
5
89
231
225
339
385
395
127
7
291
177
344
333
68
19
344
14
268
310
395
160
28
392
264
344
24
372
109
392
344
365
333
126
250
330
261
146
330
241
7
19
291
261
363
127
319
291
286
241
19
188
158
170
167
333
7
25
179
359
127
55
291
19
68
177
42
28
392
40
395
298
391
140
395
7
328
7
225
225
225
377
179
0
124
391
316
0
124
391
316
179
0
316
140
344
68
127
333
124
342
11
154
292
18
68
268
242
75
0
221
0
124
391
316
188
212
1
24
344
31
75
7
25
168
25
73
22
168
154
292
19
225
25
120
242
120
316
384
127
18
294
344
36
77
167
286
334
294
235
333
7
22
383
278
111
19
244
26
241
316
384
344
36
77
127
293
242
7
344
333
292
231
319
337
19
75
18
7
25
52
333
105
5
89
268
26
118
237
363
170
31
365
160
363
160
381
160
126
358
235
160
160
160
160
231
355
225
225
52
204
132
134
207
359
0
