201
113
144
201
113
336
26
350
354
268
31
333
355
231
332
392
344
395
352
19
141
93
167
391
235
395
31
333
24
224
205
344
316
268
316
203
24
338
149
225
242
212
352
392
56
123
170
1
268
167
333
141
242
84
344
337
268
269
19
188
172
167
18
18
352
200
24
344
333
242
84
344
201
231
333
213
231
395
342
31
19
24
345
201
231
333
213
231
395
342
31
345
225
225
225
130
225
225
225
233
231
352
7
225
225
339
107
366
299
344
226
52
333
355
231
356
132
333
355
231
205
344
316
268
316
203
24
338
149
225
242
212
352
392
56
123
170
1
268
167
333
141
242
84
344
337
268
269
19
188
172
167
18
18
352
200
24
344
333
242
84
344
201
231
333
213
231
395
342
31
19
24
345
201
231
333
213
231
395
342
31
345
225
225
225
130
225
225
225
233
231
352
7
225
225
339
107
366
299
344
226
52
333
355
231
356
132
333
355
231
316
203
24
338
149
225
242
212
352
392
56
123
170
1
268
167
333
141
242
84
344
337
268
269
19
188
172
167
18
18
352
200
24
344
333
242
84
344
201
231
333
213
231
395
342
31
19
24
345
201
231
333
213
231
395
342
31
345
225
225
225
130
225
225
225
233
231
352
7
225
225
339
107
366
299
344
226
52
333
355
231
356
132
333
355
231
242
84
344
337
268
269
19
188
172
167
18
18
352
200
24
344
333
242
84
344
201
231
333
213
231
395
342
31
19
24
345
201
231
333
213
231
395
342
31
345
225
225
225
130
225
225
225
233
231
352
7
225
225
339
107
366
299
344
226
52
333
355
231
356
132
333
355
231
242
84
344
337
268
269
19
188
172
167
18
18
352
200
24
344
333
242
84
344
201
231
333
213
231
395
342
31
19
24
345
201
231
333
213
231
395
342
31
345
225
225
225
130
225
225
225
233
231
352
7
225
225
339
107
366
299
344
226
52
333
355
231
356
132
333
355
231
344
337
268
269
19
188
172
167
18
18
352
200
24
344
333
242
84
344
201
231
333
213
231
395
342
31
19
24
345
201
231
333
213
231
395
342
31
345
225
225
225
130
225
225
225
233
231
352
7
225
225
339
107
366
299
344
226
52
333
355
231
356
132
333
355
231
344
333
242
84
344
201
231
333
213
231
395
342
31
19
24
345
201
231
333
213
231
395
342
31
345
225
225
225
130
225
225
225
233
231
352
7
225
225
339
107
366
299
344
226
52
333
355
231
356
132
333
355
231
201
231
333
213
231
395
342
31
345
225
225
225
130
225
225
225
233
231
352
7
225
225
339
107
366
299
344
226
52
333
355
231
356
132
333
355
231
225
225
225
130
225
225
225
233
231
352
7
225
225
339
107
366
299
344
226
52
333
355
231
356
132
333
355
231
99
