61
247
14
333
241
34
233
231
7
19
122
144
257
0
365
345
28
372
247
0
218
231
55
365
241
161
369
344
260
247
350
142
241
344
77
88
396
167
55
191
127
0
88
169
365
253
0
365
344
55
86
127
392
220
377
241
392
392
185
332
163
392
212
331
225
344
55
372
385
357
344
225
231
395
257
0
365
144
163
392
149
272
242
0
307
183
189
358
185
54
365
328
54
355
225
225
225
225
225
225
225
225
339
107
366
299
344
226
52
54
365
328
356
132
54
355
163
392
149
272
242
0
307
183
189
358
185
54
365
328
54
355
225
225
225
225
225
225
225
225
339
107
366
299
344
226
52
54
365
328
356
132
54
355
225
225
225
339
107
366
299
344
226
52
54
365
328
356
132
54
355
339
107
366
299
344
226
52
54
365
328
356
132
54
355
99
