344
363
339
107
28
0
250
140
344
333
41
242
19
180
176
395
393
195
167
144
113
391
373
169
176
246
74
395
253
4
19
2
320
201
392
18
125
127
246
68
359
18
344
253
395
25
66
333
41
344
333
267
231
24
344
326
210
344
180
247
19
40
395
345
253
395
25
267
345
71
115
31
246
321
265
88
115
339
321
372
26
114
344
373
316
176
333
68
25
267
19
372
369
344
332
267
392
336
385
36
0
59
344
76
386
85
316
248
19
19
344
29
20
272
333
68
25
267
392
385
15
149
333
240
344
349
246
37
55
280
345
272
375
152
344
151
