91
144
375
392
344
32
145
167
253
321
265
88
372
149
241
127
392
364
321
265
88
179
145
364
231
246
321
239
157
150
132
316
117
19
309
31
145
19
188
377
201
246
55
19
74
354
280
127
246
364
321
265
88
235
182
225
303
145
68
233
231
7
145
68
233
231
7
225
251
315
145
178
225
225
225
225
225
145
68
179
72
344
0
261
231
167
231
7
108
19
157
19
167
3
344
19
167
180
106
268
300
242
6
220
253
36
235
333
231
216
242
135
135
19
312
242
395
266
179
166
344
358
28
179
395
169
339
107
366
299
344
226
52
145
68
356
132
145
68
303
145
68
233
231
7
145
68
233
231
7
225
251
315
145
178
225
225
225
225
225
145
68
179
72
344
0
261
231
167
231
7
108
19
157
19
167
3
344
19
167
180
106
268
300
242
6
220
253
36
235
333
231
216
242
135
135
19
312
242
395
266
179
166
344
358
28
179
395
169
339
107
366
299
344
226
52
145
68
356
132
145
68
99
