27
17
293
7
144
188
377
201
0
111
111
278
330
122
12
336
0
332
176
24
344
68
50
375
152
344
151
201
180
181
230
7
309
127
0
231
339
321
332
385
42
127
395
68
295
19
25
267
246
219
301
179
33
225
31
227
259
247
343
127
333
42
68
111
333
68
111
56
36
333
213
252
231
333
25
50
180
36
333
111
179
0
142
240
344
395
253
19
374
1
333
98
19
378
180
71
344
0
19
395
314
167
225
242
156
344
296
392
334
336
280
224
339
179
236
231
0
252
321
363
333
133
112
19
280
127
301
235
246
364
110
250
274
1
191
31
230
235
333
230
68
231
27
19
293
7
255
225
225
225
107
69
225
102
68
308
230
234
225
339
107
366
299
344
226
52
230
68
356
132
230
68
7
339
179
236
231
0
252
321
363
333
133
112
19
280
127
301
235
246
364
110
250
274
1
191
31
230
235
333
230
68
231
27
19
293
7
255
225
225
225
107
69
225
102
68
308
230
234
225
339
107
366
299
344
226
52
230
68
356
132
230
68
7
274
1
191
31
230
235
333
230
68
231
27
19
293
7
255
225
225
225
107
69
225
102
68
308
230
234
225
339
107
366
299
344
226
52
230
68
356
132
230
68
7
68
231
27
19
293
7
255
225
225
225
107
69
225
102
68
308
230
234
225
339
107
366
299
344
226
52
230
68
356
132
230
68
7
107
69
225
102
68
308
230
234
225
339
107
366
299
344
226
52
230
68
356
132
230
68
7
99
