326
0
195
31
158
316
149
334
321
231
91
144
333
321
179
133
231
188
19
191
115
127
202
284
355
316
168
283
167
382
225
231
316
19
174
225
287
152
167
202
316
137
354
235
188
240
341
333
19
174
104
321
202
316
167
333
27
19
293
26
297
127
337
240
333
321
231
337
316
19
271
383
48
334
28
338
39
333
219
136
231
74
152
26
305
142
231
231
31
344
3
344
19
386
333
74
235
173
317
19
317
151
344
257
333
27
31
127
333
27
18
243
332
269
65
19
167
333
27
19
293
283
42
127
18
127
307
19
74
19
30
386
264
31
18
243
332
169
386
388
386
333
19
268
309
31
68
224
382
344
106
333
173
317
141
317
231
243
322
333
231
0
218
243
268
31
127
106
382
344
106
235
333
293
231
60
293
30
386
112
19
6
28
374
28
333
231
267
127
231
18
243
332
269
172
130
344
322
110
19
386
19
19
47
74
31
395
321
28
0
316
144
19
333
332
385
71
132
335
42
90
231
352
7
372
369
344
185
392
43
358
1
396
