363
167
144
392
123
395
125
31
143
399
288
381
372
399
302
1
246
115
19
235
395
68
295
163
392
121
332
392
399
0
386
358
189
358
185
392
399
192
344
188
212
339
385
36
246
107
369
344
188
212
372
399
79
302
170
235
365
241
89
19
244
381
336
26
276
381
143
355
36
235
395
193
152
26
183
225
231
335
161
392
18
170
110
19
68
295
96
231
352
7
143
355
225
102
68
143
164
225
372
277
395
78
170
132
316
295
300
163
392
263
221
344
277
107
132
143
355
66
152
344
356
144
392
123
395
125
31
143
399
288
381
372
399
302
1
246
115
19
235
395
68
295
163
392
121
332
392
399
0
386
358
189
358
185
392
399
192
344
188
212
339
385
36
246
107
369
344
188
212
372
399
79
302
170
235
365
241
89
19
244
381
336
26
276
381
143
355
36
235
395
193
152
26
183
225
231
335
161
392
18
170
110
19
68
295
96
231
352
7
143
355
225
102
68
143
164
225
372
277
395
78
170
132
316
295
300
163
392
263
221
344
277
107
132
143
355
66
152
344
356
99
