91
144
98
392
149
257
127
333
321
372
203
36
0
50
372
340
336
220
43
371
344
0
321
88
331
365
324
55
185
1
324
358
344
372
26
0
74
231
227
316
379
386
71
127
333
73
333
231
333
124
324
179
15
10
19
3
212
331
231
324
316
277
122
12
19
248
225
231
65
149
333
124
136
167
334
119
344
32
68
372
156
304
181
358
235
55
127
0
349
19
170
301
365
55
235
395
249
290
19
357
127
0
349
163
392
57
201
180
344
55
61
247
246
364
241
324
179
344
365
380
392
71
52
225
210
132
254
173
19
242
161
225
161
225
163
392
149
20
272
258
107
358
31
372
156
344
296
392
306
149
0
142
321
303
333
231
333
324
7
233
192
344
53
392
377
393
192
344
36
53
163
372
26
359
333
215
258
107
7
324
68
7
225
225
225
339
107
366
299
344
226
52
324
68
356
132
324
68
365
55
235
395
249
290
19
357
127
0
349
163
392
57
201
180
344
55
61
247
246
364
241
324
179
344
365
380
392
71
52
225
210
132
254
173
19
242
161
225
161
225
163
392
149
20
272
258
107
358
31
372
156
344
296
392
306
149
0
142
321
303
333
231
333
324
7
233
192
344
53
392
377
393
192
344
36
53
163
372
26
359
333
215
258
107
7
324
68
7
225
225
225
339
107
366
299
344
226
52
324
68
356
132
324
68
163
392
57
201
180
344
55
61
247
246
364
241
324
179
344
365
380
392
71
52
225
210
132
254
173
19
242
161
225
161
225
163
392
149
20
272
258
107
358
31
372
156
344
296
392
306
149
0
142
321
303
333
231
333
324
7
233
192
344
53
392
377
393
192
344
36
53
163
372
26
359
333
215
258
107
7
324
68
7
225
225
225
339
107
366
299
344
226
52
324
68
356
132
324
68
324
179
344
365
380
392
71
52
225
210
132
254
173
19
242
161
225
161
225
163
392
149
20
272
258
107
358
31
372
156
344
296
392
306
149
0
142
321
303
333
231
333
324
7
233
192
344
53
392
377
393
192
344
36
53
163
372
26
359
333
215
258
107
7
324
68
7
225
225
225
339
107
366
299
344
226
52
324
68
356
132
324
68
324
68
7
225
225
225
339
107
366
299
344
226
52
324
68
356
132
324
68
339
107
366
299
344
226
52
324
68
356
132
324
68
99
