336
342
344
181
358
144
144
336
342
344
280
344
181
358
127
246
97
51
265
88
339
235
55
365
168
18
2
19
316
191
0
316
349
231
55
19
240
344
29
272
231
85
117
206
333
349
394
149
333
240
344
296
246
218
293
147
218
49
212
97
51
265
88
131
182
225
225
131
33
225
225
227
227
259
280
224
246
225
55
167
385
121
192
155
19
246
216
2
385
392
357
127
320
11
141
50
180
246
316
384
385
392
26
333
231
19
221
344
201
236
231
337
372
15
232
244
235
55
19
364
365
241
333
391
188
212
19
290
395
344
55
235
246
225
35
167
225
225
225
225
339
107
366
299
344
226
52
51
355
356
132
14
207
132
51
355
233
231
7
339
235
55
365
168
18
2
19
316
191
0
316
349
231
55
19
240
344
29
272
231
85
117
206
333
349
394
149
333
240
344
296
246
218
293
147
218
49
212
97
51
265
88
131
182
225
225
131
33
225
225
227
227
259
280
224
246
225
55
167
385
121
192
155
19
246
216
2
385
392
357
127
320
11
141
50
180
246
316
384
385
392
26
333
231
19
221
344
201
236
231
337
372
15
232
244
235
55
19
364
365
241
333
391
188
212
19
290
395
344
55
235
246
225
35
167
225
225
225
225
339
107
366
299
344
226
52
51
355
356
132
14
207
132
51
355
233
231
7
147
218
49
212
97
51
265
88
131
182
225
225
131
33
225
225
227
227
259
280
224
246
225
55
167
385
121
192
155
19
246
216
2
385
392
357
127
320
11
141
50
180
246
316
384
385
392
26
333
231
19
221
344
201
236
231
337
372
15
232
244
235
55
19
364
365
241
333
391
188
212
19
290
395
344
55
235
246
225
35
167
225
225
225
225
339
107
366
299
344
226
52
51
355
356
132
14
207
132
51
355
233
231
7
218
49
212
97
51
265
88
131
182
225
225
131
33
225
225
227
227
259
280
224
246
225
55
167
385
121
192
155
19
246
216
2
385
392
357
127
320
11
141
50
180
246
316
384
385
392
26
333
231
19
221
344
201
236
231
337
372
15
232
244
235
55
19
364
365
241
333
391
188
212
19
290
395
344
55
235
246
225
35
167
225
225
225
225
339
107
366
299
344
226
52
51
355
356
132
14
207
132
51
355
233
231
7
246
225
55
167
385
121
192
155
19
246
216
2
385
392
357
127
320
11
141
50
180
246
316
384
385
392
26
333
231
19
221
344
201
236
231
337
372
15
232
244
235
55
19
364
365
241
333
391
188
212
19
290
395
344
55
235
246
225
35
167
225
225
225
225
339
107
366
299
344
226
52
51
355
356
132
14
207
132
51
355
233
231
7
167
385
121
192
155
19
246
216
2
385
392
357
127
320
11
141
50
180
246
316
384
385
392
26
333
231
19
221
344
201
236
231
337
372
15
232
244
235
55
19
364
365
241
333
391
188
212
19
290
395
344
55
235
246
225
35
167
225
225
225
225
339
107
366
299
344
226
52
51
355
356
132
14
207
132
51
355
233
231
7
225
35
167
225
225
225
225
339
107
366
299
344
226
52
51
355
356
132
14
207
132
51
355
233
231
7
99
