333
219
364
301
179
91
144
81
68
231
27
19
293
179
18
190
27
19
293
68
31
333
231
18
173
283
171
372
232
225
200
167
167
344
333
225
209
19
227
83
81
352
68
19
372
109
392
344
116
127
350
391
0
200
336
26
212
364
112
339
321
19
333
219
170
301
179
280
31
333
41
19
181
358
344
188
212
1
377
146
344
232
364
170
301
19
2
19
58
182
225
225
227
259
227
259
283
19
307
2
240
182
225
225
227
259
227
259
7
170
301
33
225
225
227
259
227
259
372
156
344
76
386
392
306
225
96
231
7
68
231
27
17
293
68
231
27
17
293
81
355
229
225
225
225
339
107
366
299
344
226
52
81
7
356
132
68
231
27
19
293
167
344
333
225
209
19
227
83
81
352
68
19
372
109
392
344
116
127
350
391
0
200
336
26
212
364
112
339
321
19
333
219
170
301
179
280
31
333
41
19
181
358
344
188
212
1
377
146
344
232
364
170
301
19
2
19
58
182
225
225
227
259
227
259
283
19
307
2
240
182
225
225
227
259
227
259
7
170
301
33
225
225
227
259
227
259
372
156
344
76
386
392
306
225
96
231
7
68
231
27
17
293
68
231
27
17
293
81
355
229
225
225
225
339
107
366
299
344
226
52
81
7
356
132
68
231
27
19
293
2
19
58
182
225
225
227
259
227
259
283
19
307
2
240
182
225
225
227
259
227
259
7
170
301
33
225
225
227
259
227
259
372
156
344
76
386
392
306
225
96
231
7
68
231
27
17
293
68
231
27
17
293
81
355
229
225
225
225
339
107
366
299
344
226
52
81
7
356
132
68
231
27
19
293
99
