153
144
36
323
344
181
358
225
127
246
364
25
344
292
307
333
167
0
231
344
151
392
395
68
25
267
31
339
307
112
298
192
392
385
205
386
246
309
132
352
7
344
188
158
25
92
26
374
15
151
392
246
25
241
168
158
344
319
341
333
73
25
379
392
56
24
344
242
68
231
395
377
25
344
292
307
364
225
342
225
344
225
259
280
224
272
344
339
107
242
78
358
31
225
225
225
372
156
344
296
392
306
140
288
96
231
352
7
165
355
246
199
179
165
355
233
231
7
147
164
225
225
225
225
339
107
366
299
344
226
52
7
356
132
165
355
344
188
158
25
92
26
374
15
151
392
246
25
241
168
158
344
319
341
333
73
25
379
392
56
24
344
242
68
231
395
377
25
344
292
307
364
225
342
225
344
225
259
280
224
272
344
339
107
242
78
358
31
225
225
225
372
156
344
296
392
306
140
288
96
231
352
7
165
355
246
199
179
165
355
233
231
7
147
164
225
225
225
225
339
107
366
299
344
226
52
7
356
132
165
355
272
344
339
107
242
78
358
31
225
225
225
372
156
344
296
392
306
140
288
96
231
352
7
165
355
246
199
179
165
355
233
231
7
147
164
225
225
225
225
339
107
366
299
344
226
52
7
356
132
165
355
233
231
7
147
164
225
225
225
225
339
107
366
299
344
226
52
7
356
132
165
355
147
164
225
225
225
225
339
107
366
299
344
226
52
7
356
132
165
355
99
