364
170
301
344
21
272
19
269
212
170
91
144
372
26
114
344
232
392
333
240
344
32
0
364
170
301
386
7
132
355
355
355
231
222
87
19
355
167
308
258
66
235
333
301
41
344
280
227
259
235
225
225
333
301
385
168
0
231
222
87
19
126
52
0
176
333
68
295
267
7
233
132
104
292
385
232
176
158
344
201
333
213
231
395
342
110
386
68
28
392
116
382
292
203
36
287
127
392
379
392
195
127
7
170
377
26
272
344
29
378
386
18
7
233
382
231
26
213
127
68
316
246
7
385
337
272
19
212
372
195
129
344
296
392
336
233
231
352
7
147
222
87
167
225
228
397
225
355
231
222
87
339
107
366
299
344
226
52
355
231
222
87
356
132
355
231
222
87
333
301
385
168
0
231
222
87
19
126
52
0
176
333
68
295
267
7
233
132
104
292
385
232
176
158
344
201
333
213
231
395
342
110
386
68
28
392
116
382
292
203
36
287
127
392
379
392
195
127
7
170
377
26
272
344
29
378
386
18
7
233
382
231
26
213
127
68
316
246
7
385
337
272
19
212
372
195
129
344
296
392
336
233
231
352
7
147
222
87
167
225
228
397
225
355
231
222
87
339
107
366
299
344
226
52
355
231
222
87
356
132
355
231
222
87
397
225
355
231
222
87
339
107
366
299
344
226
52
355
231
222
87
356
132
355
231
222
87
99
