153
144
395
360
355
7
82
152
344
151
392
19
395
119
333
7
267
132
310
344
163
395
183
137
344
185
161
56
302
170
1
20
231
246
225
200
188
240
242
191
31
398
168
333
19
74
161
27
19
212
163
392
149
20
272
1
333
7
267
152
344
151
53
225
225
225
242
107
28
333
391
152
305
170
332
36
151
369
344
185
377
180
192
344
194
235
55
152
1
246
147
296
55
127
396
19
290
0
365
167
333
61
247
246
364
349
392
149
344
149
180
14
247
183
179
19
332
214
19
161
26
152
344
30
392
333
267
19
344
395
344
68
191
161
156
344
150
132
392
306
140
96
231
7
228
225
101
360
167
225
225
339
107
366
299
344
226
52
356
132
360
355
167
333
61
247
246
364
349
392
149
344
149
180
14
247
183
179
19
332
214
19
161
26
152
344
30
392
333
267
19
344
395
344
68
191
161
156
344
150
132
392
306
140
96
231
7
228
225
101
360
167
225
225
339
107
366
299
344
226
52
356
132
360
355
225
101
360
167
225
225
339
107
366
299
344
226
52
356
132
360
355
99
