153
144
380
395
183
310
395
68
295
242
395
375
156
394
365
358
235
365
88
19
123
395
31
31
395
365
88
392
385
188
1
7
19
291
267
349
55
386
0
85
316
188
212
1
225
200
150
1
68
191
132
85
316
137
272
21
52
18
7
281
131
182
225
131
33
225
63
132
350
310
342
227
16
17
227
16
280
127
365
88
161
16
344
32
20
231
333
321
365
88
163
392
57
181
358
339
321
333
127
246
118
365
88
225
225
225
225
131
225
225
131
223
225
225
131
223
225
225
163
392
149
272
258
78
358
225
225
225
242
372
156
344
296
392
235
55
306
355
7
233
231
352
7
225
225
225
225
225
339
107
366
299
344
226
52
355
7
356
132
352
107
161
16
344
32
20
231
333
321
365
88
163
392
57
181
358
339
321
333
127
246
118
365
88
225
225
225
225
131
225
225
131
223
225
225
131
223
225
225
163
392
149
272
258
78
358
225
225
225
242
372
156
344
296
392
235
55
306
355
7
233
231
352
7
225
225
225
225
225
339
107
366
299
344
226
52
355
7
356
132
352
107
163
392
57
181
358
339
321
333
127
246
118
365
88
225
225
225
225
131
225
225
131
223
225
225
131
223
225
225
163
392
149
272
258
78
358
225
225
225
242
372
156
344
296
392
235
55
306
355
7
233
231
352
7
225
225
225
225
225
339
107
366
299
344
226
52
355
7
356
132
352
107
99
