91
144
24
345
181
246
55
74
395
19
116
395
180
332
310
52
319
395
25
344
68
386
312
380
392
63
344
24
386
246
25
139
346
24
316
103
23
347
24
316
22
242
333
73
22
139
346
24
316
73
23
347
24
316
22
394
326
9
231
220
25
120
220
218
111
291
19
18
7
92
137
310
235
395
25
224
139
346
24
316
103
23
347
24
316
22
163
392
26
85
359
333
73
22
139
346
24
316
73
23
347
24
316
22
28
395
263
127
24
394
277
333
9
97
395
134
31
144
372
167
333
316
217
344
334
354
172
19
334
127
138
316
357
344
227
344
359
18
174
283
242
317
341
104
316
235
115
332
19
335
235
0
333
58
242
141
292
231
334
220
382
25
392
63
161
109
392
344
24
345
139
346
24
316
103
23
347
24
316
22
161
195
129
344
150
132
392
144
303
139
270
144
28
0
298
392
26
344
277
0
227
55
365
104
391
132
378
392
365
55
52
203
225
225
24
386
395
25
139
346
24
316
103
23
347
24
316
22
242
333
73
22
139
346
24
316
73
23
347
24
316
22
224
71
115
158
246
37
55
56
395
139
316
295
300
231
333
68
45
163
393
221
277
107
132
68
189
358
185
189
358
