310
395
25
345
19
359
0
307
344
333
25
120
144
395
3
344
159
25
179
239
345
392
358
56
310
395
25
344
154
260
355
345
386
31
154
260
355
394
369
344
310
395
25
224
189
339
179
0
142
240
127
392
344
137
392
52
52
40
395
25
345
394
36
236
313
344
319
392
56
359
339
307
25
120
344
319
332
120
183
127
392
163
392
217
276
344
24
144
225
61
247
159
225
105
92
19
24
345
161
195
129
344
286
395
25
298
279
7
82
159
7
233
78
170
130
225
225
225
236
355
154
260
225
339
107
366
299
344
226
52
356
132
154
260
355
24
207
236
355
154
260
225
339
107
366
299
344
226
52
356
132
154
260
355
24
207
339
107
366
299
344
226
52
356
132
154
260
355
24
207
99
