91
144
372
177
392
344
115
158
351
333
316
19
213
341
83
332
109
0
231
339
74
231
116
19
19
272
188
212
19
280
127
395
365
31
225
321
373
88
227
16
227
16
131
182
225
131
182
225
131
182
225
131
33
225
211
33
225
131
33
225
225
315
62
164
225
395
140
344
197
19
326
0
349
231
55
188
212
1
68
7
19
181
0
231
85
316
28
338
334
351
115
52
0
332
333
231
333
389
124
333
315
132
333
292
231
365
333
130
31
333
171
155
344
0
132
333
365
236
231
333
202
19
251
167
62
235
19
61
247
333
225
231
37
225
182
17
33
364
112
57
181
358
167
253
339
321
181
358
364
392
56
326
0
194
364
349
231
55
344
85
316
19
32
65
132
333
364
112
344
61
247
14
342
26
167
62
342
258
280
167
359
333
41
351
65
181
358
127
0
65
333
231
19
386
179
18
30
167
333
231
131
182
225
31
227
259
181
358
127
0
65
19
333
311
386
179
333
19
231
19
333
68
19
231
333
231
19
131
182
225
31
227
259
364
316
337
26
221
333
127
242
50
351
232
316
333
240
344
76
167
342
386
85
351
316
19
316
19
26
344
333
65
235
246
55
395
272
1
55
191
19
36
264
127
0
194
258
351
316
26
237
34
127
316
211
182
225
31
227
259
364
170
301
181
0
351
7
82
127
0
170
301
333
68
7
267
111
278
291
19
122
12
2
268
6
19
55
191
182
225
31
227
259
211
182
225
31
227
16
182
225
31
227
259
301
364
55
349
181
85
316
28
338
0
301
166
256
235
351
55
383
167
333
316
115
19
2
395
272
19
137
275
127
305
314
182
225
31
227
259
182
225
31
227
259
