91
144
180
179
214
344
232
392
339
307
240
392
56
24
344
355
139
346
24
316
103
23
347
24
316
22
136
386
307
312
19
9
28
220
25
120
220
111
18
7
92
387
350
220
330
294
282
241
161
399
197
344
310
333
235
395
350
7
92
19
161
399
77
395
25
29
127
18
161
109
392
344
319
395
5
25
345
139
346
24
316
103
23
347
24
316
22
136
161
185
246
225
210
132
65
19
72
344
253
151
392
264
127
333
134
161
195
129
344
286
395
25
306
144
303
139
270
31
392
399
123
332
246
72
344
132
333
344
333
127
246
328
183
334
339
24
344
345
139
346
24
316
103
23
347
24
316
22
136
19
181
333
114
235
246
55
139
316
295
300
231
333
68
45
163
393
221
277
107
132
355
189
358
185
189
358
