91
144
180
18
114
342
333
100
118
225
124
391
25
179
239
14
333
19
333
389
316
192
392
26
77
382
355
19
68
338
26
24
344
127
219
118
180
18
166
92
19
372
185
392
56
359
14
333
170
392
56
137
344
151
392
201
180
77
339
316
167
100
124
391
317
268
167
231
317
334
124
391
231
68
19
56
110
167
359
283
28
105
28
334
124
391
386
0
231
311
231
333
27
316
188
167
18
115
386
83
52
117
231
19
231
334
0
200
124
391
317
316
116
100
382
389
65
2
386
389
115
316
56
36
323
338
149
297
333
287
200
127
335
383
167
333
235
240
338
217
344
36
275
344
40
334
58
141
390
392
192
344
0
333
235
0
212
337
26
183
0
231
333
4
231
100
316
124
391
317
316
56
167
332
264
335
127
337
19
212
365
246
68
127
124
391
317
19
304
332
392
56
188
212
1
377
392
98
28
0
316
152
19
163
392
192
377
392
296
77
24
105
363
246
124
391
25
344
188
212
161
156
392
77
24
344
39
0
252
231
246
2
74
303
96
68
231
317
1
365
78
68
231
317
147
225
315
225
254
225
339
107
366
299
344
226
52
100
355
356
132
100
355
127
124
391
317
19
304
332
392
56
188
212
1
377
392
98
28
0
316
152
19
163
392
192
377
392
296
77
24
105
363
246
124
391
25
344
188
212
161
156
392
77
24
344
39
0
252
231
246
2
74
303
96
68
231
317
1
365
78
68
231
317
147
225
315
225
254
225
339
107
366
299
344
226
52
100
355
356
132
100
355
344
188
212
161
156
392
77
24
344
39
0
252
231
246
2
74
303
96
68
231
317
1
365
78
68
231
317
147
225
315
225
254
225
339
107
366
299
344
226
52
100
355
356
132
100
355
365
78
68
231
317
147
225
315
225
254
225
339
107
366
299
344
226
52
100
355
356
132
100
355
78
68
231
317
147
225
315
225
254
225
339
107
366
299
344
226
52
100
355
356
132
100
355
68
231
317
147
225
315
225
254
225
339
107
366
299
344
226
52
100
355
356
132
100
355
99
