91
144
31
81
246
284
233
268
79
344
386
333
60
19
235
333
231
19
305
26
291
19
305
326
233
106
83
246
316
26
384
326
133
9
231
333
240
34
344
335
380
167
283
386
117
388
235
317
242
269
300
344
19
139
74
341
338
26
110
167
377
235
246
55
19
246
216
19
333
389
246
117
26
127
283
19
0
72
344
352
316
104
300
268
179
52
0
298
233
384
15
28
0
133
235
333
81
117
392
56
188
212
1
127
291
19
333
52
365
246
250
392
149
272
258
121
130
344
107
242
53
358
225
228
225
228
225
228
303
81
355
352
7
352
7
233
81
355
229
225
225
225
339
107
366
299
344
226
52
81
355
7
356
132
81
355
268
79
344
386
333
60
19
235
333
231
19
305
26
291
19
305
326
233
106
83
246
316
26
384
326
133
9
231
333
240
34
344
335
380
167
283
386
117
388
235
317
242
269
300
344
19
139
74
341
338
26
110
167
377
235
246
55
19
246
216
19
333
389
246
117
26
127
283
19
0
72
344
352
316
104
300
268
179
52
0
298
233
384
15
28
0
133
235
333
81
117
392
56
188
212
1
127
291
19
333
52
365
246
250
392
149
272
258
121
130
344
107
242
53
358
225
228
225
228
225
228
303
81
355
352
7
352
7
233
81
355
229
225
225
225
339
107
366
299
344
226
52
81
355
7
356
132
81
355
246
316
26
384
326
133
9
231
333
240
34
344
335
380
167
283
386
117
388
235
317
242
269
300
344
19
139
74
341
338
26
110
167
377
235
246
55
19
246
216
19
333
389
246
117
26
127
283
19
0
72
344
352
316
104
300
268
179
52
0
298
233
384
15
28
0
133
235
333
81
117
392
56
188
212
1
127
291
19
333
52
365
246
250
392
149
272
258
121
130
344
107
242
53
358
225
228
225
228
225
228
303
81
355
352
7
352
7
233
81
355
229
225
225
225
339
107
366
299
344
226
52
81
355
7
356
132
81
355
250
392
149
272
258
121
130
344
107
242
53
358
225
228
225
228
225
228
303
81
355
352
7
352
7
233
81
355
229
225
225
225
339
107
366
299
344
226
52
81
355
7
356
132
81
355
99
