132
260
144
395
124
313
167
181
333
389
74
31
333
311
31
260
179
319
395
139
346
24
316
103
23
347
24
316
89
333
260
25
146
202
282
168
2
19
337
313
326
305
342
304
36
323
344
40
395
25
52
139
25
89
225
28
0
260
394
277
0
106
389
65
317
386
240
19
0
236
231
0
115
94
344
201
333
213
231
395
169
137
310
235
395
25
224
52
247
395
139
346
24
316
103
23
347
24
316
89
167
332
336
179
220
25
120
15
330
26
221
282
344
239
395
372
29
392
344
358
395
242
294
167
333
25
267
372
195
129
344
150
132
392
52
139
25
89
225
303
139
139
316
295
300
231
333
68
45
163
392
220
344
277
107
132
333
311
66
152
66
