25
26
239
306
144
24
188
212
365
144
28
392
264
344
24
344
152
377
392
217
344
185
1
246
25
267
394
310
386
333
25
246
25
179
0
130
25
332
138
358
43
231
158
344
151
392
395
68
295
19
357
395
86
167
333
25
319
395
133
25
341
333
73
22
333
25
242
333
25
305
244
394
217
0
225
111
350
2
278
294
241
19
395
85
154
292
163
392
26
24
127
217
122
12
36
323
344
286
333
282
19
89
144
375
114
344
277
395
25
163
392
149
272
1
246
25
267
121
130
344
273
247
344
246
328
24
225
308
70
225
225
225
225
397
225
70
68
14
287
284
356
132
74
132
70
68
339
107
366
299
344
226
52
70
68
233
231
7
356
132
70
68
188
212
365
144
28
392
264
344
24
344
152
377
392
217
344
185
1
246
25
267
394
310
386
333
25
246
25
179
0
130
25
332
138
358
43
231
158
344
151
392
395
68
295
19
357
395
86
167
333
25
319
395
133
25
341
333
73
22
333
25
242
333
25
305
244
394
217
0
225
111
350
2
278
294
241
19
395
85
154
292
163
392
26
24
127
217
122
12
36
323
344
286
333
282
19
89
144
375
114
344
277
395
25
163
392
149
272
1
246
25
267
121
130
344
273
247
344
246
328
24
225
308
70
225
225
225
225
397
225
70
68
14
287
284
356
132
74
132
70
68
339
107
366
299
344
226
52
70
68
233
231
7
356
132
70
68
365
144
28
392
264
344
24
344
152
377
392
217
344
185
1
246
25
267
394
310
386
333
25
246
25
179
0
130
25
332
138
358
43
231
158
344
151
392
395
68
295
19
357
395
86
167
333
25
319
395
133
25
341
333
73
22
333
25
242
333
25
305
244
394
217
0
225
111
350
2
278
294
241
19
395
85
154
292
163
392
26
24
127
217
122
12
36
323
344
286
333
282
19
89
144
375
114
344
277
395
25
163
392
149
272
1
246
25
267
121
130
344
273
247
344
246
328
24
225
308
70
225
225
225
225
397
225
70
68
14
287
284
356
132
74
132
70
68
339
107
366
299
344
226
52
70
68
233
231
7
356
132
70
68
144
28
392
264
344
24
344
152
377
392
217
344
185
1
246
25
267
394
310
386
333
25
246
25
179
0
130
25
332
138
358
43
231
158
344
151
392
395
68
295
19
357
395
86
167
333
25
319
395
133
25
341
333
73
22
333
25
242
333
25
305
244
394
217
0
225
111
350
2
278
294
241
19
395
85
154
292
163
392
26
24
127
217
122
12
36
323
344
286
333
282
19
89
144
375
114
344
277
395
25
163
392
149
272
1
246
25
267
121
130
344
273
247
344
246
328
24
225
308
70
225
225
225
225
397
225
70
68
14
287
284
356
132
74
132
70
68
339
107
366
299
344
226
52
70
68
233
231
7
356
132
70
68
394
310
386
333
25
246
25
179
0
130
25
332
138
358
43
231
158
344
151
392
395
68
295
19
357
395
86
167
333
25
319
395
133
25
341
333
73
22
333
25
242
333
25
305
244
394
217
0
225
111
350
2
278
294
241
19
395
85
154
292
163
392
26
24
127
217
122
12
36
323
344
286
333
282
19
89
144
375
114
344
277
395
25
163
392
149
272
1
246
25
267
121
130
344
273
247
344
246
328
24
225
308
70
225
225
225
225
397
225
70
68
14
287
284
356
132
74
132
70
68
339
107
366
299
344
226
52
70
68
233
231
7
356
132
70
68
246
25
179
0
130
25
332
138
358
43
231
158
344
151
392
395
68
295
19
357
395
86
167
333
25
319
395
133
25
341
333
73
22
333
25
242
333
25
305
244
394
217
0
225
111
350
2
278
294
241
19
395
85
154
292
163
392
26
24
127
217
122
12
36
323
344
286
333
282
19
89
144
375
114
344
277
395
25
163
392
149
272
1
246
25
267
121
130
344
273
247
344
246
328
24
225
308
70
225
225
225
225
397
225
70
68
14
287
284
356
132
74
132
70
68
339
107
366
299
344
226
52
70
68
233
231
7
356
132
70
68
333
25
242
333
25
305
244
394
217
0
225
111
350
2
278
294
241
19
395
85
154
292
163
392
26
24
127
217
122
12
36
323
344
286
333
282
19
89
144
375
114
344
277
395
25
163
392
149
272
1
246
25
267
121
130
344
273
247
344
246
328
24
225
308
70
225
225
225
225
397
225
70
68
14
287
284
356
132
74
132
70
68
339
107
366
299
344
226
52
70
68
233
231
7
356
132
70
68
242
333
25
305
244
394
217
0
225
111
350
2
278
294
241
19
395
85
154
292
163
392
26
24
127
217
122
12
36
323
344
286
333
282
19
89
144
375
114
344
277
395
25
163
392
149
272
1
246
25
267
121
130
344
273
247
344
246
328
24
225
308
70
225
225
225
225
397
225
70
68
14
287
284
356
132
74
132
70
68
339
107
366
299
344
226
52
70
68
233
231
7
356
132
70
68
305
244
394
217
0
225
111
350
2
278
294
241
19
395
85
154
292
163
392
26
24
127
217
122
12
36
323
344
286
333
282
19
89
144
375
114
344
277
395
25
163
392
149
272
1
246
25
267
121
130
344
273
247
344
246
328
24
225
308
70
225
225
225
225
397
225
70
68
14
287
284
356
132
74
132
70
68
339
107
366
299
344
226
52
70
68
233
231
7
356
132
70
68
144
375
114
344
277
395
25
163
392
149
272
1
246
25
267
121
130
344
273
247
344
246
328
24
225
308
70
225
225
225
225
397
225
70
68
14
287
284
356
132
74
132
70
68
339
107
366
299
344
226
52
70
68
233
231
7
356
132
70
68
24
225
308
70
225
225
225
225
397
225
70
68
14
287
284
356
132
74
132
70
68
339
107
366
299
344
226
52
70
68
233
231
7
356
132
70
68
225
308
70
225
225
225
225
397
225
70
68
14
287
284
356
132
74
132
70
68
339
107
366
299
344
226
52
70
68
233
231
7
356
132
70
68
397
225
70
68
14
287
284
356
132
74
132
70
68
339
107
366
299
344
226
52
70
68
233
231
7
356
132
70
68
132
74
132
70
68
339
107
366
299
344
226
52
70
68
233
231
7
356
132
70
68
99
