310
395
73
22
7
91
144
386
333
292
391
180
342
344
310
340
1
395
68
25
167
344
138
392
0
310
372
369
344
302
236
231
246
252
231
395
25
333
111
151
358
137
344
185
392
43
19
188
1
384
392
26
167
395
25
344
394
0
225
111
167
344
333
126
333
74
179
0
231
52
334
344
176
334
188
52
272
84
19
244
302
18
231
158
392
149
359
395
249
340
235
0
242
172
372
57
367
344
274
395
111
19
372
26
152
344
151
392
188
212
1
290
0
365
19
188
212
1
377
201
307
303
333
7
328
310
395
25
233
231
352
7
225
315
225
339
107
366
299
344
226
52
7
356
132
355
19
188
212
1
377
201
307
303
333
7
328
310
395
25
233
231
352
7
225
315
225
339
107
366
299
344
226
52
7
356
132
355
303
333
7
328
310
395
25
233
231
352
7
225
315
225
339
107
366
299
344
226
52
7
356
132
355
233
231
352
7
225
315
225
339
107
366
299
344
226
52
7
356
132
355
99
