91
144
31
145
372
26
344
158
372
316
19
119
339
179
378
372
235
55
242
364
127
170
301
55
349
19
112
344
332
372
26
98
0
344
43
395
263
127
68
365
19
112
395
385
151
358
333
42
365
115
127
392
19
333
231
244
316
132
14
248
333
389
384
71
344
145
55
242
167
236
231
246
238
112
113
391
258
326
183
225
210
344
75
339
19
302
395
386
358
185
332
395
385
36
75
19
332
395
266
179
326
333
225
210
303
30
231
7
145
68
233
231
7
225
251
315
145
178
225
225
225
225
225
145
68
179
72
344
0
261
231
167
231
7
108
19
157
19
167
3
344
19
167
180
106
268
300
242
6
220
253
36
235
333
231
216
242
135
135
19
312
242
395
266
179
166
344
358
28
179
395
169
339
107
366
299
344
226
52
145
68
356
132
74
19
302
395
386
358
185
332
395
385
36
75
19
332
395
266
179
326
333
225
210
303
30
231
7
145
68
233
231
7
225
251
315
145
178
225
225
225
225
225
145
68
179
72
344
0
261
231
167
231
7
108
19
157
19
167
3
344
19
167
180
106
268
300
242
6
220
253
36
235
333
231
216
242
135
135
19
312
242
395
266
179
166
344
358
28
179
395
169
339
107
366
299
344
226
52
145
68
356
132
74
303
30
231
7
145
68
233
231
7
225
251
315
145
178
225
225
225
225
225
145
68
179
72
344
0
261
231
167
231
7
108
19
157
19
167
3
344
19
167
180
106
268
300
242
6
220
253
36
235
333
231
216
242
135
135
19
312
242
395
266
179
166
344
358
28
179
395
169
339
107
366
299
344
226
52
145
68
356
132
74
99
