144
161
399
344
392
1
395
177
344
24
344
355
386
395
5
25
139
346
24
316
103
23
347
24
316
22
136
392
56
24
224
386
9
372
399
330
294
241
19
372
399
29
392
344
319
392
399
149
220
25
120
220
111
19
246
7
92
387
350
339
179
0
307
240
144
19
161
340
36
0
142
125
127
392
304
326
9
231
180
75
395
5
25
139
346
24
316
103
23
347
24
316
22
136
345
242
319
333
73
22
139
346
24
316
73
23
347
24
316
22
136
52
358
344
395
193
231
292
161
399
201
323
392
277
333
9
25
392
63
161
195
129
344
188
212
1
392
303
139
270
221
237
167
333
50
372
15
235
333
392
185
332
179
333
14
342
167
399
288
19
231
333
391
167
127
319
395
5
25
139
346
24
316
103
23
347
24
316
22
136
242
333
73
22
139
346
24
316
73
23
347
24
316
22
136
344
355
139
316
295
300
231
333
68
45
163
393
221
277
107
132
355
189
358
185
189
358
