65
231
225
79
246
231
141
344
348
108
19
141
292
341
112
235
175
19
244
58
300
316
188
158
344
0
231
172
321
19
174
138
246
141
0
354
332
201
335
247
344
333
213
297
243
108
225
231
141
31
127
19
386
18
310
231
227
19
235
231
227
333
231
246
93
179
52
333
231
108
382
168
358
231
358
231
374
141
292
225
231
141
26
32
292
242
0
242
167
192
49
106
19
271
261
292
355
81
292
355
292
231
355
231
188
212
1
246
354
83
58
240
19
371
344
76
386
358
52
370
246
170
362
352
7
233
81
355
229
225
225
225
339
107
366
299
344
226
52
81
292
352
7
356
132
292
231
19
79
246
231
141
344
348
108
19
141
292
341
112
235
175
19
244
58
300
316
188
158
344
0
231
172
321
19
174
138
246
141
0
354
332
201
335
247
344
333
213
297
243
108
225
231
141
31
127
19
386
18
310
231
227
19
235
231
227
333
231
246
93
179
52
333
231
108
382
168
358
231
358
231
374
141
292
225
231
141
26
32
292
242
0
242
167
192
49
106
19
271
261
292
355
81
292
355
292
231
355
231
188
212
1
246
354
83
58
240
19
371
344
76
386
358
52
370
246
170
362
352
7
233
81
355
229
225
225
225
339
107
366
299
344
226
52
81
292
352
7
356
132
292
231
19
352
7
233
81
355
229
225
225
225
339
107
366
299
344
226
52
81
292
352
7
356
132
292
231
19
339
107
366
299
344
226
52
81
292
352
7
356
132
292
231
19
99
