264
392
127
333
134
137
167
333
371
231
18
106
144
31
68
372
361
395
382
179
381
225
231
246
316
277
122
12
372
248
225
167
171
12
292
391
246
291
132
217
2
19
19
333
42
31
395
179
180
14
246
316
167
18
174
242
115
338
141
333
134
361
395
296
333
95
31
19
24
345
303
395
7
82
225
68
101
165
225
228
339
107
366
299
344
226
52
68
356
132
68
225
68
164
225
372
361
395
382
179
381
225
231
246
316
277
122
12
372
248
225
167
171
12
292
391
246
291
132
217
2
19
19
333
42
31
395
179
180
14
246
316
167
18
174
242
115
338
141
333
134
361
395
296
333
95
31
19
24
345
303
395
7
82
225
68
101
165
225
228
339
107
366
299
344
226
52
68
356
132
68
225
68
164
225
303
395
7
82
225
68
101
165
225
228
339
107
366
299
344
226
52
68
356
132
68
225
68
164
225
99
