91
144
161
340
392
149
0
134
19
161
109
392
344
24
344
333
355
231
31
139
346
24
347
24
316
22
136
372
369
344
326
0
344
19
29
392
377
395
195
127
167
0
68
115
339
179
333
213
166
272
392
56
29
396
287
224
31
372
26
152
344
151
21
332
19
392
333
34
344
392
31
246
55
378
392
24
392
56
195
129
344
333
126
0
25
120
291
0
7
92
220
282
294
246
55
232
316
95
192
333
240
344
176
395
231
317
235
88
236
382
203
168
344
19
235
395
200
19
386
18
65
231
331
225
316
392
56
235
137
344
185
395
19
52
215
372
185
158
166
191
231
333
179
344
246
316
382
179
381
246
316
6
19
268
179
0
252
231
55
191
386
6
28
316
55
19
212
336
179
127
344
66
152
344
24
224
139
346
24
347
24
316
22
136
163
392
263
392
56
24
359
333
73
22
139
346
24
347
24
316
22
136
163
310
180
344
395
193
231
292
144
36
344
296
392
24
344
152
139
346
24
347
24
316
22
136
242
52
358
344
395
73
22
139
346
24
347
24
316
22
136
40
214
286
28
306
28
246
240
56
151
392
137
333
213
247
231
395
68
106
19
161
340
392
36
0
142
344
246
219
65
303
139
270
31
393
149
18
240
344
116
246
218
268
382
179
94
344
138
316
333
240
344
216
268
11
75
31
139
78
386
392
163
393
221
277
107
132
7
189
358
185
189
358
