91
368
128
355
0
190
27
292
386
18
227
316
117
225
200
19
225
209
19
0
225
19
141
292
246
179
344
269
392
386
18
352
190
27
106
332
385
392
129
176
395
58
132
395
124
391
344
395
392
385
76
188
333
293
293
27
19
246
385
392
344
340
386
19
304
212
28
395
117
26
28
72
344
395
28
0
316
28
338
26
344
334
249
79
283
19
291
378
392
63
0
200
392
385
181
0
74
231
188
386
384
149
231
386
392
203
76
173
242
283
395
342
31
368
128
19
141
58
233
385
151
392
386
19
28
392
333
219
231
395
58
19
333
368
128
74
385
373
392
386
239
392
140
219
344
188
212
1
339
256
386
384
369
344
110
386
333
389
167
371
372
156
392
385
365
246
55
74
372
149
218
240
127
55
365
115
332
40
235
33
225
372
15
156
394
61
247
246
7
246
127
333
65
231
225
250
372
109
392
344
126
246
344
188
212
1
240
31
368
128
19
14
25
344
368
128
26
224
34
372
156
392
385
24
368
128
355
339
107
366
299
344
226
52
368
128
355
7
356
132
368
128
355
385
392
344
340
386
19
304
212
28
395
117
26
28
72
344
395
28
0
316
28
338
26
344
334
249
79
283
19
291
378
392
63
0
200
392
385
181
0
74
231
188
386
384
149
231
386
392
203
76
173
242
283
395
342
31
368
128
19
141
58
233
385
151
392
386
19
28
392
333
219
231
395
58
19
333
368
128
74
385
373
392
386
239
392
140
219
344
188
212
1
339
256
386
384
369
344
110
386
333
389
167
371
372
156
392
385
365
246
55
74
372
149
218
240
127
55
365
115
332
40
235
33
225
372
15
156
394
61
247
246
7
246
127
333
65
231
225
250
372
109
392
344
126
246
344
188
212
1
240
31
368
128
19
14
25
344
368
128
26
224
34
372
156
392
385
24
368
128
355
339
107
366
299
344
226
52
368
128
355
7
356
132
368
128
355
28
338
26
344
334
249
79
283
19
291
378
392
63
0
200
392
385
181
0
74
231
188
386
384
149
231
386
392
203
76
173
242
283
395
342
31
368
128
19
141
58
233
385
151
392
386
19
28
392
333
219
231
395
58
19
333
368
128
74
385
373
392
386
239
392
140
219
344
188
212
1
339
256
386
384
369
344
110
386
333
389
167
371
372
156
392
385
365
246
55
74
372
149
218
240
127
55
365
115
332
40
235
33
225
372
15
156
394
61
247
246
7
246
127
333
65
231
225
250
372
109
392
344
126
246
344
188
212
1
240
31
368
128
19
14
25
344
368
128
26
224
34
372
156
392
385
24
368
128
355
339
107
366
299
344
226
52
368
128
355
7
356
132
368
128
355
19
333
368
128
74
385
373
392
386
239
392
140
219
344
188
212
1
339
256
386
384
369
344
110
386
333
389
167
371
372
156
392
385
365
246
55
74
372
149
218
240
127
55
365
115
332
40
235
33
225
372
15
156
394
61
247
246
7
246
127
333
65
231
225
250
372
109
392
344
126
246
344
188
212
1
240
31
368
128
19
14
25
344
368
128
26
224
34
372
156
392
385
24
368
128
355
339
107
366
299
344
226
52
368
128
355
7
356
132
368
128
355
332
40
235
33
225
372
15
156
394
61
247
246
7
246
127
333
65
231
225
250
372
109
392
344
126
246
344
188
212
1
240
31
368
128
19
14
25
344
368
128
26
224
34
372
156
392
385
24
368
128
355
339
107
366
299
344
226
52
368
128
355
7
356
132
368
128
355
99
