363
167
179
333
208
355
115
127
392
152
399
288
377
344
77
163
180
192
372
399
0
189
358
185
188
212
384
372
26
372
399
18
231
19
126
19
183
344
215
0
205
358
377
372
98
246
354
127
320
76
333
132
379
392
26
344
379
392
369
344
140
296
158
2
7
17
12
191
31
208
365
358
208
355
225
102
154
315
234
225
372
277
395
78
170
132
316
295
300
163
392
263
221
344
277
107
132
208
355
66
152
344
356
179
333
208
355
115
127
392
152
399
288
377
344
77
163
180
192
372
399
0
189
358
185
188
212
384
372
26
372
399
18
231
19
126
19
183
344
215
0
205
358
377
372
98
246
354
127
320
76
333
132
379
392
26
344
379
392
369
344
140
296
158
2
7
17
12
191
31
208
365
358
208
355
225
102
154
315
234
225
372
277
395
78
170
132
316
295
300
163
392
263
221
344
277
107
132
208
355
66
152
344
356
384
372
26
372
399
18
231
19
126
19
183
344
215
0
205
358
377
372
98
246
354
127
320
76
333
132
379
392
26
344
379
392
369
344
140
296
158
2
7
17
12
191
31
208
365
358
208
355
225
102
154
315
234
225
372
277
395
78
170
132
316
295
300
163
392
263
221
344
277
107
132
208
355
66
152
344
356
377
372
98
246
354
127
320
76
333
132
379
392
26
344
379
392
369
344
140
296
158
2
7
17
12
191
31
208
365
358
208
355
225
102
154
315
234
225
372
277
395
78
170
132
316
295
300
163
392
263
221
344
277
107
132
208
355
66
152
344
356
2
7
17
12
191
31
208
365
358
208
355
225
102
154
315
234
225
372
277
395
78
170
132
316
295
300
163
392
263
221
344
277
107
132
208
355
66
152
344
356
7
17
12
191
31
208
365
358
208
355
225
102
154
315
234
225
372
277
395
78
170
132
316
295
300
163
392
263
221
344
277
107
132
208
355
66
152
344
356
191
31
208
365
358
208
355
225
102
154
315
234
225
372
277
395
78
170
132
316
295
300
163
392
263
221
344
277
107
132
208
355
66
152
344
356
365
358
208
355
225
102
154
315
234
225
372
277
395
78
170
132
316
295
300
163
392
263
221
344
277
107
132
208
355
66
152
344
356
208
355
225
102
154
315
234
225
372
277
395
78
170
132
316
295
300
163
392
263
221
344
277
107
132
208
355
66
152
344
356
99
