144
392
204
28
18
125
127
246
74
152
31
355
304
161
109
392
344
98
350
167
333
71
225
195
129
344
24
344
339
118
378
246
25
39
34
326
231
246
330
241
261
19
246
291
240
225
224
179
15
0
142
342
344
365
19
296
377
372
149
344
232
380
395
195
344
71
344
55
242
61
247
246
55
364
372
149
231
241
344
116
19
188
1
246
74
18
106
31
179
18
167
395
134
232
93
167
345
213
167
304
246
141
149
333
115
338
217
344
19
167
345
60
389
375
114
344
123
247
382
58
213
114
344
392
303
139
139
333
68
45
316
295
300
356
344
220
277
107
132
358
