280
127
344
395
68
295
91
144
392
185
333
73
22
179
224
239
305
316
26
344
137
310
19
244
26
75
52
333
267
395
31
280
127
130
379
7
82
138
392
313
52
313
247
333
73
25
33
225
225
227
227
259
342
280
372
156
394
181
358
273
247
163
392
149
20
272
1
246
242
42
225
96
231
7
7
225
35
308
225
225
225
225
225
339
107
366
299
344
226
52
68
356
132
68
372
156
394
181
358
273
247
163
392
149
20
272
1
246
242
42
225
96
231
7
7
225
35
308
225
225
225
225
225
339
107
366
299
344
226
52
68
356
132
68
163
392
149
20
272
1
246
242
42
225
96
231
7
7
225
35
308
225
225
225
225
225
339
107
366
299
344
226
52
68
356
132
68
99
