98
392
185
377
333
95
179
0
19
0
291
153
144
98
392
185
377
333
95
179
0
19
0
291
163
221
220
217
344
38
395
221
52
245
7
82
339
193
231
225
344
185
385
151
392
19
43
75
395
25
39
386
25
180
342
344
340
1
158
344
63
395
111
378
29
1
334
85
245
316
302
332
161
161
344
0
252
231
332
214
19
154
292
383
161
29
377
161
197
19
158
332
201
204
354
66
41
344
188
212
1
158
19
244
245
316
334
158
161
214
111
111
392
63
372
195
129
344
188
212
1
392
19
156
344
296
395
25
306
144
36
323
344
319
395
25
52
225
246
105
5
7
89
195
127
25
285
365
246
25
343
250
127
212
170
235
111
231
278
19
330
245
7
19
225
225
225
225
225
225
333
355
231
179
18
240
171
225
225
225
225
225
225
333
355
231
179
18
240
171
339
107
366
299
344
226
52
245
7
356
132
333
355
231
385
151
392
19
43
75
395
25
39
386
25
180
342
344
340
1
158
344
63
395
111
378
29
1
334
85
245
316
302
332
161
161
344
0
252
231
332
214
19
154
292
383
161
29
377
161
197
19
158
332
201
204
354
66
41
344
188
212
1
158
19
244
245
316
334
158
161
214
111
111
392
63
372
195
129
344
188
212
1
392
19
156
344
296
395
25
306
144
36
323
344
319
395
25
52
225
246
105
5
7
89
195
127
25
285
365
246
25
343
250
127
212
170
235
111
231
278
19
330
245
7
19
225
225
225
225
225
225
333
355
231
179
18
240
171
225
225
225
225
225
225
333
355
231
179
18
240
171
339
107
366
299
344
226
52
245
7
356
132
333
355
231
111
392
63
372
195
129
344
188
212
1
392
19
156
344
296
395
25
306
144
36
323
344
319
395
25
52
225
246
105
5
7
89
195
127
25
285
365
246
25
343
250
127
212
170
235
111
231
278
19
330
245
7
19
225
225
225
225
225
225
333
355
231
179
18
240
171
225
225
225
225
225
225
333
355
231
179
18
240
171
339
107
366
299
344
226
52
245
7
356
132
333
355
231
246
105
5
7
89
195
127
25
285
365
246
25
343
250
127
212
170
235
111
231
278
19
330
245
7
19
225
225
225
225
225
225
333
355
231
179
18
240
171
225
225
225
225
225
225
333
355
231
179
18
240
171
339
107
366
299
344
226
52
245
7
356
132
333
355
231
127
212
170
235
111
231
278
19
330
245
7
19
225
225
225
225
225
225
333
355
231
179
18
240
171
225
225
225
225
225
225
333
355
231
179
18
240
171
339
107
366
299
344
226
52
245
7
356
132
333
355
231
99
