365
54
235
182
225
242
182
225
233
231
7
19
122
181
358
339
321
395
177
344
246
321
365
88
394
349
55
150
132
85
316
19
117
167
18
0
130
19
212
280
127
321
365
88
372
57
367
344
296
392
339
321
144
270
163
388
127
392
357
127
18
169
365
339
321
54
355
225
225
225
225
225
225
225
225
339
107
366
299
344
226
52
365
328
31
54
355
356
132
54
355
372
57
367
344
296
392
339
321
144
270
163
388
127
392
357
127
18
169
365
339
321
54
355
225
225
225
225
225
225
225
225
339
107
366
299
344
226
52
365
328
31
54
355
356
132
54
355
339
321
54
355
225
225
225
225
225
225
225
225
339
107
366
299
344
226
52
365
328
31
54
355
356
132
54
355
225
225
225
339
107
366
299
344
226
52
365
328
31
54
355
356
132
54
355
339
107
366
299
344
226
52
365
328
31
54
355
356
132
54
355
99
