150
0
141
158
117
106
91
144
236
231
214
272
344
29
316
179
384
31
284
355
146
0
235
392
386
332
272
161
188
304
1
246
316
377
101
335
158
338
123
109
167
246
74
19
158
334
115
31
179
334
134
378
161
29
339
231
0
141
333
21
221
180
179
127
204
344
63
183
236
231
214
106
236
231
333
1
179
158
316
26
344
388
386
19
76
344
117
19
309
236
332
71
344
214
366
140
344
333
332
214
65
105
344
19
388
235
65
214
124
391
214
336
105
19
372
344
378
29
377
161
366
388
235
161
332
161
366
386
214
225
331
118
176
372
341
333
19
260
247
333
161
161
366
332
390
36
385
344
313
231
153
28
0
344
151
0
316
386
127
65
161
332
366
79
167
153
231
151
316
332
179
231
304
202
117
152
31
338
369
344
151
316
188
19
126
334
333
74
192
132
0
392
217
144
36
152
127
392
42
90
231
352
7
310
395
25
345
