280
127
184
198
239
157
144
392
26
177
344
181
358
127
184
198
246
213
239
157
115
127
316
396
167
0
88
116
231
246
37
55
389
117
19
85
316
384
26
114
344
373
392
344
333
124
313
167
4
395
184
198
211
33
225
225
198
55
98
221
247
235
339
240
344
277
343
28
392
40
333
267
344
39
0
224
339
107
366
299
344
226
52
198
356
132
196
311
355
246
213
239
157
115
127
316
396
167
0
88
116
231
246
37
55
389
117
19
85
316
384
26
114
344
373
392
344
333
124
313
167
4
395
184
198
211
33
225
225
198
55
98
221
247
235
339
240
344
277
343
28
392
40
333
267
344
39
0
224
339
107
366
299
344
226
52
198
356
132
196
311
355
127
316
396
167
0
88
116
231
246
37
55
389
117
19
85
316
384
26
114
344
373
392
344
333
124
313
167
4
395
184
198
211
33
225
225
198
55
98
221
247
235
339
240
344
277
343
28
392
40
333
267
344
39
0
224
339
107
366
299
344
226
52
198
356
132
196
311
355
211
33
225
225
198
55
98
221
247
235
339
240
344
277
343
28
392
40
333
267
344
39
0
224
339
107
366
299
344
226
52
198
356
132
196
311
355
344
277
343
28
392
40
333
267
344
39
0
224
339
107
366
299
344
226
52
198
356
132
196
311
355
339
107
366
299
344
226
52
198
356
132
196
311
355
99
