286
27
298
84
298
11
65
298
16
0
278
168
139
19
27
19
27
296
34
22
22
79
65
11
96
183
168
298
294
78
261
30
100
0
2
199
225
178
87
147
11
33
152
257
172
33
70
160
134
0
163
29
186
168
248
27
81
14
258
268
248
90
175
27
15
109
296
34
79
298
293
51
11
296
222
248
87
298
93
128
224
5
55
299
163
27
264
163
27
117
163
163
163
163
253
73
275
219
257
164
30
27
264
265
92
27
264
79
65
11
96
183
168
298
294
78
261
30
100
0
2
199
225
178
87
147
11
33
152
257
172
33
70
160
134
0
163
29
186
168
248
27
81
14
258
268
248
90
175
27
15
109
296
34
79
298
293
51
11
296
222
248
87
298
93
128
224
5
55
299
163
27
264
163
27
117
163
163
163
163
253
73
275
219
257
164
30
27
264
265
92
27
264
261
30
100
0
2
199
225
178
87
147
11
33
152
257
172
33
70
160
134
0
163
29
186
168
248
27
81
14
258
268
248
90
175
27
15
109
296
34
79
298
293
51
11
296
222
248
87
298
93
128
224
5
55
299
163
27
264
163
27
117
163
163
163
163
253
73
275
219
257
164
30
27
264
265
92
27
264
225
178
87
147
11
33
152
257
172
33
70
160
134
0
163
29
186
168
248
27
81
14
258
268
248
90
175
27
15
109
296
34
79
298
293
51
11
296
222
248
87
298
93
128
224
5
55
299
163
27
264
163
27
117
163
163
163
163
253
73
275
219
257
164
30
27
264
265
92
27
264
152
257
172
33
70
160
134
0
163
29
186
168
248
27
81
14
258
268
248
90
175
27
15
109
296
34
79
298
293
51
11
296
222
248
87
298
93
128
224
5
55
299
163
27
264
163
27
117
163
163
163
163
253
73
275
219
257
164
30
27
264
265
92
27
264
160
134
0
163
29
186
168
248
27
81
14
258
268
248
90
175
27
15
109
296
34
79
298
293
51
11
296
222
248
87
298
93
128
224
5
55
299
163
27
264
163
27
117
163
163
163
163
253
73
275
219
257
164
30
27
264
265
92
27
264
109
296
34
79
298
293
51
11
296
222
248
87
298
93
128
224
5
55
299
163
27
264
163
27
117
163
163
163
163
253
73
275
219
257
164
30
27
264
265
92
27
264
67
