206
87
298
239
196
59
298
22
172
33
103
247
286
298
129
257
0
239
196
59
19
264
206
162
289
296
285
264
283
257
137
113
281
148
298
44
78
11
242
0
260
168
182
163
33
284
40
92
251
165
19
163
165
19
163
191
165
19
163
165
19
163
191
113
109
257
298
280
217
296
227
103
264
170
168
5
163
163
163
173
264
117
163
253
73
275
219
257
164
30
264
5
265
92
264
289
296
285
264
283
257
137
113
281
148
298
44
78
11
242
0
260
168
182
163
33
284
40
92
251
165
19
163
165
19
163
191
165
19
163
165
19
163
191
113
109
257
298
280
217
296
227
103
264
170
168
5
163
163
163
173
264
117
163
253
73
275
219
257
164
30
264
5
265
92
264
280
217
296
227
103
264
170
168
5
163
163
163
173
264
117
163
253
73
275
219
257
164
30
264
5
265
92
264
67
