110
100
11
0
65
274
52
267
163
44
120
267
9
294
163
103
87
110
235
2
130
10
119
186
168
248
44
216
198
131
292
110
100
235
11
0
168
165
131
159
264
120
248
173
168
174
163
24
264
120
248
156
257
44
163
163
24
248
156
87
183
168
232
187
163
259
156
33
292
235
220
156
220
163
86
267
264
232
264
168
158
253
73
275
219
257
164
30
264
262
5
265
92
264
274
52
267
163
44
120
267
9
294
163
103
87
110
235
2
130
10
119
186
168
248
44
216
198
131
292
110
100
235
11
0
168
165
131
159
264
120
248
173
168
174
163
24
264
120
248
156
257
44
163
163
24
248
156
87
183
168
232
187
163
259
156
33
292
235
220
156
220
163
86
267
264
232
264
168
158
253
73
275
219
257
164
30
264
262
5
265
92
264
52
267
163
44
120
267
9
294
163
103
87
110
235
2
130
10
119
186
168
248
44
216
198
131
292
110
100
235
11
0
168
165
131
159
264
120
248
173
168
174
163
24
264
120
248
156
257
44
163
163
24
248
156
87
183
168
232
187
163
259
156
33
292
235
220
156
220
163
86
267
264
232
264
168
158
253
73
275
219
257
164
30
264
262
5
265
92
264
163
44
120
267
9
294
163
103
87
110
235
2
130
10
119
186
168
248
44
216
198
131
292
110
100
235
11
0
168
165
131
159
264
120
248
173
168
174
163
24
264
120
248
156
257
44
163
163
24
248
156
87
183
168
232
187
163
259
156
33
292
235
220
156
220
163
86
267
264
232
264
168
158
253
73
275
219
257
164
30
264
262
5
265
92
264
67
