11
281
66
253
87
87
225
253
73
257
296
113
115
300
66
115
148
247
66
280
11
115
277
296
257
135
1
253
41
225
257
231
115
106
0
165
120
253
41
287
130
115
248
257
293
120
248
41
115
120
172
255
11
148
240
257
66
293
8
0
168
257
285
115
34
248
115
189
257
247
293
266
11
257
87
108
116
115
157
131
225
115
34
22
172
87
10
0
120
248
41
11
0
163
172
248
172
257
154
292
248
168
248
41
248
247
279
134
266
275
87
149
87
115
300
165
172
7
168
87
173
165
11
115
120
257
66
225
115
82
140
115
248
280
115
106
0
257
137
292
248
158
29
240
22
257
137
131
174
231
131
225
115
168
248
11
137
115
106
106
101
11
173
115
84
125
11
247
115
140
1
248
168
130
247
0
168
130
172
11
113
296
137
160
113
296
135
115
253
130
131
11
246
116
252
135
179
160
115
84
131
125
11
115
131
300
0
168
140
253
41
11
248
280
143
89
257
248
168
248
87
103
67
