18
0
120
298
235
49
179
243
66
296
292
179
1
11
61
148
34
12
19
12
255
19
54
213
248
257
251
130
0
168
182
147
135
113
257
0
168
11
130
257
22
0
238
11
254
41
11
207
177
19
248
124
172
235
248
257
108
12
179
131
137
154
1
182
36
177
11
278
257
51
292
267
30
182
123
271
262
5
170
54
264
163
163
163
253
73
275
219
257
164
30
54
213
262
5
265
92
213
168
11
11
207
177
19
248
124
172
235
248
257
108
12
179
131
137
154
1
182
36
177
11
278
257
51
292
267
30
182
123
271
262
5
170
54
264
163
163
163
253
73
275
219
257
164
30
54
213
262
5
265
92
213
168
11
235
248
257
108
12
179
131
137
154
1
182
36
177
11
278
257
51
292
267
30
182
123
271
262
5
170
54
264
163
163
163
253
73
275
219
257
164
30
54
213
262
5
265
92
213
168
11
262
5
170
54
264
163
163
163
253
73
275
219
257
164
30
54
213
262
5
265
92
213
168
11
253
73
275
219
257
164
30
54
213
262
5
265
92
213
168
11
67
