132
267
172
33
172
283
44
298
99
257
31
130
10
255
292
296
135
247
68
130
10
247
105
0
257
169
29
250
159
25
278
257
96
0
82
87
283
281
7
1
246
257
132
267
109
172
33
253
239
280
22
0
163
168
177
87
296
257
47
143
11
217
116
68
130
248
210
87
296
163
239
176
112
250
255
257
206
87
173
168
182
239
176
112
285
296
34
137
1
5
83
6
68
235
139
11
154
297
8
106
248
37
257
292
68
80
11
235
11
242
0
235
33
260
239
176
112
290
22
172
21
163
21
163
87
0
141
168
147
19
76
231
255
38
120
11
218
248
206
258
123
221
11
260
35
148
131
257
10
176
112
132
267
87
10
123
221
11
260
169
77
153
254
91
11
172
155
257
272
182
211
11
257
206
87
0
274
218
248
206
258
5
274
33
52
267
68
264
262
5
163
234
163
166
253
73
275
219
257
164
30
68
264
265
92
68
264
285
296
34
137
1
5
83
6
68
235
139
11
154
297
8
106
248
37
257
292
68
80
11
235
11
242
0
235
33
260
239
176
112
290
22
172
21
163
21
163
87
0
141
168
147
19
76
231
255
38
120
11
218
248
206
258
123
221
11
260
35
148
131
257
10
176
112
132
267
87
10
123
221
11
260
169
77
153
254
91
11
172
155
257
272
182
211
11
257
206
87
0
274
218
248
206
258
5
274
33
52
267
68
264
262
5
163
234
163
166
253
73
275
219
257
164
30
68
264
265
92
68
264
290
22
172
21
163
21
163
87
0
141
168
147
19
76
231
255
38
120
11
218
248
206
258
123
221
11
260
35
148
131
257
10
176
112
132
267
87
10
123
221
11
260
169
77
153
254
91
11
172
155
257
272
182
211
11
257
206
87
0
274
218
248
206
258
5
274
33
52
267
68
264
262
5
163
234
163
166
253
73
275
219
257
164
30
68
264
265
92
68
264
123
221
11
260
35
148
131
257
10
176
112
132
267
87
10
123
221
11
260
169
77
153
254
91
11
172
155
257
272
182
211
11
257
206
87
0
274
218
248
206
258
5
274
33
52
267
68
264
262
5
163
234
163
166
253
73
275
219
257
164
30
68
264
265
92
68
264
5
274
33
52
267
68
264
262
5
163
234
163
166
253
73
275
219
257
164
30
68
264
265
92
68
264
274
33
52
267
68
264
262
5
163
234
163
166
253
73
275
219
257
164
30
68
264
265
92
68
264
52
267
68
264
262
5
163
234
163
166
253
73
275
219
257
164
30
68
264
265
92
68
264
68
264
262
5
163
234
163
166
253
73
275
219
257
164
30
68
264
265
92
68
264
67
