248
130
248
120
182
15
198
50
298
13
163
279
277
296
257
22
195
257
237
298
24
15
103
247
286
281
296
1
182
2
248
264
168
244
136
235
257
249
110
213
11
245
215
254
42
248
257
137
154
1
248
198
113
257
50
257
50
298
296
290
157
0
168
298
110
213
11
298
245
215
296
298
11
215
18
252
172
298
110
213
179
215
38
183
251
271
172
113
257
50
248
106
202
1
113
257
237
298
274
182
22
0
202
84
298
5
55
109
87
12
202
296
106
8
82
90
257
73
179
31
163
163
163
281
257
108
163
163
163
70
163
235
220
28
136
163
163
26
26
197
193
14
274
253
73
275
219
257
164
30
264
168
244
265
92
248
264
168
244
136
113
257
50
257
50
298
296
290
157
0
168
298
110
213
11
298
245
215
296
298
11
215
18
252
172
298
110
213
179
215
38
183
251
271
172
113
257
50
248
106
202
1
113
257
237
298
274
182
22
0
202
84
298
5
55
109
87
12
202
296
106
8
82
90
257
73
179
31
163
163
163
281
257
108
163
163
163
70
163
235
220
28
136
163
163
26
26
197
193
14
274
253
73
275
219
257
164
30
264
168
244
265
92
248
264
168
244
136
172
113
257
50
248
106
202
1
113
257
237
298
274
182
22
0
202
84
298
5
55
109
87
12
202
296
106
8
82
90
257
73
179
31
163
163
163
281
257
108
163
163
163
70
163
235
220
28
136
163
163
26
26
197
193
14
274
253
73
275
219
257
164
30
264
168
244
265
92
248
264
168
244
136
22
0
202
84
298
5
55
109
87
12
202
296
106
8
82
90
257
73
179
31
163
163
163
281
257
108
163
163
163
70
163
235
220
28
136
163
163
26
26
197
193
14
274
253
73
275
219
257
164
30
264
168
244
265
92
248
264
168
244
136
202
84
298
5
55
109
87
12
202
296
106
8
82
90
257
73
179
31
163
163
163
281
257
108
163
163
163
70
163
235
220
28
136
163
163
26
26
197
193
14
274
253
73
275
219
257
164
30
264
168
244
265
92
248
264
168
244
136
87
12
202
296
106
8
82
90
257
73
179
31
163
163
163
281
257
108
163
163
163
70
163
235
220
28
136
163
163
26
26
197
193
14
274
253
73
275
219
257
164
30
264
168
244
265
92
248
264
168
244
136
179
31
163
163
163
281
257
108
163
163
163
70
163
235
220
28
136
163
163
26
26
197
193
14
274
253
73
275
219
257
164
30
264
168
244
265
92
248
264
168
244
136
14
274
253
73
275
219
257
164
30
264
168
244
265
92
248
264
168
244
136
253
73
275
219
257
164
30
264
168
244
265
92
248
264
168
244
136
67
