176
253
73
257
137
113
44
106
257
22
103
279
135
173
168
248
298
44
61
130
279
148
44
3
30
169
212
87
120
232
183
168
232
11
126
235
77
235
130
8
0
173
55
248
252
172
33
257
108
183
83
6
173
290
108
296
148
83
61
288
172
259
288
252
296
83
182
259
126
80
290
195
296
87
139
100
173
212
257
296
38
183
248
212
257
235
84
87
190
247
182
212
16
209
11
87
93
2
295
83
6
235
19
16
87
232
11
124
83
6
248
85
120
14
87
293
236
157
212
11
235
130
257
50
248
90
15
87
235
6
19
248
130
295
87
11
232
248
176
172
163
14
18
71
18
226
16
137
154
202
106
154
202
1
248
5
198
179
212
183
257
182
108
5
230
19
179
31
163
163
163
281
257
108
163
163
163
70
163
235
220
28
136
163
163
26
26
197
193
14
274
253
73
275
219
257
164
30
264
168
244
265
92
248
264
168
244
136
248
130
295
87
11
232
248
176
172
163
14
18
71
18
226
16
137
154
202
106
154
202
1
248
5
198
179
212
183
257
182
108
5
230
19
179
31
163
163
163
281
257
108
163
163
163
70
163
235
220
28
136
163
163
26
26
197
193
14
274
253
73
275
219
257
164
30
264
168
244
265
92
248
264
168
244
136
253
73
275
219
257
164
30
264
168
244
265
92
248
264
168
244
136
67
