272
120
283
0
59
120
248
139
19
114
130
140
250
300
159
25
278
257
135
246
30
38
183
248
139
264
120
187
132
267
87
10
176
112
172
133
163
176
112
206
87
10
176
112
172
133
163
287
290
97
298
81
248
37
257
274
33
87
0
59
107
92
80
11
230
1
147
11
4
168
298
125
11
154
130
34
300
148
131
116
296
34
300
20
182
133
163
176
112
179
296
300
143
87
0
173
172
173
78
138
300
211
131
189
87
182
180
176
112
76
0
260
179
0
273
221
2
274
259
204
40
257
22
19
110
192
264
77
235
205
10
72
120
10
292
110
192
264
173
264
110
192
163
163
165
279
205
298
52
123
92
235
216
220
116
296
194
160
257
205
73
92
110
192
264
42
109
257
265
283
0
59
120
248
139
19
114
130
140
250
300
159
25
278
257
135
246
30
38
183
248
139
264
120
187
132
267
87
10
176
112
172
133
163
176
112
206
87
10
176
112
172
133
163
287
290
97
298
81
248
37
257
274
33
87
0
59
107
92
80
11
230
1
147
11
4
168
298
125
11
154
130
34
300
148
131
116
296
34
300
20
182
133
163
176
112
179
296
300
143
87
0
173
172
173
78
138
300
211
131
189
87
182
180
176
112
76
0
260
179
0
273
221
2
274
259
204
40
257
22
19
110
192
264
77
235
205
10
72
120
10
292
110
192
264
173
264
110
192
163
163
165
279
205
298
52
123
92
235
216
220
116
296
194
160
257
205
73
92
110
192
264
42
109
257
265
189
87
182
180
176
112
76
0
260
179
0
273
221
2
274
259
204
40
257
22
19
110
192
264
77
235
205
10
72
120
10
292
110
192
264
173
264
110
192
163
163
165
279
205
298
52
123
92
235
216
220
116
296
194
160
257
205
73
92
110
192
264
42
109
257
265
2
274
259
204
40
257
22
19
110
192
264
77
235
205
10
72
120
10
292
110
192
264
173
264
110
192
163
163
165
279
205
298
52
123
92
235
216
220
116
296
194
160
257
205
73
92
110
192
264
42
109
257
265
274
259
204
40
257
22
19
110
192
264
77
235
205
10
72
120
10
292
110
192
264
173
264
110
192
163
163
165
279
205
298
52
123
92
235
216
220
116
296
194
160
257
205
73
92
110
192
264
42
109
257
265
259
204
40
257
22
19
110
192
264
77
235
205
10
72
120
10
292
110
192
264
173
264
110
192
163
163
165
279
205
298
52
123
92
235
216
220
116
296
194
160
257
205
73
92
110
192
264
42
109
257
265
40
257
22
19
110
192
264
77
235
205
10
72
120
10
292
110
192
264
173
264
110
192
163
163
165
279
205
298
52
123
92
235
216
220
116
296
194
160
257
205
73
92
110
192
264
42
109
257
265
67
