79
43
168
248
44
216
198
43
239
257
298
44
216
60
103
43
130
257
182
239
168
273
199
63
257
200
296
292
248
11
123
296
157
18
296
195
87
298
44
15
253
168
163
152
290
18
44
216
24
43
294
41
2
169
18
280
18
0
196
168
43
15
11
0
248
143
19
182
15
198
132
248
221
142
92
248
168
296
16
51
179
266
172
298
211
292
92
199
134
0
59
248
142
76
87
7
199
130
162
5
239
163
163
191
75
231
248
44
216
206
162
133
163
163
191
75
248
17
206
162
133
163
163
191
75
15
196
206
162
133
163
163
191
75
2
248
206
162
21
163
163
191
75
2
207
11
33
236
206
162
253
73
275
219
257
164
30
43
264
265
92
43
264
133
163
163
191
75
248
17
206
162
133
163
163
191
75
15
196
206
162
133
163
163
191
75
2
248
206
162
21
163
163
191
75
2
207
11
33
236
206
162
253
73
275
219
257
164
30
43
264
265
92
43
264
133
163
163
191
75
15
196
206
162
133
163
163
191
75
2
248
206
162
21
163
163
191
75
2
207
11
33
236
206
162
253
73
275
219
257
164
30
43
264
265
92
43
264
133
163
163
191
75
2
248
206
162
21
163
163
191
75
2
207
11
33
236
206
162
253
73
275
219
257
164
30
43
264
265
92
43
264
21
163
163
191
75
2
207
11
33
236
206
162
253
73
275
219
257
164
30
43
264
265
92
43
264
253
73
275
219
257
164
30
43
264
265
92
43
264
67
