17
9
214
5
106
296
1
127
103
288
5
127
252
200
10
177
87
15
257
51
173
172
173
292
10
167
182
127
16
123
11
1
163
152
296
150
292
10
5
230
179
0
56
235
279
277
257
96
257
135
296
25
11
97
296
248
177
257
202
1
167
206
87
10
127
127
290
174
22
169
273
87
235
14
87
163
127
290
22
253
225
266
258
203
1
139
19
167
172
248
167
44
168
17
11
214
5
188
163
163
163
73
45
163
70
44
229
167
171
163
253
73
275
219
257
164
30
167
44
265
92
167
44
5
127
290
174
22
169
273
87
235
14
87
163
127
290
22
253
225
266
258
203
1
139
19
167
172
248
167
44
168
17
11
214
5
188
163
163
163
73
45
163
70
44
229
167
171
163
253
73
275
219
257
164
30
167
44
265
92
167
44
5
203
1
139
19
167
172
248
167
44
168
17
11
214
5
188
163
163
163
73
45
163
70
44
229
167
171
163
253
73
275
219
257
164
30
167
44
265
92
167
44
5
44
168
17
11
214
5
188
163
163
163
73
45
163
70
44
229
167
171
163
253
73
275
219
257
164
30
167
44
265
92
167
44
5
73
45
163
70
44
229
167
171
163
253
73
275
219
257
164
30
167
44
265
92
167
44
5
67
