47
79
206
258
103
283
16
296
66
253
91
120
163
59
286
160
132
267
172
248
33
168
118
282
264
257
96
0
128
283
148
235
82
225
11
238
85
143
196
59
76
165
165
191
42
109
257
206
165
19
145
257
217
298
248
5
243
248
5
243
19
118
282
264
130
190
257
129
296
257
182
85
143
196
59
120
187
11
172
33
91
163
255
165
165
191
283
0
268
168
0
253
11
123
76
290
97
296
11
298
81
0
168
283
148
0
228
18
280
18
97
296
0
37
257
150
226
56
235
260
33
137
1
235
139
96
248
172
83
6
11
225
154
224
168
5
87
118
282
264
201
116
296
16
257
20
296
16
257
211
10
122
274
247
25
298
211
253
73
275
219
257
164
30
118
282
264
265
92
118
282
264
257
206
165
19
145
257
217
298
248
5
243
248
5
243
19
118
282
264
130
190
257
129
296
257
182
85
143
196
59
120
187
11
172
33
91
163
255
165
165
191
283
0
268
168
0
253
11
123
76
290
97
296
11
298
81
0
168
283
148
0
228
18
280
18
97
296
0
37
257
150
226
56
235
260
33
137
1
235
139
96
248
172
83
6
11
225
154
224
168
5
87
118
282
264
201
116
296
16
257
20
296
16
257
211
10
122
274
247
25
298
211
253
73
275
219
257
164
30
118
282
264
265
92
118
282
264
247
25
298
211
253
73
275
219
257
164
30
118
282
264
265
92
118
282
264
67
