190
248
86
19
163
191
163
120
257
200
87
81
11
120
290
248
11
257
108
19
163
191
163
132
267
172
298
179
188
268
253
300
11
290
22
248
300
11
11
115
290
248
287
290
248
11
81
34
268
257
120
300
72
284
11
135
1
292
1
213
11
222
110
2
235
16
154
11
106
25
213
20
200
119
177
87
81
257
22
154
120
249
300
72
253
290
22
120
174
30
11
235
11
249
16
257
20
130
95
30
248
49
213
163
257
163
49
53
87
228
72
44
168
71
168
163
11
243
168
248
87
123
274
179
52
19
163
163
163
163
179
179
52
163
235
11
49
19
163
163
163
179
49
110
213
163
166
300
11
290
22
248
300
11
11
115
290
248
287
290
248
11
81
34
268
257
120
300
72
284
11
135
1
292
1
213
11
222
110
2
235
16
154
11
106
25
213
20
200
119
177
87
81
257
22
154
120
249
300
72
253
290
22
120
174
30
11
235
11
249
16
257
20
130
95
30
248
49
213
163
257
163
49
53
87
228
72
44
168
71
168
163
11
243
168
248
87
123
274
179
52
19
163
163
163
163
179
179
52
163
235
11
49
19
163
163
163
179
49
110
213
163
166
67
