103
279
300
183
296
268
19
213
292
0
87
72
120
253
168
296
268
298
213
73
11
298
213
298
3
257
140
231
120
248
47
298
213
105
296
18
163
295
296
300
217
0
158
168
63
87
213
284
296
268
298
213
253
296
300
22
257
66
140
142
179
205
155
296
8
300
22
257
271
11
160
22
257
271
253
158
78
130
257
235
18
163
29
253
174
298
78
172
298
213
11
160
248
78
172
298
187
116
296
106
271
257
298
213
298
290
22
296
34
11
298
271
268
284
172
30
298
116
296
120
176
248
190
247
253
105
87
298
120
248
47
279
290
8
22
0
247
290
296
257
271
92
298
213
257
0
187
279
290
183
292
154
284
248
176
87
154
172
298
213
190
274
182
108
248
243
296
205
253
73
220
257
296
1
119
257
298
163
163
87
72
120
253
168
296
268
298
213
73
11
298
213
298
3
257
140
231
120
248
47
298
213
105
296
18
163
295
296
300
217
0
158
168
63
87
213
284
296
268
298
213
253
296
300
22
257
66
140
142
179
205
155
296
8
300
22
257
271
11
160
22
257
271
253
158
78
130
257
235
18
163
29
253
174
298
78
172
298
213
11
160
248
78
172
298
187
116
296
106
271
257
298
213
298
290
22
296
34
11
298
271
268
284
172
30
298
116
296
120
176
248
190
247
253
105
87
298
120
248
47
279
290
8
22
0
247
290
296
257
271
92
298
213
257
0
187
279
290
183
292
154
284
248
176
87
154
172
298
213
190
274
182
108
248
243
296
205
253
73
220
257
296
1
119
257
298
163
163
298
213
298
3
257
140
231
120
248
47
298
213
105
296
18
163
295
296
300
217
0
158
168
63
87
213
284
296
268
298
213
253
296
300
22
257
66
140
142
179
205
155
296
8
300
22
257
271
11
160
22
257
271
253
158
78
130
257
235
18
163
29
253
174
298
78
172
298
213
11
160
248
78
172
298
187
116
296
106
271
257
298
213
298
290
22
296
34
11
298
271
268
284
172
30
298
116
296
120
176
248
190
247
253
105
87
298
120
248
47
279
290
8
22
0
247
290
296
257
271
92
298
213
257
0
187
279
290
183
292
154
284
248
176
87
154
172
298
213
190
274
182
108
248
243
296
205
253
73
220
257
296
1
119
257
298
163
163
142
179
205
155
296
8
300
22
257
271
11
160
22
257
271
253
158
78
130
257
235
18
163
29
253
174
298
78
172
298
213
11
160
248
78
172
298
187
116
296
106
271
257
298
213
298
290
22
296
34
11
298
271
268
284
172
30
298
116
296
120
176
248
190
247
253
105
87
298
120
248
47
279
290
8
22
0
247
290
296
257
271
92
298
213
257
0
187
279
290
183
292
154
284
248
176
87
154
172
298
213
190
274
182
108
248
243
296
205
253
73
220
257
296
1
119
257
298
163
163
284
172
30
298
116
296
120
176
248
190
247
253
105
87
298
120
248
47
279
290
8
22
0
247
290
296
257
271
92
298
213
257
0
187
279
290
183
292
154
284
248
176
87
154
172
298
213
190
274
182
108
248
243
296
205
253
73
220
257
296
1
119
257
298
163
163
108
248
243
296
205
253
73
220
257
296
1
119
257
298
163
163
67
