103
0
271
168
235
223
249
139
78
19
189
298
274
20
59
235
139
19
107
92
56
235
11
18
252
249
139
78
103
66
296
277
257
79
182
156
163
120
291
30
260
182
33
11
78
248
11
168
182
33
274
257
206
87
0
187
33
260
179
206
257
20
182
59
182
235
139
271
211
298
33
274
179
20
59
172
133
163
170
168
5
163
163
189
298
274
20
59
253
73
275
219
257
164
30
291
44
5
265
92
76
19
291
44
189
298
274
20
59
235
139
19
107
92
56
235
11
18
252
249
139
78
103
66
296
277
257
79
182
156
163
120
291
30
260
182
33
11
78
248
11
168
182
33
274
257
206
87
0
187
33
260
179
206
257
20
182
59
182
235
139
271
211
298
33
274
179
20
59
172
133
163
170
168
5
163
163
189
298
274
20
59
253
73
275
219
257
164
30
291
44
5
265
92
76
19
291
44
20
59
235
139
19
107
92
56
235
11
18
252
249
139
78
103
66
296
277
257
79
182
156
163
120
291
30
260
182
33
11
78
248
11
168
182
33
274
257
206
87
0
187
33
260
179
206
257
20
182
59
182
235
139
271
211
298
33
274
179
20
59
172
133
163
170
168
5
163
163
189
298
274
20
59
253
73
275
219
257
164
30
291
44
5
265
92
76
19
291
44
235
139
19
107
92
56
235
11
18
252
249
139
78
103
66
296
277
257
79
182
156
163
120
291
30
260
182
33
11
78
248
11
168
182
33
274
257
206
87
0
187
33
260
179
206
257
20
182
59
182
235
139
271
211
298
33
274
179
20
59
172
133
163
170
168
5
163
163
189
298
274
20
59
253
73
275
219
257
164
30
291
44
5
265
92
76
19
291
44
257
206
87
0
187
33
260
179
206
257
20
182
59
182
235
139
271
211
298
33
274
179
20
59
172
133
163
170
168
5
163
163
189
298
274
20
59
253
73
275
219
257
164
30
291
44
5
265
92
76
19
291
44
182
235
139
271
211
298
33
274
179
20
59
172
133
163
170
168
5
163
163
189
298
274
20
59
253
73
275
219
257
164
30
291
44
5
265
92
76
19
291
44
211
298
33
274
179
20
59
172
133
163
170
168
5
163
163
189
298
274
20
59
253
73
275
219
257
164
30
291
44
5
265
92
76
19
291
44
170
168
5
163
163
189
298
274
20
59
253
73
275
219
257
164
30
291
44
5
265
92
76
19
291
44
189
298
274
20
59
253
73
275
219
257
164
30
291
44
5
265
92
76
19
291
44
20
59
253
73
275
219
257
164
30
291
44
5
265
92
76
19
291
44
253
73
275
219
257
164
30
291
44
5
265
92
76
19
291
44
67
