60
103
30
162
296
22
96
0
168
73
92
44
11
131
7
231
257
279
16
11
279
277
257
296
113
130
92
248
240
279
106
163
11
87
296
257
132
163
2
199
257
40
92
29
155
213
106
253
130
150
248
294
105
235
92
7
163
232
11
163
0
259
207
264
248
63
200
248
232
168
292
156
11
126
87
106
0
259
207
264
168
98
11
56
174
165
168
248
62
124
120
248
267
106
248
163
294
11
130
19
182
38
183
253
255
168
248
294
248
294
11
173
168
248
156
259
163
44
30
248
209
33
275
8
63
18
10
232
120
248
30
267
11
33
120
248
30
253
105
131
184
11
296
157
29
248
168
251
130
182
49
11
30
267
18
173
168
248
259
264
11
199
18
0
259
156
264
259
172
259
213
24
262
74
199
24
199
11
24
199
279
16
109
87
296
77
168
248
278
82
90
257
183
292
12
202
5
116
296
106
12
202
190
82
90
257
183
30
84
267
172
73
5
112
149
163
166
30
149
92
93
268
0
