131
0
101
255
257
274
33
11
137
154
1
54
44
11
173
19
0
255
79
54
274
33
274
248
65
283
131
140
257
22
0
172
21
163
206
162
60
103
20
0
274
59
130
10
278
257
22
257
54
44
11
290
169
296
248
177
257
79
33
11
150
5
230
80
11
56
235
279
143
89
257
106
296
172
248
87
253
228
232
76
248
211
121
235
260
168
182
23
33
10
168
4
0
128
54
292
182
80
11
56
235
0
92
182
156
168
177
257
298
259
202
31
179
73
149
116
296
106
12
202
1
54
44
179
274
33
24
64
168
5
39
163
163
163
163
173
168
248
44
247
142
170
168
5
166
163
85
234
163
253
73
275
219
257
164
30
54
44
265
92
54
44
274
248
65
283
131
140
257
22
0
172
21
163
206
162
60
103
20
0
274
59
130
10
278
257
22
257
54
44
11
290
169
296
248
177
257
79
33
11
150
5
230
80
11
56
235
279
143
89
257
106
296
172
248
87
253
228
232
76
248
211
121
235
260
168
182
23
33
10
168
4
0
128
54
292
182
80
11
56
235
0
92
182
156
168
177
257
298
259
202
31
179
73
149
116
296
106
12
202
1
54
44
179
274
33
24
64
168
5
39
163
163
163
163
173
168
248
44
247
142
170
168
5
166
163
85
234
163
253
73
275
219
257
164
30
54
44
265
92
54
44
60
103
20
0
274
59
130
10
278
257
22
257
54
44
11
290
169
296
248
177
257
79
33
11
150
5
230
80
11
56
235
279
143
89
257
106
296
172
248
87
253
228
232
76
248
211
121
235
260
168
182
23
33
10
168
4
0
128
54
292
182
80
11
56
235
0
92
182
156
168
177
257
298
259
202
31
179
73
149
116
296
106
12
202
1
54
44
179
274
33
24
64
168
5
39
163
163
163
163
173
168
248
44
247
142
170
168
5
166
163
85
234
163
253
73
275
219
257
164
30
54
44
265
92
54
44
170
168
5
166
163
85
234
163
253
73
275
219
257
164
30
54
44
265
92
54
44
166
163
85
234
163
253
73
275
219
257
164
30
54
44
265
92
54
44
163
85
234
163
253
73
275
219
257
164
30
54
44
265
92
54
44
67
