106
296
205
298
129
120
248
156
168
110
213
272
168
298
293
11
257
19
110
213
105
296
10
129
257
132
248
156
168
110
213
235
87
249
2
11
176
87
110
235
11
249
81
257
22
156
168
110
213
130
0
2
11
248
235
120
154
246
165
110
213
298
2
19
110
213
10
72
168
22
11
279
143
89
257
296
257
248
92
110
213
257
44
11
172
257
36
16
2
120
249
213
11
298
187
87
44
87
120
110
213
29
169
11
177
110
213
1
113
108
96
0
90
11
163
235
11
290
157
257
135
257
292
158
150
11
158
11
51
11
137
113
257
148
248
155
168
264
264
290
132
182
257
223
123
1
249
44
199
169
120
248
257
86
267
172
182
31
73
163
163
163
156
168
110
213
7
210
208
265
67
