84
298
298
93
231
109
103
131
140
296
106
0
168
255
257
148
298
44
29
248
130
248
295
130
99
257
22
0
253
130
248
255
257
172
298
93
11
96
225
296
34
77
152
168
295
279
135
296
277
0
44
285
296
34
96
172
137
247
290
222
296
92
298
296
8
277
257
22
30
2
289
135
296
11
277
257
217
296
296
0
44
285
296
34
96
248
24
36
195
288
106
10
78
296
277
0
44
247
290
0
87
296
285
296
35
257
19
163
168
87
249
295
162
130
248
255
257
298
141
168
44
11
189
257
274
172
298
141
274
296
96
0
82
87
116
131
248
210
87
296
138
267
135
113
296
16
82
1
298
44
216
253
73
275
219
257
164
30
5
265
92
264
168
67
