296
16
248
103
279
16
257
107
92
296
257
25
113
296
19
38
183
182
15
257
217
113
296
51
292
251
202
182
239
126
106
239
257
296
18
296
231
173
116
298
179
22
125
120
205
11
129
257
76
190
138
267
135
248
44
5
243
170
168
5
163
44
278
163
166
253
73
275
219
257
164
30
44
265
92
95
49
15
257
217
113
296
51
292
251
202
182
239
126
106
239
257
296
18
296
231
173
116
298
179
22
125
120
205
11
129
257
76
190
138
267
135
248
44
5
243
170
168
5
163
44
278
163
166
253
73
275
219
257
164
30
44
265
92
95
49
257
296
18
296
231
173
116
298
179
22
125
120
205
11
129
257
76
190
138
267
135
248
44
5
243
170
168
5
163
44
278
163
166
253
73
275
219
257
164
30
44
265
92
95
49
248
44
5
243
170
168
5
163
44
278
163
166
253
73
275
219
257
164
30
44
265
92
95
49
67
