272
120
298
151
81
0
247
293
284
296
20
151
264
297
132
0
168
165
120
163
131
121
300
163
199
19
300
163
168
248
300
163
172
142
106
51
11
154
284
296
100
231
151
264
163
70
110
234
171
163
279
205
298
52
123
92
235
216
220
116
296
194
160
257
205
73
92
151
264
42
109
257
265
298
151
81
0
247
293
284
296
20
151
264
297
132
0
168
165
120
163
131
121
300
163
199
19
300
163
168
248
300
163
172
142
106
51
11
154
284
296
100
231
151
264
163
70
110
234
171
163
279
205
298
52
123
92
235
216
220
116
296
194
160
257
205
73
92
151
264
42
109
257
265
151
264
163
70
110
234
171
163
279
205
298
52
123
92
235
216
220
116
296
194
160
257
205
73
92
151
264
42
109
257
265
67
