60
92
0
252
92
261
294
120
247
0
140
248
174
278
257
248
276
88
264
0
165
262
245
178
17
213
120
292
10
165
235
80
163
147
11
163
11
0
163
11
100
213
253
168
248
17
257
97
257
158
87
200
235
11
80
292
177
257
137
11
15
113
131
293
296
280
253
242
248
168
0
168
0
254
248
168
94
11
236
11
214
179
131
22
292
87
0
179
10
120
41
168
0
92
0
257
200
11
87
10
131
1
248
24
168
261
294
11
248
168
248
17
257
217
87
116
296
190
132
267
87
182
142
273
123
221
276
11
279
296
257
86
182
257
137
154
1
177
19
276
88
279
143
89
257
137
113
296
248
17
128
158
87
276
88
264
253
73
275
219
257
164
30
276
88
264
5
265
92
276
88
264
0
165
262
245
178
17
213
120
292
10
165
235
80
163
147
11
163
11
0
163
11
100
213
253
168
248
17
257
97
257
158
87
200
235
11
80
292
177
257
137
11
15
113
131
293
296
280
253
242
248
168
0
168
0
254
248
168
94
11
236
11
214
179
131
22
292
87
0
179
10
120
41
168
0
92
0
257
200
11
87
10
131
1
248
24
168
261
294
11
248
168
248
17
257
217
87
116
296
190
132
267
87
182
142
273
123
221
276
11
279
296
257
86
182
257
137
154
1
177
19
276
88
279
143
89
257
137
113
296
248
17
128
158
87
276
88
264
253
73
275
219
257
164
30
276
88
264
5
265
92
276
88
264
116
296
190
132
267
87
182
142
273
123
221
276
11
279
296
257
86
182
257
137
154
1
177
19
276
88
279
143
89
257
137
113
296
248
17
128
158
87
276
88
264
253
73
275
219
257
164
30
276
88
264
5
265
92
276
88
264
11
279
296
257
86
182
257
137
154
1
177
19
276
88
279
143
89
257
137
113
296
248
17
128
158
87
276
88
264
253
73
275
219
257
164
30
276
88
264
5
265
92
276
88
264
279
296
257
86
182
257
137
154
1
177
19
276
88
279
143
89
257
137
113
296
248
17
128
158
87
276
88
264
253
73
275
219
257
164
30
276
88
264
5
265
92
276
88
264
67
