242
253
257
84
183
103
60
103
114
15
290
22
142
172
21
163
242
253
257
217
116
298
0
87
114
248
71
61
15
130
163
130
253
248
210
178
87
296
248
290
248
154
246
173
168
114
41
14
71
61
11
218
114
18
249
259
160
174
252
135
247
114
100
29
8
252
135
248
71
61
15
205
248
257
114
71
61
15
189
16
18
297
217
29
248
130
242
248
258
103
109
16
163
297
205
116
296
14
71
61
163
248
168
298
295
120
110
213
30
14
71
61
257
114
298
5
61
290
22
231
163
148
248
168
298
295
120
110
213
90
296
34
248
168
110
213
292
298
11
135
247
298
264
163
1
106
0
218
248
19
298
158
114
130
163
87
24
120
30
11
71
61
15
205
85
87
112
163
298
187
185
0
185
11
111
87
134
173
247
34
19
114
160
174
114
296
257
106
0
18
0
103
29
18
10
71
61
15
296
290
205
0
187
185
298
295
134
87
296
163
248
11
120
71
11
11
148
7
168
298
142
30
96
3
257
71
120
0
59
246
180
235
163
277
165
41
96
298
194
41
211
71
61
235
106
85
120
218
249
11
41
211
163
1
248
96
71
3
257
298
238
159
147
159
18
10
71
61
235
296
106
3
257
298
238
284
296
20
135
298
147
298
238
290
22
218
168
249
120
247
2
252
290
108
296
0
257
296
16
87
298
85
163
298
137
221
66
296
277
257
231
44
292
298
24
89
30
14
236
256
11
255
256
247
16
257
293
18
10
71
61
235
297
205
168
137
72
200
298
71
120
78
297
22
257
44
92
59
173
163
10
92
0
98
131
248
168
248
85
168
179
173
168
24
296
290
205
0
30
173
168
114
120
80
298
19
180
213
290
22
284
252
217
172
298
163
0
228
36
195
235
11
145
248
247
163
168
114
100
16
179
120
100
213
163
59
168
100
92
114
163
192
246
248
156
288
297
106
3
257
114
170
168
36
11
7
295
71
61
15
205
3
257
10
139
11
163
292
36
170
297
96
256
11
51
247
290
108
296
298
1
96
168
248
163
96
112
288
296
298
90
62
288
296
298
90
62
297
205
112
134
140
298
295
297
145
285
296
142
288
50
298
72
172
114
33
224
5
55
114
5
170
52
123
90
163
163
163
173
264
110
192
163
253
73
275
219
257
164
30
265
92
110
192
264
5
248
71
61
15
130
163
130
253
248
210
178
87
296
248
290
248
154
246
173
168
114
41
14
71
61
11
218
114
18
249
259
160
174
252
135
247
114
100
29
8
252
135
248
71
61
15
205
248
257
114
71
61
15
189
16
18
297
217
29
248
130
242
248
258
103
109
16
163
297
205
116
296
14
71
61
163
248
168
298
295
120
110
213
30
14
71
61
257
114
298
5
61
290
22
231
163
148
248
168
298
295
120
110
213
90
296
34
248
168
110
213
292
298
11
135
247
298
264
163
1
106
0
218
248
19
298
158
114
130
163
87
24
120
30
11
71
61
15
205
85
87
112
163
298
187
185
0
185
11
111
87
134
173
247
34
19
114
160
174
114
296
257
106
0
18
0
103
29
18
10
71
61
15
296
290
205
0
187
185
298
295
134
87
296
163
248
11
120
71
11
11
148
7
168
298
142
30
96
3
257
71
120
0
59
246
180
235
163
277
165
41
96
298
194
41
211
71
61
235
106
85
120
218
249
11
41
211
163
1
248
96
71
3
257
298
238
159
147
159
18
10
71
61
235
296
106
3
257
298
238
284
296
20
135
298
147
298
238
290
22
218
168
249
120
247
2
252
290
108
296
0
257
296
16
87
298
85
163
298
137
221
66
296
277
257
231
44
292
298
24
89
30
14
236
256
11
255
256
247
16
257
293
18
10
71
61
235
297
205
168
137
72
200
298
71
120
78
297
22
257
44
92
59
173
163
10
92
0
98
131
248
168
248
85
168
179
173
168
24
296
290
205
0
30
173
168
114
120
80
298
19
180
213
290
22
284
252
217
172
298
163
0
228
36
195
235
11
145
248
247
163
168
114
100
16
179
120
100
213
163
59
168
100
92
114
163
192
246
248
156
288
297
106
3
257
114
170
168
36
11
7
295
71
61
15
205
3
257
10
139
11
163
292
36
170
297
96
256
11
51
247
290
108
296
298
1
96
168
248
163
96
112
288
296
298
90
62
288
296
298
90
62
297
205
112
134
140
298
295
297
145
285
296
142
288
50
298
72
172
114
33
224
5
55
114
5
170
52
123
90
163
163
163
173
264
110
192
163
253
73
275
219
257
164
30
265
92
110
192
264
5
154
246
173
168
114
41
14
71
61
11
218
114
18
249
259
160
174
252
135
247
114
100
29
8
252
135
248
71
61
15
205
248
257
114
71
61
15
189
16
18
297
217
29
248
130
242
248
258
103
109
16
163
297
205
116
296
14
71
61
163
248
168
298
295
120
110
213
30
14
71
61
257
114
298
5
61
290
22
231
163
148
248
168
298
295
120
110
213
90
296
34
248
168
110
213
292
298
11
135
247
298
264
163
1
106
0
218
248
19
298
158
114
130
163
87
24
120
30
11
71
61
15
205
85
87
112
163
298
187
185
0
185
11
111
87
134
173
247
34
19
114
160
174
114
296
257
106
0
18
0
103
29
18
10
71
61
15
296
290
205
0
187
185
298
295
134
87
296
163
248
11
120
71
11
11
148
7
168
298
142
30
96
3
257
71
120
0
59
246
180
235
163
277
165
41
96
298
194
41
211
71
61
235
106
85
120
218
249
11
41
211
163
1
248
96
71
3
257
298
238
159
147
159
18
10
71
61
235
296
106
3
257
298
238
284
296
20
135
298
147
298
238
290
22
218
168
249
120
247
2
252
290
108
296
0
257
296
16
87
298
85
163
298
137
221
66
296
277
257
231
44
292
298
24
89
30
14
236
256
11
255
256
247
16
257
293
18
10
71
61
235
297
205
168
137
72
200
298
71
120
78
297
22
257
44
92
59
173
163
10
92
0
98
131
248
168
248
85
168
179
173
168
24
296
290
205
0
30
173
168
114
120
80
298
19
180
213
290
22
284
252
217
172
298
163
0
228
36
195
235
11
145
248
247
163
168
114
100
16
179
120
100
213
163
59
168
100
92
114
163
192
246
248
156
288
297
106
3
257
114
170
168
36
11
7
295
71
61
15
205
3
257
10
139
11
163
292
36
170
297
96
256
11
51
247
290
108
296
298
1
96
168
248
163
96
112
288
296
298
90
62
288
296
298
90
62
297
205
112
134
140
298
295
297
145
285
296
142
288
50
298
72
172
114
33
224
5
55
114
5
170
52
123
90
163
163
163
173
264
110
192
163
253
73
275
219
257
164
30
265
92
110
192
264
5
103
109
16
163
297
205
116
296
14
71
61
163
248
168
298
295
120
110
213
30
14
71
61
257
114
298
5
61
290
22
231
163
148
248
168
298
295
120
110
213
90
296
34
248
168
110
213
292
298
11
135
247
298
264
163
1
106
0
218
248
19
298
158
114
130
163
87
24
120
30
11
71
61
15
205
85
87
112
163
298
187
185
0
185
11
111
87
134
173
247
34
19
114
160
174
114
296
257
106
0
18
0
103
29
18
10
71
61
15
296
290
205
0
187
185
298
295
134
87
296
163
248
11
120
71
11
11
148
7
168
298
142
30
96
3
257
71
120
0
59
246
180
235
163
277
165
41
96
298
194
41
211
71
61
235
106
85
120
218
249
11
41
211
163
1
248
96
71
3
257
298
238
159
147
159
18
10
71
61
235
296
106
3
257
298
238
284
296
20
135
298
147
298
238
290
22
218
168
249
120
247
2
252
290
108
296
0
257
296
16
87
298
85
163
298
137
221
66
296
277
257
231
44
292
298
24
89
30
14
236
256
11
255
256
247
16
257
293
18
10
71
61
235
297
205
168
137
72
200
298
71
120
78
297
22
257
44
92
59
173
163
10
92
0
98
131
248
168
248
85
168
179
173
168
24
296
290
205
0
30
173
168
114
120
80
298
19
180
213
290
22
284
252
217
172
298
163
0
228
36
195
235
11
145
248
247
163
168
114
100
16
179
120
100
213
163
59
168
100
92
114
163
192
246
248
156
288
297
106
3
257
114
170
168
36
11
7
295
71
61
15
205
3
257
10
139
11
163
292
36
170
297
96
256
11
51
247
290
108
296
298
1
96
168
248
163
96
112
288
296
298
90
62
288
296
298
90
62
297
205
112
134
140
298
295
297
145
285
296
142
288
50
298
72
172
114
33
224
5
55
114
5
170
52
123
90
163
163
163
173
264
110
192
163
253
73
275
219
257
164
30
265
92
110
192
264
5
173
264
110
192
163
253
73
275
219
257
164
30
265
92
110
192
264
5
253
73
275
219
257
164
30
265
92
110
192
264
5
67
