60
103
279
129
296
257
78
113
248
235
11
155
254
247
0
168
253
49
168
79
11
11
202
137
154
11
206
87
298
274
19
163
239
59
165
165
91
133
163
91
133
163
91
133
163
91
21
163
153
21
163
91
21
163
163
234
39
117
163
298
99
257
145
11
242
0
260
168
33
137
154
1
44
5
11
132
0
168
56
235
18
252
249
78
30
0
247
248
168
248
294
85
248
234
92
248
213
168
74
274
248
90
19
248
124
257
0
92
248
274
173
168
248
11
185
120
39
172
11
38
183
248
163
168
23
163
133
9
21
273
76
35
132
267
120
187
253
239
132
267
273
296
34
242
0
142
273
260
168
33
257
56
235
11
20
41
92
248
273
76
257
38
183
7
255
16
120
39
255
190
206
120
268
248
41
132
267
87
0
41
248
168
11
292
130
10
120
248
168
91
133
163
19
165
191
132
267
87
0
41
11
248
232
292
130
248
11
168
11
248
44
11
168
248
168
11
91
133
163
19
165
191
273
235
251
16
160
248
87
179
29
169
235
248
177
257
51
120
255
292
56
235
11
235
11
16
257
248
41
172
182
33
298
202
1
33
139
11
22
195
87
0
142
190
235
16
174
87
235
153
133
163
19
165
191
273
123
221
132
0
5
55
87
0
123
221
248
44
5
198
212
11
83
6
2
199
4
11
33
139
133
163
19
165
191
153
133
163
19
165
133
163
19
165
191
221
273
33
260
132
56
235
18
252
0
221
119
172
33
288
120
248
235
78
11
2
298
202
11
96
87
226
233
133
163
19
165
191
133
163
19
165
191
