168
296
20
153
300
172
36
79
182
261
16
211
87
153
11
231
19
19
251
261
298
213
55
189
257
108
296
51
298
36
292
147
11
44
116
296
248
235
160
20
190
189
257
20
248
261
248
130
248
87
7
87
235
248
150
22
3
254
0
16
11
257
249
235
87
248
168
296
20
153
300
172
36
79
182
261
16
211
87
153
11
231
19
19
251
261
182
213
55
189
257
108
296
51
298
36
292
147
11
44
115
296
248
235
160
20
190
189
257
20
248
261
248
130
248
87
7
87
235
248
150
22
3
254
0
16
11
257
249
235
87
248
172
298
296
290
106
248
177
257
20
0
273
44
87
174
235
172
298
296
290
106
248
177
257
20
0
273
44
87
174
235
111
257
217
296
111
257
217
296
67
