132
267
87
239
120
248
264
190
132
267
217
120
187
60
103
85
239
130
47
266
279
111
257
217
296
250
258
298
292
11
150
80
230
11
56
235
137
154
1
182
2
199
11
235
139
96
298
202
1
5
11
83
6
260
182
185
11
120
173
59
52
248
170
168
5
19
163
163
163
116
296
106
12
202
35
148
131
29
277
257
274
253
239
79
182
180
274
178
253
73
275
219
257
164
30
264
265
92
262
123
141
298
292
11
150
80
230
11
56
235
137
154
1
182
2
199
11
235
139
96
298
202
1
5
11
83
6
260
182
185
11
120
173
59
52
248
170
168
5
19
163
163
163
116
296
106
12
202
35
148
131
29
277
257
274
253
239
79
182
180
274
178
253
73
275
219
257
164
30
264
265
92
262
123
141
253
73
275
219
257
164
30
264
265
92
262
123
141
67
