103
20
44
130
10
160
174
168
298
255
11
293
29
8
298
103
20
44
130
10
160
174
168
298
255
11
293
29
8
298
0
24
44
30
248
209
248
264
168
169
10
248
294
11
0
36
170
247
6
235
292
92
28
257
127
257
172
33
36
7
168
253
257
173
248
168
10
181
62
130
154
246
131
158
168
181
16
214
100
11
181
126
236
235
11
180
279
249
233
257
296
113
252
16
268
249
181
62
168
10
181
62
163
163
181
30
248
163
163
0
168
100
165
231
165
172
33
127
292
163
257
123
30
181
36
92
163
163
100
163
181
5
11
163
163
163
163
163
163
248
264
168
130
10
177
124
163
163
163
163
163
163
248
264
168
130
10
177
124
253
73
275
219
257
164
30
181
5
265
92
248
264
168
163
163
181
30
248
163
163
0
168
100
165
231
165
172
33
127
292
163
257
123
30
181
36
92
163
163
100
163
181
5
11
163
163
163
163
163
163
248
264
168
130
10
177
124
163
163
163
163
163
163
248
264
168
130
10
177
124
253
73
275
219
257
164
30
181
5
265
92
248
264
168
67
