296
261
115
290
160
22
120
41
225
109
130
248
115
205
92
248
247
148
116
296
115
99
257
120
247
248
261
168
296
66
0
172
253
257
248
41
115
106
120
248
11
131
290
160
47
266
172
248
245
225
160
22
0
26
29
115
277
296
7
257
106
248
143
19
248
158
158
248
85
279
157
257
143
19
130
248
279
157
257
183
116
279
16
268
248
92
248
41
179
116
279
106
131
120
248
41
143
19
248
41
279
66
160
106
131
250
287
279
16
292
248
92
248
41
92
248
87
248
41
19
248
87
41
248
155
172
247
130
87
12
11
253
116
11
174
116
11
257
248
105
248
131
8
0
154
29
95
283
131
130
247
290
174
22
116
252
16
248
0
225
138
143
19
0
296
0
158
112
11
131
11
28
0
298
266
66
248
112
296
158
112
158
296
251
66
160
257
248
252
66
160
106
248
134
140
296
11
298
66
159
106
248
296
138
143
19
296
0
158
112
11
298
120
112
296
158
112
296
296
251
257
248
252
106
248
296
11
298
106
248
296
248
168
248
92
105
0
154
99
172
246
247
292
11
287
130
248
168
253
41
279
290
248
257
24
182
296
87
22
225
172
259
168
7
168
253
298
257
130
133
110
213
64
7
7
248
255
67
