96
15
92
5
17
9
214
5
107
131
92
248
103
245
83
6
250
0
247
128
14
257
44
29
281
109
257
108
148
131
132
167
5
230
87
0
168
253
239
247
290
24
87
298
44
216
11
15
198
280
202
11
97
257
108
296
109
248
76
7
221
16
19
163
191
133
163
221
163
216
84
248
213
247
210
87
296
133
163
221
163
14
128
248
15
11
209
198
21
163
221
163
183
256
87
248
24
44
21
163
221
163
65
113
15
16
209
42
172
248
87
221
11
257
206
221
130
29
279
296
257
20
7
87
0
168
248
15
198
11
128
113
257
248
15
279
111
296
34
132
267
203
1
139
19
167
172
248
167
44
168
17
11
214
5
188
163
163
163
73
45
163
70
44
229
167
171
163
253
73
275
219
257
164
30
167
44
265
92
167
44
5
133
163
221
163
14
128
248
15
11
209
198
21
163
221
163
183
256
87
248
24
44
21
163
221
163
65
113
15
16
209
42
172
248
87
221
11
257
206
221
130
29
279
296
257
20
7
87
0
168
248
15
198
11
128
113
257
248
15
279
111
296
34
132
267
203
1
139
19
167
172
248
167
44
168
17
11
214
5
188
163
163
163
73
45
163
70
44
229
167
171
163
253
73
275
219
257
164
30
167
44
265
92
167
44
5
21
163
221
163
183
256
87
248
24
44
21
163
221
163
65
113
15
16
209
42
172
248
87
221
11
257
206
221
130
29
279
296
257
20
7
87
0
168
248
15
198
11
128
113
257
248
15
279
111
296
34
132
267
203
1
139
19
167
172
248
167
44
168
17
11
214
5
188
163
163
163
73
45
163
70
44
229
167
171
163
253
73
275
219
257
164
30
167
44
265
92
167
44
5
21
163
221
163
65
113
15
16
209
42
172
248
87
221
11
257
206
221
130
29
279
296
257
20
7
87
0
168
248
15
198
11
128
113
257
248
15
279
111
296
34
132
267
203
1
139
19
167
172
248
167
44
168
17
11
214
5
188
163
163
163
73
45
163
70
44
229
167
171
163
253
73
275
219
257
164
30
167
44
265
92
167
44
5
42
172
248
87
221
11
257
206
221
130
29
279
296
257
20
7
87
0
168
248
15
198
11
128
113
257
248
15
279
111
296
34
132
267
203
1
139
19
167
172
248
167
44
168
17
11
214
5
188
163
163
163
73
45
163
70
44
229
167
171
163
253
73
275
219
257
164
30
167
44
265
92
167
44
5
44
168
17
11
214
5
188
163
163
163
73
45
163
70
44
229
167
171
163
253
73
275
219
257
164
30
167
44
265
92
167
44
5
73
45
163
70
44
229
167
171
163
253
73
275
219
257
164
30
167
44
265
92
167
44
5
67
