103
296
18
0
235
289
105
283
131
242
257
19
264
137
154
103
283
66
296
257
0
36
0
139
292
179
296
16
283
296
277
257
22
19
264
279
34
108
296
298
128
296
279
296
106
283
131
242
257
19
11
156
199
168
236
33
4
11
177
257
97
7
148
266
248
168
182
72
78
19
296
300
65
298
11
217
283
296
16
168
283
296
16
168
182
235
267
247
252
82
172
33
11
248
252
1
248
252
248
139
252
137
11
248
80
252
300
242
87
131
38
183
248
86
271
257
107
92
182
235
0
72
130
0
78
87
235
140
296
289
257
108
11
66
298
5
55
11
115
290
22
86
266
292
296
227
190
123
257
298
52
141
163
163
163
18
296
298
178
279
16
109
257
296
11
298
81
248
278
224
