272
120
277
257
79
116
248
32
78
130
248
173
87
296
288
223
113
257
79
172
298
184
279
296
257
267
154
225
279
34
57
248
123
296
205
280
257
200
248
123
247
125
296
155
1
32
264
289
279
16
281
0
235
49
168
165
235
92
163
232
11
163
289
290
298
11
296
18
296
128
248
139
247
277
87
296
283
279
66
182
32
199
195
296
87
139
36
11
238
120
253
294
5
9
6
2
274
259
204
32
264
163
163
163
163
163
279
205
298
52
123
92
235
216
220
116
296
194
160
257
205
73
92
32
264
42
109
257
265
277
257
79
116
248
32
78
130
248
173
87
296
288
223
113
257
79
172
298
184
279
296
257
267
154
225
279
34
57
248
123
296
205
280
257
200
248
123
247
125
296
155
1
32
264
289
279
16
281
0
235
49
168
165
235
92
163
232
11
163
289
290
298
11
296
18
296
128
248
139
247
277
87
296
283
279
66
182
32
199
195
296
87
139
36
11
238
120
253
294
5
9
6
2
274
259
204
32
264
163
163
163
163
163
279
205
298
52
123
92
235
216
220
116
296
194
160
257
205
73
92
32
264
42
109
257
265
2
274
259
204
32
264
163
163
163
163
163
279
205
298
52
123
92
235
216
220
116
296
194
160
257
205
73
92
32
264
42
109
257
265
274
259
204
32
264
163
163
163
163
163
279
205
298
52
123
92
235
216
220
116
296
194
160
257
205
73
92
32
264
42
109
257
265
259
204
32
264
163
163
163
163
163
279
205
298
52
123
92
235
216
220
116
296
194
160
257
205
73
92
32
264
42
109
257
265
32
264
163
163
163
163
163
279
205
298
52
123
92
235
216
220
116
296
194
160
257
205
73
92
32
264
42
109
257
265
67
