103
257
108
195
296
87
248
44
15
198
281
257
97
296
0
168
248
163
156
44
268
253
239
257
231
168
248
261
287
121
298
187
163
179
248
187
130
285
296
34
223
289
296
16
18
0
187
11
248
11
247
296
257
285
296
16
258
253
130
298
37
257
15
168
298
139
247
252
160
22
257
137
120
12
180
168
248
15
298
248
296
290
157
257
40
173
183
168
257
120
163
179
279
296
242
0
143
19
7
11
87
257
108
296
172
248
178
247
24
283
296
277
257
135
1
296
157
226
248
168
182
44
279
8
129
296
257
180
92
248
44
5
239
279
143
89
257
296
172
298
257
44
24
248
243
163
163
130
0
206
253
73
275
219
257
164
30
265
92
163
44
199
87
110
213
268
253
239
257
231
168
248
261
287
121
298
187
163
179
248
187
130
285
296
34
223
289
296
16
18
0
187
11
248
11
247
296
257
285
296
16
258
253
130
298
37
257
15
168
298
139
247
252
160
22
257
137
120
12
180
168
248
15
298
248
296
290
157
257
40
173
183
168
257
120
163
179
279
296
242
0
143
19
7
11
87
257
108
296
172
248
178
247
24
283
296
277
257
135
1
296
157
226
248
168
182
44
279
8
129
296
257
180
92
248
44
5
239
279
143
89
257
296
172
298
257
44
24
248
243
163
163
130
0
206
253
73
275
219
257
164
30
265
92
163
44
199
87
110
213
130
285
296
34
223
289
296
16
18
0
187
11
248
11
247
296
257
285
296
16
258
253
130
298
37
257
15
168
298
139
247
252
160
22
257
137
120
12
180
168
248
15
298
248
296
290
157
257
40
173
183
168
257
120
163
179
279
296
242
0
143
19
7
11
87
257
108
296
172
248
178
247
24
283
296
277
257
135
1
296
157
226
248
168
182
44
279
8
129
296
257
180
92
248
44
5
239
279
143
89
257
296
172
298
257
44
24
248
243
163
163
130
0
206
253
73
275
219
257
164
30
265
92
163
44
199
87
110
213
296
290
157
257
40
173
183
168
257
120
163
179
279
296
242
0
143
19
7
11
87
257
108
296
172
248
178
247
24
283
296
277
257
135
1
296
157
226
248
168
182
44
279
8
129
296
257
180
92
248
44
5
239
279
143
89
257
296
172
298
257
44
24
248
243
163
163
130
0
206
253
73
275
219
257
164
30
265
92
163
44
199
87
110
213
168
182
44
279
8
129
296
257
180
92
248
44
5
239
279
143
89
257
296
172
298
257
44
24
248
243
163
163
130
0
206
253
73
275
219
257
164
30
265
92
163
44
199
87
110
213
279
143
89
257
296
172
298
257
44
24
248
243
163
163
130
0
206
253
73
275
219
257
164
30
265
92
163
44
199
87
110
213
67
