248
273
221
130
60
103
54
44
168
17
11
214
130
10
17
11
214
44
19
248
168
10
126
207
124
279
169
163
147
120
120
257
248
163
11
165
54
262
44
11
279
296
257
79
87
261
295
0
147
250
16
154
273
76
253
239
11
248
123
221
130
206
19
248
11
132
267
257
137
154
1
283
105
257
169
273
123
221
11
2
11
36
133
163
163
165
191
165
191
75
207
11
228
2
177
133
163
163
165
191
165
191
75
5
123
221
21
163
163
165
191
165
191
75
279
111
257
51
292
296
227
163
64
168
5
44
168
17
9
214
44
168
17
9
214
54
264
163
163
163
253
73
275
219
257
164
30
54
5
265
92
44
168
17
11
214
120
257
248
163
11
165
54
262
44
11
279
296
257
79
87
261
295
0
147
250
16
154
273
76
253
239
11
248
123
221
130
206
19
248
11
132
267
257
137
154
1
283
105
257
169
273
123
221
11
2
11
36
133
163
163
165
191
165
191
75
207
11
228
2
177
133
163
163
165
191
165
191
75
5
123
221
21
163
163
165
191
165
191
75
279
111
257
51
292
296
227
163
64
168
5
44
168
17
9
214
44
168
17
9
214
54
264
163
163
163
253
73
275
219
257
164
30
54
5
265
92
44
168
17
11
214
2
11
36
133
163
163
165
191
165
191
75
207
11
228
2
177
133
163
163
165
191
165
191
75
5
123
221
21
163
163
165
191
165
191
75
279
111
257
51
292
296
227
163
64
168
5
44
168
17
9
214
44
168
17
9
214
54
264
163
163
163
253
73
275
219
257
164
30
54
5
265
92
44
168
17
11
214
67
