43
245
178
199
105
254
163
245
178
254
163
60
103
43
264
105
247
15
290
160
22
257
237
179
215
254
248
163
163
15
248
168
43
295
245
178
97
235
257
40
113
249
122
16
24
120
249
15
43
15
209
245
215
16
134
173
0
163
168
120
182
15
209
15
289
40
160
257
237
245
215
290
160
22
19
0
18
182
209
2
187
125
247
11
48
87
248
168
11
154
279
129
296
257
137
154
1
182
15
198
211
0
274
179
148
0
187
51
292
298
5
170
224
168
5
253
73
275
219
257
164
30
43
264
265
92
43
264
247
15
290
160
22
257
237
179
215
254
248
163
163
15
248
168
43
295
245
178
97
235
257
40
113
249
122
16
24
120
249
15
43
15
209
245
215
16
134
173
0
163
168
120
182
15
209
15
289
40
160
257
237
245
215
290
160
22
19
0
18
182
209
2
187
125
247
11
48
87
248
168
11
154
279
129
296
257
137
154
1
182
15
198
211
0
274
179
148
0
187
51
292
298
5
170
224
168
5
253
73
275
219
257
164
30
43
264
265
92
43
264
97
235
257
40
113
249
122
16
24
120
249
15
43
15
209
245
215
16
134
173
0
163
168
120
182
15
209
15
289
40
160
257
237
245
215
290
160
22
19
0
18
182
209
2
187
125
247
11
48
87
248
168
11
154
279
129
296
257
137
154
1
182
15
198
211
0
274
179
148
0
187
51
292
298
5
170
224
168
5
253
73
275
219
257
164
30
43
264
265
92
43
264
211
0
274
179
148
0
187
51
292
298
5
170
224
168
5
253
73
275
219
257
164
30
43
264
265
92
43
264
179
148
0
187
51
292
298
5
170
224
168
5
253
73
275
219
257
164
30
43
264
265
92
43
264
224
168
5
253
73
275
219
257
164
30
43
264
265
92
43
264
67
