130
115
173
168
248
11
109
19
115
275
134
248
258
115
120
87
173
295
87
130
10
11
143
89
257
248
279
16
0
243
287
247
11
257
106
182
243
115
135
253
130
160
113
296
189
257
231
298
295
115
134
277
257
129
7
168
296
257
266
87
116
296
277
257
266
248
168
139
210
162
116
296
16
125
190
99
175
11
206
120
87
131
290
22
131
290
296
11
131
290
22
279
290
22
86
248
92
248
11
279
16
231
225
116
296
277
257
47
183
11
106
226
96
172
11
206
148
240
296
106
298
120
11
52
149
179
248
170
116
296
16
106
12
11
279
290
257
108
296
18
24
279
34
296
206
115
290
183
226
180
73
225
279
16
172
248
231
248
111
296
217
296
227
138
99
163
163
163
163
48
139
130
163
168
283
257
296
11
163
113
296
257
131
67
