103
288
115
257
205
248
168
248
296
157
257
247
248
130
298
11
300
283
296
300
115
300
247
296
34
106
0
87
11
120
248
29
296
157
257
96
120
195
87
300
172
163
163
19
165
191
103
115
275
116
115
96
10
172
87
255
253
105
266
236
87
10
245
172
11
11
10
245
172
11
91
115
8
7
168
213
257
11
213
4
11
0
247
7
168
253
115
106
292
293
251
168
59
292
160
22
257
49
292
243
172
115
275
0
292
248
189
168
243
168
253
115
96
155
168
248
293
120
173
290
160
248
24
87
10
22
87
248
168
115
290
22
257
96
0
292
7
11
225
115
290
22
87
10
134
149
255
257
247
128
266
257
115
10
257
11
115
237
248
258
134
257
296
293
138
149
135
283
296
103
110
213
67
