273
44
274
16
257
296
273
44
274
16
257
296
273
44
274
16
257
296
273
44
274
16
257
296
273
44
274
16
257
296
44
11
211
274
257
150
292
134
235
248
213
295
251
274
16
208
87
11
29
162
106
248
177
257
292
251
11
231
79
249
189
7
274
16
141
120
190
86
251
257
266
179
52
149
292
12
202
250
130
159
257
248
163
168
274
296
34
20
253
295
44
11
211
274
257
150
292
134
235
248
213
295
251
274
16
208
87
11
29
162
106
248
177
257
292
251
11
231
79
249
189
7
274
16
141
120
190
86
251
257
266
179
52
149
292
12
202
250
130
159
257
248
163
168
274
296
34
20
253
295
257
120
257
298
86
251
176
0
11
216
179
99
257
99
257
248
210
168
298
11
218
87
235
11
163
40
110
213
292
172
190
296
22
120
257
298
213
257
266
120
87
0
274
86
251
120
257
298
11
120
257
298
213
42
44
259
210
11
42
44
274
42
154
257
217
7
274
42
206
162
172
210
116
296
157
257
298
86
248
257
217
248
141
168
274
11
42
257
120
257
298
86
251
257
120
257
298
86
251
257
120
257
298
86
251
257
120
257
298
86
251
176
0
11
216
179
99
257
99
257
248
210
168
298
11
218
87
235
11
163
40
110
213
292
172
190
296
22
120
257
298
213
176
0
11
216
179
99
257
176
0
11
216
179
99
257
99
257
248
210
168
298
11
218
87
235
11
99
257
248
210
168
298
11
218
87
235
11
163
163
40
110
213
40
110
213
292
172
190
296
22
120
257
298
213
292
172
190
296
22
120
257
298
213
257
266
120
87
0
274
86
251
257
266
120
87
0
274
86
251
257
266
120
87
0
274
86
251
257
266
120
87
0
274
86
251
257
266
120
87
0
274
86
251
120
257
298
11
120
257
298
213
42
44
259
210
11
42
44
274
42
154
257
217
7
274
42
206
162
172
210
116
296
157
257
298
86
248
257
217
248
141
168
274
11
42
120
257
298
11
120
257
298
213
42
44
259
210
42
44
259
210
42
44
259
210
11
42
44
274
42
154
257
217
7
274
11
42
44
274
42
154
257
217
7
274
11
42
44
274
42
154
257
217
7
274
11
42
44
274
42
154
257
217
7
274
42
206
162
172
210
42
206
162
172
210
42
206
162
172
210
42
206
162
172
210
42
206
162
172
210
116
296
157
257
298
86
248
257
217
248
141
168
274
11
42
116
296
157
257
298
86
248
257
217
248
141
168
274
11
42
116
296
157
257
298
86
248
257
217
248
141
168
274
11
42
116
296
157
257
298
86
248
257
217
248
141
168
274
11
42
116
296
157
257
298
86
248
257
217
248
141
168
274
11
42
116
296
157
257
298
86
248
257
217
248
141
168
274
11
42
248
257
20
248
273
274
290
22
142
172
248
44
274
19
163
152
248
211
11
248
290
8
22
219
257
298
248
59
168
248
248
257
20
248
273
274
290
22
142
172
248
44
274
19
163
152
248
211
11
248
290
8
22
219
257
298
248
59
168
248
248
257
20
248
273
274
290
22
142
172
248
44
274
19
163
152
248
211
11
248
290
8
22
219
257
298
248
59
168
248
110
117
166
163
110
117
166
163
67
