107
92
56
235
1
286
252
145
14
137
154
274
139
130
19
46
44
103
109
286
182
235
145
142
11
137
19
44
55
149
257
46
44
115
208
115
266
172
248
11
142
120
0
232
142
109
130
246
250
225
115
145
1
139
248
257
33
279
50
0
163
11
248
33
16
226
168
19
115
106
0
44
49
115
145
163
103
0
145
49
130
87
296
120
46
137
154
1
248
267
11
211
298
33
274
227
274
163
229
46
163
163
163
163
299
163
46
44
7
210
208
265
92
49
92
46
44
253
73
275
219
257
164
30
46
44
170
168
5
265
92
46
44
137
154
274
139
130
19
46
44
103
109
286
182
235
145
142
11
137
19
44
55
149
257
46
44
115
208
115
266
172
248
11
142
120
0
232
142
109
130
246
250
225
115
145
1
139
248
257
33
279
50
0
163
11
248
33
16
226
168
19
115
106
0
44
49
115
145
163
103
0
145
49
130
87
296
120
46
137
154
1
248
267
11
211
298
33
274
227
274
163
229
46
163
163
163
163
299
163
46
44
7
210
208
265
92
49
92
46
44
253
73
275
219
257
164
30
46
44
170
168
5
265
92
46
44
274
139
130
19
46
44
103
109
286
182
235
145
142
11
137
19
44
55
149
257
46
44
115
208
115
266
172
248
11
142
120
0
232
142
109
130
246
250
225
115
145
1
139
248
257
33
279
50
0
163
11
248
33
16
226
168
19
115
106
0
44
49
115
145
163
103
0
145
49
130
87
296
120
46
137
154
1
248
267
11
211
298
33
274
227
274
163
229
46
163
163
163
163
299
163
46
44
7
210
208
265
92
49
92
46
44
253
73
275
219
257
164
30
46
44
170
168
5
265
92
46
44
139
130
19
46
44
103
109
286
182
235
145
142
11
137
19
44
55
149
257
46
44
115
208
115
266
172
248
11
142
120
0
232
142
109
130
246
250
225
115
145
1
139
248
257
33
279
50
0
163
11
248
33
16
226
168
19
115
106
0
44
49
115
145
163
103
0
145
49
130
87
296
120
46
137
154
1
248
267
11
211
298
33
274
227
274
163
229
46
163
163
163
163
299
163
46
44
7
210
208
265
92
49
92
46
44
253
73
275
219
257
164
30
46
44
170
168
5
265
92
46
44
227
274
163
229
46
163
163
163
163
299
163
46
44
7
210
208
265
92
49
92
46
44
253
73
275
219
257
164
30
46
44
170
168
5
265
92
46
44
163
229
46
163
163
163
163
299
163
46
44
7
210
208
265
92
49
92
46
44
253
73
275
219
257
164
30
46
44
170
168
5
265
92
46
44
299
163
46
44
7
210
208
265
92
49
92
46
44
253
73
275
219
257
164
30
46
44
170
168
5
265
92
46
44
92
49
92
46
44
253
73
275
219
257
164
30
46
44
170
168
5
265
92
46
44
67
