298
181
62
34
242
296
296
277
257
99
103
138
267
296
286
296
290
298
181
62
34
242
296
296
277
257
99
138
267
296
226
168
248
204
296
290
103
281
298
125
120
248
264
168
44
235
248
209
1
248
264
168
120
298
93
298
181
62
34
242
296
296
277
257
99
138
267
296
226
168
248
204
296
290
181
163
147
16
169
257
181
235
11
264
44
87
147
11
36
79
290
296
120
218
298
163
168
181
16
172
249
147
225
297
22
120
101
292
180
235
18
296
143
257
84
298
168
236
165
182
181
168
154
246
165
290
22
11
290
257
108
51
296
292
248
210
257
28
298
93
284
296
157
131
248
235
137
169
90
257
7
235
254
253
156
220
169
120
80
221
11
236
257
108
235
242
249
184
2
238
296
109
7
247
257
10
181
62
130
0
101
298
181
62
34
242
296
296
277
257
99
296
106
225
257
169
11
279
34
108
296
283
296
248
181
15
176
21
163
137
1
248
181
15
181
5
9
163
163
163
163
163
163
248
264
168
130
10
177
124
253
73
275
219
257
164
30
181
5
265
92
248
264
168
253
156
220
169
120
80
221
11
236
257
108
235
242
249
184
2
238
296
109
7
247
257
10
181
62
130
0
101
298
181
62
34
242
296
296
277
257
99
296
106
225
257
169
11
279
34
108
296
283
296
248
181
15
176
21
163
137
1
248
181
15
181
5
9
163
163
163
163
163
163
248
264
168
130
10
177
124
253
73
275
219
257
164
30
181
5
265
92
248
264
168
181
5
9
163
163
163
163
163
163
248
264
168
130
10
177
124
253
73
275
219
257
164
30
181
5
265
92
248
264
168
248
264
168
130
10
177
124
253
73
275
219
257
164
30
181
5
265
92
248
264
168
67
