158
260
60
88
264
130
0
17
213
120
292
10
165
235
80
163
147
11
163
11
182
105
261
11
116
131
22
18
0
131
130
10
168
275
248
156
259
264
2
10
257
10
120
29
131
257
172
131
173
168
131
130
257
18
10
2
49
18
87
200
87
235
120
10
195
18
276
248
16
30
284
160
28
49
130
257
230
11
173
168
248
155
87
199
120
248
173
168
77
100
242
173
179
154
168
248
199
41
287
235
292
248
198
11
168
2
207
11
108
123
11
257
130
8
257
248
287
163
179
154
168
85
295
235
268
248
11
126
148
235
168
249
184
11
248
130
257
11
0
225
18
296
34
130
160
0
131
130
0
257
137
154
1
276
88
47
274
182
23
33
257
110
260
16
162
87
133
11
21
206
133
11
21
274
92
133
163
21
163
279
290
169
120
187
123
221
292
235
33
260
253
261
274
78
290
22
169
153
91
92
165
165
191
11
165
191
165
191
206
87
298
33
274
78
109
279
8
111
297
132
267
87
182
142
273
123
221
276
11
279
296
257
86
182
257
137
154
1
177
19
276
88
276
88
264
253
73
275
219
257
164
30
276
88
264
5
265
92
276
88
264
130
0
17
213
120
292
10
165
235
80
163
147
11
163
11
182
105
261
11
116
131
22
18
0
131
130
10
168
275
248
156
259
264
2
10
257
10
120
29
131
257
172
131
173
168
131
130
257
18
10
2
49
18
87
200
87
235
120
10
195
18
276
248
16
30
284
160
28
49
130
257
230
11
173
168
248
155
87
199
120
248
173
168
77
100
242
173
179
154
168
248
199
41
287
235
292
248
198
11
168
2
207
11
108
123
11
257
130
8
257
248
287
163
179
154
168
85
295
235
268
248
11
126
148
235
168
249
184
11
248
130
257
11
0
225
18
296
34
130
160
0
131
130
0
257
137
154
1
276
88
47
274
182
23
33
257
110
260
16
162
87
133
11
21
206
133
11
21
274
92
133
163
21
163
279
290
169
120
187
123
221
292
235
33
260
253
261
274
78
290
22
169
153
91
92
165
165
191
11
165
191
165
191
206
87
298
33
274
78
109
279
8
111
297
132
267
87
182
142
273
123
221
276
11
279
296
257
86
182
257
137
154
1
177
19
276
88
276
88
264
253
73
275
219
257
164
30
276
88
264
5
265
92
276
88
264
279
8
111
297
132
267
87
182
142
273
123
221
276
11
279
296
257
86
182
257
137
154
1
177
19
276
88
276
88
264
253
73
275
219
257
164
30
276
88
264
5
265
92
276
88
264
11
279
296
257
86
182
257
137
154
1
177
19
276
88
276
88
264
253
73
275
219
257
164
30
276
88
264
5
265
92
276
88
264
279
296
257
86
182
257
137
154
1
177
19
276
88
276
88
264
253
73
275
219
257
164
30
276
88
264
5
265
92
276
88
264
279
296
257
86
182
257
137
154
1
177
19
276
88
276
88
264
253
73
275
219
257
164
30
276
88
264
5
265
92
276
88
264
67
