55
106
189
36
11
44
76
87
7
168
182
11
231
153
19
279
290
292
0
273
172
36
125
248
86
120
257
298
235
248
22
3
254
0
16
257
249
235
87
248
86
248
172
36
279
106
8
163
36
92
248
257
150
273
292
235
257
1
249
36
168
287
16
109
130
248
141
168
289
106
257
292
235
168
11
168
126
64
168
64
87
251
273
163
152
9
18
16
211
87
163
163
120
248
255
105
165
165
179
290
150
292
248
97
0
168
249
11
176
131
266
257
235
202
250
290
22
0
266
87
235
11
219
257
292
0
141
168
202
252
34
248
248
86
153
11
11
92
165
213
55
290
11
172
51
36
125
257
44
147
248
76
290
22
0
273
44
172
163
248
292
248
259
163
44
235
20
190
298
11
257
20
251
119
279
106
255
120
11
277
298
235
257
92
296
67
