272
120
283
167
44
130
140
132
267
87
0
239
274
59
172
91
133
163
239
274
59
253
130
10
7
59
274
199
63
257
97
296
10
143
19
167
296
300
106
248
177
257
242
0
33
260
20
228
221
11
150
56
235
11
80
206
109
79
180
178
34
300
132
267
172
133
163
38
183
182
180
239
274
59
279
8
169
142
273
221
11
127
18
280
18
180
120
187
274
177
257
96
257
135
167
25
217
7
248
178
286
167
2
5
9
6
235
139
167
44
163
70
44
229
167
171
163
279
205
298
52
123
92
235
216
220
116
296
194
160
257
205
73
92
167
44
42
109
257
265
283
167
44
130
140
132
267
87
0
239
274
59
172
91
133
163
239
274
59
253
130
10
7
59
274
199
63
257
97
296
10
143
19
167
296
300
106
248
177
257
242
0
33
260
20
228
221
11
150
56
235
11
80
206
109
79
180
178
34
300
132
267
172
133
163
38
183
182
180
239
274
59
279
8
169
142
273
221
11
127
18
280
18
180
120
187
274
177
257
96
257
135
167
25
217
7
248
178
286
167
2
5
9
6
235
139
167
44
163
70
44
229
167
171
163
279
205
298
52
123
92
235
216
220
116
296
194
160
257
205
73
92
167
44
42
109
257
265
79
180
178
34
300
132
267
172
133
163
38
183
182
180
239
274
59
279
8
169
142
273
221
11
127
18
280
18
180
120
187
274
177
257
96
257
135
167
25
217
7
248
178
286
167
2
5
9
6
235
139
167
44
163
70
44
229
167
171
163
279
205
298
52
123
92
235
216
220
116
296
194
160
257
205
73
92
167
44
42
109
257
265
279
8
169
142
273
221
11
127
18
280
18
180
120
187
274
177
257
96
257
135
167
25
217
7
248
178
286
167
2
5
9
6
235
139
167
44
163
70
44
229
167
171
163
279
205
298
52
123
92
235
216
220
116
296
194
160
257
205
73
92
167
44
42
109
257
265
286
167
2
5
9
6
235
139
167
44
163
70
44
229
167
171
163
279
205
298
52
123
92
235
216
220
116
296
194
160
257
205
73
92
167
44
42
109
257
265
2
5
9
6
235
139
167
44
163
70
44
229
167
171
163
279
205
298
52
123
92
235
216
220
116
296
194
160
257
205
73
92
167
44
42
109
257
265
5
9
6
235
139
167
44
163
70
44
229
167
171
163
279
205
298
52
123
92
235
216
220
116
296
194
160
257
205
73
92
167
44
42
109
257
265
235
139
167
44
163
70
44
229
167
171
163
279
205
298
52
123
92
235
216
220
116
296
194
160
257
205
73
92
167
44
42
109
257
265
167
44
163
70
44
229
167
171
163
279
205
298
52
123
92
235
216
220
116
296
194
160
257
205
73
92
167
44
42
109
257
265
67
