146
176
112
103
296
11
298
81
16
129
257
146
182
155
176
112
78
87
235
146
153
21
163
163
146
33
296
290
79
182
23
33
150
56
235
292
294
80
11
96
256
87
248
5
11
83
6
162
253
73
275
219
257
164
30
146
265
92
144
232
264
182
155
176
112
78
87
235
146
153
21
163
163
146
33
296
290
79
182
23
33
150
56
235
292
294
80
11
96
256
87
248
5
11
83
6
162
253
73
275
219
257
164
30
146
265
92
144
232
264
153
21
163
163
146
33
296
290
79
182
23
33
150
56
235
292
294
80
11
96
256
87
248
5
11
83
6
162
253
73
275
219
257
164
30
146
265
92
144
232
264
253
73
275
219
257
164
30
146
265
92
144
232
264
67
