103
115
300
257
296
1
298
129
257
14
257
264
292
298
15
98
14
235
14
235
13
95
296
34
14
162
292
279
300
245
215
178
11
279
300
296
257
237
296
300
106
159
15
159
11
182
5
61
261
253
130
0
228
177
103
11
115
22
0
101
87
296
225
242
168
131
50
298
15
98
14
235
14
235
13
95
258
179
237
248
13
98
14
235
14
235
13
95
30
267
257
298
141
168
213
115
300
148
240
296
205
248
15
296
40
115
143
89
257
137
154
1
296
224
98
201
160
174
120
248
29
279
8
172
248
296
135
247
130
248
7
255
120
300
11
168
248
295
120
87
237
298
15
98
14
235
14
235
13
95
179
248
13
98
14
235
14
235
13
95
257
264
98
235
216
220
168
248
44
116
160
205
73
92
264
138
267
135
138
267
