103
182
238
105
267
289
279
16
131
130
255
257
65
283
296
290
103
16
120
182
2
11
172
182
252
242
172
156
14
257
248
264
168
130
298
85
257
0
248
262
15
176
133
163
11
290
22
172
248
13
120
21
242
255
162
257
203
248
11
22
195
284
248
15
298
15
87
130
8
298
212
15
225
106
7
298
155
11
266
257
123
284
296
14
298
233
19
248
264
168
163
163
163
90
163
163
163
170
168
262
5
163
163
253
73
275
219
257
164
30
248
264
168
265
92
248
264
168
163
163
163
90
163
163
163
170
168
262
5
163
163
253
73
275
219
257
164
30
248
264
168
265
92
248
264
168
67
