60
103
241
235
16
10
172
182
33
297
84
235
292
0
168
125
92
248
17
257
257
11
279
35
257
223
154
292
296
29
279
277
257
148
240
281
223
247
298
125
134
183
253
257
138
267
135
283
125
296
224
248
168
248
241
5
170
140
257
31
296
283
140
257
22
31
116
279
16
268
248
190
73
5
241
44
5
163
163
163
253
73
275
219
257
164
30
241
44
265
92
241
44
257
138
267
135
283
125
296
224
248
168
248
241
5
170
140
257
31
296
283
140
257
22
31
116
279
16
268
248
190
73
5
241
44
5
163
163
163
253
73
275
219
257
164
30
241
44
265
92
241
44
241
44
5
163
163
163
253
73
275
219
257
164
30
241
44
265
92
241
44
253
73
275
219
257
164
30
241
44
265
92
241
44
67
