60
103
295
74
235
223
53
78
18
10
126
235
11
126
38
131
183
224
170
168
5
248
53
263
132
182
141
242
0
273
260
132
267
87
10
76
253
73
275
219
257
164
30
248
53
263
265
92
53
263
224
170
168
5
248
53
263
132
182
141
242
0
273
260
132
267
87
10
76
253
73
275
219
257
164
30
248
53
263
265
92
53
263
242
0
273
260
132
267
87
10
76
253
73
275
219
257
164
30
248
53
263
265
92
53
263
132
267
87
10
76
253
73
275
219
257
164
30
248
53
263
265
92
53
263
253
73
275
219
257
164
30
248
53
263
265
92
53
263
67
