272
120
277
257
79
116
248
139
264
130
87
296
288
279
300
223
113
257
79
172
298
184
279
296
257
267
154
225
279
34
57
248
123
296
205
279
300
257
200
248
123
247
125
296
155
1
114
289
279
16
114
16
34
66
11
252
187
11
283
279
66
114
235
51
292
11
96
36
254
114
168
2
274
259
204
40
257
22
19
110
192
264
77
235
205
10
72
120
10
292
110
192
264
173
264
110
192
163
163
165
279
205
298
52
123
92
235
216
220
116
296
194
160
257
205
73
92
110
192
264
42
109
257
265
277
257
79
116
248
139
264
130
87
296
288
279
300
223
113
257
79
172
298
184
279
296
257
267
154
225
279
34
57
248
123
296
205
279
300
257
200
248
123
247
125
296
155
1
114
289
279
16
114
16
34
66
11
252
187
11
283
279
66
114
235
51
292
11
96
36
254
114
168
2
274
259
204
40
257
22
19
110
192
264
77
235
205
10
72
120
10
292
110
192
264
173
264
110
192
163
163
165
279
205
298
52
123
92
235
216
220
116
296
194
160
257
205
73
92
110
192
264
42
109
257
265
2
274
259
204
40
257
22
19
110
192
264
77
235
205
10
72
120
10
292
110
192
264
173
264
110
192
163
163
165
279
205
298
52
123
92
235
216
220
116
296
194
160
257
205
73
92
110
192
264
42
109
257
265
274
259
204
40
257
22
19
110
192
264
77
235
205
10
72
120
10
292
110
192
264
173
264
110
192
163
163
165
279
205
298
52
123
92
235
216
220
116
296
194
160
257
205
73
92
110
192
264
42
109
257
265
259
204
40
257
22
19
110
192
264
77
235
205
10
72
120
10
292
110
192
264
173
264
110
192
163
163
165
279
205
298
52
123
92
235
216
220
116
296
194
160
257
205
73
92
110
192
264
42
109
257
265
40
257
22
19
110
192
264
77
235
205
10
72
120
10
292
110
192
264
173
264
110
192
163
163
165
279
205
298
52
123
92
235
216
220
116
296
194
160
257
205
73
92
110
192
264
42
109
257
265
67
