60
103
131
130
257
169
296
253
228
177
296
34
14
257
264
98
14
235
14
235
13
95
292
228
11
18
159
15
159
10
5
61
261
159
245
215
178
115
300
145
257
231
248
172
298
261
5
61
11
115
300
298
15
87
10
115
296
257
237
298
15
258
98
14
235
14
235
13
95
115
135
182
163
152
92
41
11
48
257
187
108
296
195
87
248
93
115
143
89
257
209
298
15
227
103
224
98
201
19
296
300
84
247
182
48
257
92
248
257
248
87
182
243
134
249
253
14
257
258
98
14
235
14
235
13
95
11
132
248
172
182
33
98
235
216
220
168
248
44
116
160
205
73
92
264
138
267
135
138
267
