103
190
129
257
14
257
98
292
98
14
235
14
235
13
95
5
230
11
115
277
257
137
154
1
296
18
227
18
279
34
11
148
298
78
14
18
18
250
130
159
257
11
245
215
157
87
5
298
245
215
16
174
116
140
257
22
87
212
237
298
15
162
98
14
235
14
235
13
95
296
8
14
257
98
292
248
13
284
131
115
8
129
296
257
79
286
232
148
248
87
225
235
134
140
296
242
163
289
293
257
22
248
85
120
81
257
100
92
44
232
168
182
2
292
248
264
257
108
235
257
126
120
248
179
292
248
168
0
11
18
0
74
147
126
292
11
78
128
0
255
100
120
10
74
292
120
120
248
24
140
11
7
98
235
298
74
179
12
180
36
296
40
14
257
98
258
292
298
15
98
14
235
14
235
13
95
190
172
253
280
177
98
98
235
216
220
168
248
44
116
296
194
160
257
205
73
92
232
264
190
138
267
135
190
138
267
