163
18
248
131
300
255
257
172
182
239
19
279
300
10
295
225
121
248
168
13
49
11
154
203
172
257
79
154
1
283
130
19
253
113
273
66
279
277
182
93
257
22
279
165
163
113
252
268
271
248
11
283
252
277
248
294
257
143
140
109
300
283
252
65
248
72
163
257
213
256
87
96
298
87
273
179
137
253
213
295
213
11
124
16
169
178
87
137
109
16
0
256
87
108
298
96
257
99
257
213
120
0
273
179
203
248
256
132
248
49
248
49
130
0
87
57
257
84
202
11
51
292
130
132
248
162
132
248
49
163
113
279
182
172
76
75
206
163
75
206
163
256
11
87
268
248
13
75
206
76
38
183
76
76
47
266
253
296
300
84
92
148
257
11
41
257
221
79
76
120
248
49
16
296
87
137
165
251
256
108
268
87
213
250
0
158
278
257
163
163
163
299
163
7
210
208
274
271
49
163
163
163
267
298
205
253
73
296
266
87
0
116
296
257
22
92
182
73
141
265
67
