272
120
277
257
79
116
248
270
78
130
248
173
87
296
288
279
300
223
113
257
79
172
298
184
279
296
257
267
154
225
279
34
57
248
123
296
205
279
300
257
200
248
123
247
125
296
155
1
270
289
279
16
182
49
130
11
92
77
11
148
266
253
49
247
248
24
168
283
279
66
296
277
257
99
44
134
131
280
108
296
96
250
254
248
177
140
207
11
220
2
5
9
6
139
19
270
259
204
269
264
163
69
269
120
163
279
205
298
52
123
92
235
216
220
116
296
194
160
257
205
73
92
269
264
42
109
257
265
277
257
79
116
248
270
78
130
248
173
87
296
288
279
300
223
113
257
79
172
298
184
279
296
257
267
154
225
279
34
57
248
123
296
205
279
300
257
200
248
123
247
125
296
155
1
270
289
279
16
182
49
130
11
92
77
11
148
266
253
49
247
248
24
168
283
279
66
296
277
257
99
44
134
131
280
108
296
96
250
254
248
177
140
207
11
220
2
5
9
6
139
19
270
259
204
269
264
163
69
269
120
163
279
205
298
52
123
92
235
216
220
116
296
194
160
257
205
73
92
269
264
42
109
257
265
5
9
6
139
19
270
259
204
269
264
163
69
269
120
163
279
205
298
52
123
92
235
216
220
116
296
194
160
257
205
73
92
269
264
42
109
257
265
139
19
270
259
204
269
264
163
69
269
120
163
279
205
298
52
123
92
235
216
220
116
296
194
160
257
205
73
92
269
264
42
109
257
265
259
204
269
264
163
69
269
120
163
279
205
298
52
123
92
235
216
220
116
296
194
160
257
205
73
92
269
264
42
109
257
265
269
264
163
69
269
120
163
279
205
298
52
123
92
235
216
220
116
296
194
160
257
205
73
92
269
264
42
109
257
265
67
