103
130
248
210
49
87
296
286
160
150
226
168
182
235
120
0
257
217
116
296
34
18
0
207
9
155
235
66
207
292
80
11
78
154
246
173
249
44
295
113
66
252
3
251
177
130
250
87
107
154
1
207
11
113
235
182
100
257
249
206
87
133
163
165
165
191
248
85
295
78
120
59
206
87
41
11
84
298
248
85
295
19
130
168
158
78
11
177
137
154
1
226
168
248
228
78
168
182
18
252
172
249
85
295
19
206
87
133
163
165
165
191
139
120
145
182
248
168
11
16
7
10
168
33
296
145
142
179
296
34
84
298
120
107
154
1
178
44
59
11
283
182
235
66
172
248
206
87
133
163
165
165
191
235
8
66
225
86
172
183
292
12
202
279
143
89
257
150
296
175
227
248
44
5
243
170
168
5
163
44
278
163
166
253
73
275
219
257
164
30
44
265
92
95
49
87
133
163
165
165
191
248
85
295
78
120
59
206
87
41
11
84
298
248
85
295
19
130
168
158
78
11
177
137
154
1
226
168
248
228
78
168
182
18
252
172
249
85
295
19
206
87
133
163
165
165
191
139
120
145
182
248
168
11
16
7
10
168
33
296
145
142
179
296
34
84
298
120
107
154
1
178
44
59
11
283
182
235
66
172
248
206
87
133
163
165
165
191
235
8
66
225
86
172
183
292
12
202
279
143
89
257
150
296
175
227
248
44
5
243
170
168
5
163
44
278
163
166
253
73
275
219
257
164
30
44
265
92
95
49
87
133
163
165
165
191
139
120
145
182
248
168
11
16
7
10
168
33
296
145
142
179
296
34
84
298
120
107
154
1
178
44
59
11
283
182
235
66
172
248
206
87
133
163
165
165
191
235
8
66
225
86
172
183
292
12
202
279
143
89
257
150
296
175
227
248
44
5
243
170
168
5
163
44
278
163
166
253
73
275
219
257
164
30
44
265
92
95
49
87
133
163
165
165
191
235
8
66
225
86
172
183
292
12
202
279
143
89
257
150
296
175
227
248
44
5
243
170
168
5
163
44
278
163
166
253
73
275
219
257
164
30
44
265
92
95
49
279
143
89
257
150
296
175
227
248
44
5
243
170
168
5
163
44
278
163
166
253
73
275
219
257
164
30
44
265
92
95
49
67
