103
182
238
105
267
289
279
16
131
130
255
257
65
283
296
290
103
248
264
168
15
87
5
130
162
176
296
290
14
87
5
11
212
120
248
262
13
112
218
120
248
290
22
172
248
168
298
15
231
298
257
0
258
14
162
163
163
163
90
163
163
163
170
168
262
5
163
163
253
73
275
219
257
164
30
248
264
168
265
92
248
264
168
296
290
14
87
5
11
212
120
248
262
13
112
218
120
248
290
22
172
248
168
298
15
231
298
257
0
258
14
162
163
163
163
90
163
163
163
170
168
262
5
163
163
253
73
275
219
257
164
30
248
264
168
265
92
248
264
168
163
163
163
90
163
163
163
170
168
262
5
163
163
253
73
275
219
257
164
30
248
264
168
265
92
248
264
168
67
