279
182
273
36
285
235
20
163
152
221
292
257
137
1
249
251
200
257
182
235
120
36
79
279
16
251
76
59
254
163
169
0
273
44
292
248
259
163
213
182
235
20
172
163
235
106
266
257
20
248
168
249
29
226
235
3
248
225
279
16
248
211
292
248
11
296
257
298
235
257
148
240
252
34
20
7
235
120
163
163
16
257
20
235
22
128
249
120
257
20
248
190
52
19
292
12
202
235
22
128
249
120
257
20
248
255
36
163
165
191
165
191
165
191
11
163
165
191
126
64
165
191
163
165
191
64
165
191
165
191
91
163
165
191
168
248
165
191
168
11
165
191
153
163
165
191
11
165
191
74
163
165
191
74
255
36
163
165
191
165
191
165
191
11
163
165
191
126
64
165
191
163
165
191
64
165
191
165
191
91
163
165
191
168
248
165
191
168
11
165
191
153
163
165
191
11
165
191
74
163
165
191
74
255
36
163
165
191
165
191
165
191
11
163
165
191
126
64
165
191
163
165
191
64
165
191
165
191
91
163
165
191
168
248
165
191
168
11
165
191
153
163
165
191
11
165
191
74
163
165
191
74
255
36
255
36
163
165
191
163
165
191
165
191
165
191
165
191
11
165
191
11
163
165
191
126
64
163
165
191
126
64
165
191
165
191
163
165
191
64
163
165
191
64
165
191
165
191
165
191
165
191
91
163
165
191
168
248
91
163
165
191
168
248
165
191
168
11
165
191
168
11
165
191
165
191
153
163
165
191
11
153
163
165
191
11
165
191
74
165
191
74
163
165
191
74
163
165
191
74
67
