248
168
130
0
273
176
112
92
163
257
163
191
172
163
248
168
130
0
273
176
112
92
163
257
163
191
172
163
248
168
130
0
273
176
112
92
163
257
163
191
172
163
248
168
130
0
273
176
112
92
163
257
163
191
172
163
163
257
163
191
172
163
290
22
257
242
0
273
260
168
300
150
248
11
137
1
248
199
169
19
248
87
202
179
154
123
99
257
290
22
257
242
0
273
260
168
300
150
248
11
137
1
248
199
169
19
248
87
202
179
154
123
99
257
290
22
257
242
0
273
260
168
300
150
248
11
137
1
248
199
169
19
248
87
202
179
154
123
99
257
290
22
257
242
0
273
260
168
300
150
248
11
137
1
248
199
169
19
248
87
202
179
154
123
99
257
290
22
257
242
0
273
260
168
300
150
248
11
137
1
248
199
199
169
19
248
87
202
179
154
123
99
257
169
110
213
11
120
163
36
11
72
199
18
186
168
249
110
213
18
199
235
257
137
19
249
184
254
0
172
137
189
247
130
172
169
110
213
11
120
163
36
11
72
199
18
186
168
249
110
213
18
199
235
257
137
19
249
184
254
0
172
137
189
247
130
172
169
110
213
11
120
163
36
11
72
199
18
186
168
249
110
213
18
199
235
257
137
19
249
184
254
0
172
137
189
247
130
172
169
110
213
11
120
163
36
11
72
199
18
186
168
249
110
213
18
199
235
257
137
19
249
184
254
0
172
137
189
247
130
172
0
141
168
199
11
176
112
211
34
22
109
221
34
22
109
172
257
248
273
176
112
0
141
168
199
11
176
112
211
34
22
109
221
34
22
109
172
257
248
273
176
112
0
141
168
199
11
176
112
211
34
22
109
221
34
22
109
172
257
248
273
176
112
0
141
168
199
11
176
112
211
34
22
109
221
34
22
109
172
257
248
273
176
112
0
141
168
199
11
176
112
211
34
22
109
109
221
34
22
109
109
172
257
248
273
176
112
130
56
242
116
296
106
160
225
296
298
213
55
18
227
18
116
296
140
257
257
298
87
295
235
242
120
248
163
163
130
257
93
116
130
130
56
242
116
296
106
160
225
296
298
213
55
18
227
18
116
296
140
257
257
298
87
295
130
56
242
116
296
106
160
225
296
298
213
55
18
227
18
116
296
140
257
257
298
87
295
130
56
242
116
296
106
160
225
296
298
213
55
18
227
18
116
296
140
257
257
298
87
295
130
56
242
116
296
106
160
225
296
298
213
55
18
227
18
116
296
140
257
257
298
87
295
235
242
120
248
163
163
130
257
93
116
130
213
110
163
85
213
55
110
213
163
163
163
