283
131
257
137
19
68
68
294
41
2
292
294
78
296
257
28
298
11
195
296
257
148
10
68
130
0
247
108
296
257
298
128
11
296
257
248
296
297
231
30
28
0
168
254
248
168
182
80
11
289
16
249
297
106
248
37
257
14
253
158
137
254
182
53
72
199
207
11
180
137
78
247
296
257
217
134
113
251
16
4
268
284
296
257
41
297
22
257
223
11
292
298
11
253
168
195
11
15
296
257
248
168
298
72
296
257
160
174
248
11
257
298
29
257
8
78
257
268
257
137
154
1
113
68
63
290
195
296
257
274
248
262
2
9
199
68
97
296
248
177
257
14
298
19
0
288
120
213
131
298
37
257
79
0
36
100
137
154
207
11
68
130
0
207
264
172
248
168
283
217
113
182
130
248
278
257
0
158
137
154
139
19
68
96
0
168
283
131
140
257
22
0
68
254
182
5
235
271
235
233
11
273
260
168
33
137
154
5
274
33
52
267
68
264
262
5
163
234
163
166
253
73
275
219
257
164
30
68
264
265
92
68
264
68
97
296
248
177
257
14
298
19
0
288
120
213
131
298
37
257
79
0
36
100
137
154
207
11
68
130
0
207
264
172
248
168
283
217
113
182
130
248
278
257
0
158
137
154
139
19
68
96
0
168
283
131
140
257
22
0
68
254
182
5
235
271
235
233
11
273
260
168
33
137
154
5
274
33
52
267
68
264
262
5
163
234
163
166
253
73
275
219
257
164
30
68
264
265
92
68
264
207
11
68
130
0
207
264
172
248
168
283
217
113
182
130
248
278
257
0
158
137
154
139
19
68
96
0
168
283
131
140
257
22
0
68
254
182
5
235
271
235
233
11
273
260
168
33
137
154
5
274
33
52
267
68
264
262
5
163
234
163
166
253
73
275
219
257
164
30
68
264
265
92
68
264
139
19
68
96
0
168
283
131
140
257
22
0
68
254
182
5
235
271
235
233
11
273
260
168
33
137
154
5
274
33
52
267
68
264
262
5
163
234
163
166
253
73
275
219
257
164
30
68
264
265
92
68
264
5
274
33
52
267
68
264
262
5
163
234
163
166
253
73
275
219
257
164
30
68
264
265
92
68
264
274
33
52
267
68
264
262
5
163
234
163
166
253
73
275
219
257
164
30
68
264
265
92
68
264
52
267
68
264
262
5
163
234
163
166
253
73
275
219
257
164
30
68
264
265
92
68
264
68
264
262
5
163
234
163
166
253
73
275
219
257
164
30
68
264
265
92
68
264
67
