239
189
19
241
103
66
296
106
12
189
298
1
253
239
109
120
248
241
5
170
279
35
257
11
255
292
81
11
18
296
148
189
87
248
239
279
111
297
274
241
79
248
23
33
130
173
168
182
278
257
248
239
277
257
38
131
183
87
132
267
172
33
87
0
260
11
123
221
274
33
172
298
184
211
11
266
87
0
260
116
296
35
148
131
257
33
38
183
182
273
178
241
130
257
274
296
47
30
163
152
92
126
11
179
115
163
115
163
116
296
106
12
202
190
73
267
19
279
111
257
217
296
227
106
0
101
239
224
248
168
248
241
5
170
201
160
257
266
87
0
33
274
159
296
34
205
154
123
92
267
30
50
253
140
257
31
296
283
140
257
22
31
116
279
16
268
248
190
73
5
241
44
5
163
163
163
253
73
275
219
257
164
30
241
44
265
92
241
44
274
33
172
298
184
211
11
266
87
0
260
116
296
35
148
131
257
33
38
183
182
273
178
241
130
257
274
296
47
30
163
152
92
126
11
179
115
163
115
163
116
296
106
12
202
190
73
267
19
279
111
257
217
296
227
106
0
101
239
224
248
168
248
241
5
170
201
160
257
266
87
0
33
274
159
296
34
205
154
123
92
267
30
50
253
140
257
31
296
283
140
257
22
31
116
279
16
268
248
190
73
5
241
44
5
163
163
163
253
73
275
219
257
164
30
241
44
265
92
241
44
116
296
35
148
131
257
33
38
183
182
273
178
241
130
257
274
296
47
30
163
152
92
126
11
179
115
163
115
163
116
296
106
12
202
190
73
267
19
279
111
257
217
296
227
106
0
101
239
224
248
168
248
241
5
170
201
160
257
266
87
0
33
274
159
296
34
205
154
123
92
267
30
50
253
140
257
31
296
283
140
257
22
31
116
279
16
268
248
190
73
5
241
44
5
163
163
163
253
73
275
219
257
164
30
241
44
265
92
241
44
241
130
257
274
296
47
30
163
152
92
126
11
179
115
163
115
163
116
296
106
12
202
190
73
267
19
279
111
257
217
296
227
106
0
101
239
224
248
168
248
241
5
170
201
160
257
266
87
0
33
274
159
296
34
205
154
123
92
267
30
50
253
140
257
31
296
283
140
257
22
31
116
279
16
268
248
190
73
5
241
44
5
163
163
163
253
73
275
219
257
164
30
241
44
265
92
241
44
140
257
31
296
283
140
257
22
31
116
279
16
268
248
190
73
5
241
44
5
163
163
163
253
73
275
219
257
164
30
241
44
265
92
241
44
241
44
5
163
163
163
253
73
275
219
257
164
30
241
44
265
92
241
44
253
73
275
219
257
164
30
241
44
265
92
241
44
67
