137
154
1
248
15
198
103
273
81
130
163
92
165
165
191
206
162
11
132
248
170
168
5
18
279
108
296
195
87
14
257
44
279
129
296
11
298
81
257
132
267
273
257
137
154
1
248
257
248
5
198
248
295
11
15
280
8
223
226
256
11
87
248
5
198
81
163
163
165
191
273
76
206
162
116
296
106
202
190
82
90
257
73
267
19
279
111
296
11
298
81
290
132
267
11
279
143
89
257
217
296
224
64
39
170
168
5
264
168
46
5
253
73
275
219
257
164
30
5
265
92
73
129
87
76
11
199
116
296
106
202
190
82
90
257
73
267
19
279
111
296
11
298
81
290
132
267
11
279
143
89
257
217
296
224
64
39
170
168
5
264
168
46
5
253
73
275
219
257
164
30
5
265
92
73
129
87
76
11
199
253
73
275
219
257
164
30
5
265
92
73
129
87
76
11
199
67
