274
32
172
133
163
179
133
163
170
168
5
11
83
132
267
253
239
298
129
257
182
239
274
59
297
260
33
107
92
56
235
11
80
120
10
0
90
11
154
206
87
239
274
59
279
35
257
217
296
253
239
103
201
116
293
87
296
266
87
10
122
274
253
239
32
264
163
163
163
163
163
163
163
163
253
73
275
219
257
164
30
274
243
19
32
264
265
92
32
264
279
35
257
217
296
253
239
103
201
116
293
87
296
266
87
10
122
274
253
239
32
264
163
163
163
163
163
163
163
163
253
73
275
219
257
164
30
274
243
19
32
264
265
92
32
264
253
239
32
264
163
163
163
163
163
163
163
163
253
73
275
219
257
164
30
274
243
19
32
264
265
92
32
264
163
163
163
253
73
275
219
257
164
30
274
243
19
32
264
265
92
32
264
253
73
275
219
257
164
30
274
243
19
32
264
265
92
32
264
67
