296
87
115
120
0
134
120
225
115
257
99
87
162
172
163
163
165
103
248
130
149
103
296
87
8
296
277
257
0
248
168
298
247
130
168
0
248
168
248
168
22
11
296
247
128
248
168
298
179
148
131
130
24
87
296
103
172
163
163
19
165
115
134
277
257
253
266
29
115
300
99
210
172
163
163
19
165
191
103
253
183
120
248
29
115
279
290
134
182
248
29
116
296
277
296
34
66
131
11
279
290
131
257
173
168
248
168
248
289
120
248
172
163
163
19
165
191
113
279
99
1
66
248
209
172
163
163
19
165
191
115
300
292
247
172
163
163
19
165
191
103
130
292
248
22
0
172
163
163
19
165
296
292
131
172
163
163
19
165
115
34
66
10
225
116
279
7
172
172
163
163
19
165
116
279
66
115
34
66
187
78
105
66
248
11
115
106
172
163
163
19
165
240
172
163
163
19
165
34
296
96
172
248
243
172
163
163
19
165
172
163
163
19
165
191
103
160
240
1
12
29
279
148
0
141
120
248
11
173
131
22
24
116
279
168
247
293
292
7
168
172
163
163
19
165
296
96
257
1
283
279
300
140
257
66
67
