279
277
257
108
296
79
147
247
298
125
189
298
274
14
175
283
16
298
2
125
103
279
277
257
108
296
79
147
247
298
125
42
248
11
298
259
173
179
261
147
168
125
280
296
123
1
248
147
296
218
42
109
257
267
298
147
168
125
170
168
5
163
163
189
298
274
14
175
253
73
275
219
257
164
30
291
44
5
265
92
5
19
291
44
189
298
274
14
175
283
16
298
2
125
103
279
277
257
108
296
79
147
247
298
125
42
248
11
298
259
173
179
261
147
168
125
280
296
123
1
248
147
296
218
42
109
257
267
298
147
168
125
170
168
5
163
163
189
298
274
14
175
253
73
275
219
257
164
30
291
44
5
265
92
5
19
291
44
14
175
283
16
298
2
125
103
279
277
257
108
296
79
147
247
298
125
42
248
11
298
259
173
179
261
147
168
125
280
296
123
1
248
147
296
218
42
109
257
267
298
147
168
125
170
168
5
163
163
189
298
274
14
175
253
73
275
219
257
164
30
291
44
5
265
92
5
19
291
44
283
16
298
2
125
103
279
277
257
108
296
79
147
247
298
125
42
248
11
298
259
173
179
261
147
168
125
280
296
123
1
248
147
296
218
42
109
257
267
298
147
168
125
170
168
5
163
163
189
298
274
14
175
253
73
275
219
257
164
30
291
44
5
265
92
5
19
291
44
280
296
123
1
248
147
296
218
42
109
257
267
298
147
168
125
170
168
5
163
163
189
298
274
14
175
253
73
275
219
257
164
30
291
44
5
265
92
5
19
291
44
170
168
5
163
163
189
298
274
14
175
253
73
275
219
257
164
30
291
44
5
265
92
5
19
291
44
189
298
274
14
175
253
73
275
219
257
164
30
291
44
5
265
92
5
19
291
44
14
175
253
73
275
219
257
164
30
291
44
5
265
92
5
19
291
44
253
73
275
219
257
164
30
291
44
5
265
92
5
19
291
44
67
