60
103
19
104
279
16
257
113
279
235
11
81
253
130
284
279
172
33
179
273
87
123
221
33
260
11
76
257
247
279
16
66
0
257
25
298
194
87
44
274
11
76
298
290
108
267
248
24
274
78
87
296
11
248
168
180
235
92
7
248
294
289
47
257
104
33
179
120
173
168
182
175
76
77
295
190
242
134
163
152
257
50
253
11
223
298
292
267
135
247
298
290
22
50
11
247
298
197
130
242
248
163
152
224
168
5
104
44
170
168
5
163
185
234
104
163
163
163
163
163
104
44
130
48
257
0
193
168
120
168
5
11
112
11
120
3
257
11
120
131
72
199
220
179
4
159
187
22
172
248
168
156
179
94
94
11
179
298
197
130
119
257
267
18
130
298
122
253
73
275
219
257
164
30
104
44
265
92
49
11
223
298
292
267
135
247
298
290
22
50
11
247
298
197
130
242
248
163
152
224
168
5
104
44
170
168
5
163
185
234
104
163
163
163
163
163
104
44
130
48
257
0
193
168
120
168
5
11
112
11
120
3
257
11
120
131
72
199
220
179
4
159
187
22
172
248
168
156
179
94
94
11
179
298
197
130
119
257
267
18
130
298
122
253
73
275
219
257
164
30
104
44
265
92
49
224
168
5
104
44
170
168
5
163
185
234
104
163
163
163
163
163
104
44
130
48
257
0
193
168
120
168
5
11
112
11
120
3
257
11
120
131
72
199
220
179
4
159
187
22
172
248
168
156
179
94
94
11
179
298
197
130
119
257
267
18
130
298
122
253
73
275
219
257
164
30
104
44
265
92
49
67
