87
183
255
109
283
279
92
296
255
298
73
164
275
284
296
237
253
85
103
16
296
56
120
248
11
159
287
16
296
120
255
115
248
255
87
257
165
165
191
168
248
56
165
165
191
120
257
87
154
87
11
180
211
290
253
293
120
298
211
159
116
296
159
257
248
202
283
130
298
248
148
131
25
179
179
113
106
296
1
0
0
113
106
296
1
11
11
225
225
131
29
160
160
113
130
293
172
253
115
140
131
154
246
283
279
131
97
0
168
11
87
283
279
16
66
115
140
131
246
283
279
131
154
131
1
248
18
25
11
279
16
189
257
120
11
11
172
163
148
0
115
0
179
180
85
295
11
66
160
106
168
115
0
179
11
115
106
115
290
172
115
120
248
29
115
257
248
213
172
115
120
248
115
140
257
257
213
248
59
172
87
116
177
257
0
87
173
168
248
91
120
115
160
160
296
87
242
248
134
173
154
202
130
247
160
115
140
160
29
257
172
160
0
19
7
120
298
184
67
