182
239
130
21
264
298
129
217
120
187
60
103
296
277
257
182
21
239
258
253
130
173
168
298
37
253
239
257
150
80
230
11
56
235
137
154
1
182
2
199
11
235
139
96
298
202
1
5
11
83
6
260
182
185
11
120
173
59
52
248
170
168
5
19
163
163
163
116
296
106
12
202
35
148
131
29
277
257
274
253
239
79
182
180
274
178
205
298
92
248
44
235
216
220
179
253
73
275
219
257
164
30
264
265
92
262
123
141
253
130
173
168
298
37
253
239
257
150
80
230
11
56
235
137
154
1
182
2
199
11
235
139
96
298
202
1
5
11
83
6
260
182
185
11
120
173
59
52
248
170
168
5
19
163
163
163
116
296
106
12
202
35
148
131
29
277
257
274
253
239
79
182
180
274
178
205
298
92
248
44
235
216
220
179
253
73
275
219
257
164
30
264
265
92
262
123
141
205
298
92
248
44
235
216
220
179
253
73
275
219
257
164
30
264
265
92
262
123
141
67
