296
35
137
120
248
14
137
154
274
113
10
17
72
292
163
59
168
103
137
154
38
183
283
148
182
33
120
46
145
257
297
22
120
248
168
248
296
34
173
59
79
248
168
248
11
173
168
248
248
296
34
0
11
274
248
176
292
46
105
257
66
140
0
19
9
179
172
0
19
248
296
34
217
283
131
140
257
87
248
19
248
9
296
34
0
19
248
87
248
179
19
248
24
10
168
33
103
279
145
46
38
183
182
49
120
187
30
211
0
33
274
281
143
89
257
217
296
227
274
163
229
46
163
163
163
163
299
163
46
44
7
210
208
265
92
49
92
46
44
253
73
275
219
257
164
30
46
44
170
168
5
265
92
46
44
137
154
274
113
10
17
72
292
163
59
168
103
137
154
38
183
283
148
182
33
120
46
145
257
297
22
120
248
168
248
296
34
173
59
79
248
168
248
11
173
168
248
248
296
34
0
11
274
248
176
292
46
105
257
66
140
0
19
9
179
172
0
19
248
296
34
217
283
131
140
257
87
248
19
248
9
296
34
0
19
248
87
248
179
19
248
24
10
168
33
103
279
145
46
38
183
182
49
120
187
30
211
0
33
274
281
143
89
257
217
296
227
274
163
229
46
163
163
163
163
299
163
46
44
7
210
208
265
92
49
92
46
44
253
73
275
219
257
164
30
46
44
170
168
5
265
92
46
44
274
113
10
17
72
292
163
59
168
103
137
154
38
183
283
148
182
33
120
46
145
257
297
22
120
248
168
248
296
34
173
59
79
248
168
248
11
173
168
248
248
296
34
0
11
274
248
176
292
46
105
257
66
140
0
19
9
179
172
0
19
248
296
34
217
283
131
140
257
87
248
19
248
9
296
34
0
19
248
87
248
179
19
248
24
10
168
33
103
279
145
46
38
183
182
49
120
187
30
211
0
33
274
281
143
89
257
217
296
227
274
163
229
46
163
163
163
163
299
163
46
44
7
210
208
265
92
49
92
46
44
253
73
275
219
257
164
30
46
44
170
168
5
265
92
46
44
113
10
17
72
292
163
59
168
103
137
154
38
183
283
148
182
33
120
46
145
257
297
22
120
248
168
248
296
34
173
59
79
248
168
248
11
173
168
248
248
296
34
0
11
274
248
176
292
46
105
257
66
140
0
19
9
179
172
0
19
248
296
34
217
283
131
140
257
87
248
19
248
9
296
34
0
19
248
87
248
179
19
248
24
10
168
33
103
279
145
46
38
183
182
49
120
187
30
211
0
33
274
281
143
89
257
217
296
227
274
163
229
46
163
163
163
163
299
163
46
44
7
210
208
265
92
49
92
46
44
253
73
275
219
257
164
30
46
44
170
168
5
265
92
46
44
38
183
283
148
182
33
120
46
145
257
297
22
120
248
168
248
296
34
173
59
79
248
168
248
11
173
168
248
248
296
34
0
11
274
248
176
292
46
105
257
66
140
0
19
9
179
172
0
19
248
296
34
217
283
131
140
257
87
248
19
248
9
296
34
0
19
248
87
248
179
19
248
24
10
168
33
103
279
145
46
38
183
182
49
120
187
30
211
0
33
274
281
143
89
257
217
296
227
274
163
229
46
163
163
163
163
299
163
46
44
7
210
208
265
92
49
92
46
44
253
73
275
219
257
164
30
46
44
170
168
5
265
92
46
44
163
229
46
163
163
163
163
299
163
46
44
7
210
208
265
92
49
92
46
44
253
73
275
219
257
164
30
46
44
170
168
5
265
92
46
44
299
163
46
44
7
210
208
265
92
49
92
46
44
253
73
275
219
257
164
30
46
44
170
168
5
265
92
46
44
92
49
92
46
44
253
73
275
219
257
164
30
46
44
170
168
5
265
92
46
44
67
