60
103
53
120
1
287
92
63
257
63
257
207
11
113
131
34
108
172
49
137
154
11
292
173
168
182
279
111
257
107
92
296
224
170
168
5
248
53
263
132
182
141
242
0
273
260
132
267
87
10
76
253
73
275
219
257
164
30
248
53
263
265
92
53
263
154
11
292
173
168
182
279
111
257
107
92
296
224
170
168
5
248
53
263
132
182
141
242
0
273
260
132
267
87
10
76
253
73
275
219
257
164
30
248
53
263
265
92
53
263
292
173
168
182
279
111
257
107
92
296
224
170
168
5
248
53
263
132
182
141
242
0
273
260
132
267
87
10
76
253
73
275
219
257
164
30
248
53
263
265
92
53
263
242
0
273
260
132
267
87
10
76
253
73
275
219
257
164
30
248
53
263
265
92
53
263
132
267
87
10
76
253
73
275
219
257
164
30
248
53
263
265
92
53
263
253
73
275
219
257
164
30
248
53
263
265
92
53
263
67
