207
298
85
295
65
274
52
267
16
296
296
0
264
247
298
11
97
296
248
177
257
120
179
199
200
195
87
36
11
100
213
264
169
199
120
77
147
292
0
168
279
8
106
30
129
174
199
85
295
207
199
85
295
207
199
130
248
174
173
168
131
120
248
11
173
168
134
120
248
169
2
85
295
235
248
37
257
231
28
0
36
120
248
214
235
120
293
80
289
16
110
92
257
257
120
248
198
235
11
222
0
87
44
11
36
238
248
248
130
87
235
125
120
248
11
214
235
207
292
80
172
18
11
264
199
0
163
168
85
295
235
16
129
295
257
132
248
264
199
287
200
235
292
177
257
22
30
259
11
80
249
293
11
156
11
3
257
100
11
228
199
130
248
199
120
213
168
11
200
235
292
11
78
247
195
257
248
294
18
0
130
248
126
78
284
99
87
163
59
257
137
1
0
11
106
121
11
239
11
253
199
169
83
257
235
228
207
212
179
4
248
239
292
92
80
235
106
236
248
11
79
248
199
130
87
235
257
294
11
168
120
248
158
268
0
172
243
248
199
2
137
11
44
248
44
130
0
158
248
44
168
74
11
14
214
247
51
235
92
49
292
2
11
177
257
108
93
11
120
74
11
214
298
