253
87
120
73
134
162
217
253
296
225
22
268
131
87
226
11
106
0
101
59
163
110
213
163
163
163
89
92
163
163
19
165
191
103
11
81
219
296
10
87
257
103
11
81
219
296
10
87
143
140
296
300
300
103
11
81
277
296
257
106
0
172
11
219
296
0
165
257
272
298
134
42
248
272
296
34
8
11
248
86
128
298
106
0
202
1
298
42
109
257
3
182
57
296
11
201
116
140
257
103
11
81
0
257
135
0
257
138
135
113
296
30
253
130
10
73
253
73
130
160
11
290
160
205
0
163
163
19
165
191
103
11
81
219
296
10
87
257
103
11
81
219
296
10
87
143
140
296
300
300
103
11
81
277
296
257
106
0
172
11
219
296
0
165
257
272
298
134
42
248
272
296
34
8
11
248
86
128
298
106
0
202
1
298
42
109
257
3
182
57
296
11
201
116
140
257
103
11
81
0
257
135
0
257
138
135
113
296
30
253
130
10
73
253
73
130
160
11
290
160
205
0
103
11
81
219
296
10
87
143
140
296
300
300
103
11
81
277
296
257
106
0
172
11
219
296
0
165
257
272
298
134
42
248
272
296
34
8
11
248
86
128
298
106
0
202
1
298
42
109
257
3
182
57
296
11
201
116
140
257
103
11
81
0
257
135
0
257
138
135
113
296
30
253
130
10
73
253
73
130
160
11
290
160
205
0
257
138
135
113
296
30
253
130
10
73
253
73
130
160
11
290
160
205
0
67
