103
71
120
298
44
216
198
131
130
108
257
298
125
11
231
147
296
277
257
279
16
109
257
108
296
146
163
2
199
11
296
120
298
125
11
292
0
147
247
24
296
248
239
279
290
73
296
168
182
147
11
30
168
125
138
231
292
226
168
182
155
147
247
235
74
146
169
163
147
248
44
168
74
251
199
16
87
235
289
277
257
248
294
254
11
158
247
290
139
87
87
235
125
120
20
213
100
146
169
0
199
247
121
0
62
120
12
9
214
147
179
49
214
173
168
182
155
147
200
235
292
120
168
248
214
168
139
292
168
177
87
207
11
172
137
87
235
125
120
248
179
257
213
87
235
289
145
22
4
11
106
0
87
108
180
249
142
254
87
235
125
120
179
180
147
19
146
214
95
183
279
106
168
180
178
247
279
16
257
223
292
296
257
108
296
57
298
2
78
242
0
273
33
260
253
73
275
219
257
164
30
146
265
92
144
232
264
146
169
163
147
248
44
168
74
251
199
16
87
235
289
277
257
248
294
254
11
158
247
290
139
87
87
235
125
120
20
213
100
146
169
0
199
247
121
0
62
120
12
9
214
147
179
49
214
173
168
182
155
147
200
235
292
120
168
248
214
168
139
292
168
177
87
207
11
172
137
87
235
125
120
248
179
257
213
87
235
289
145
22
4
11
106
0
87
108
180
249
142
254
87
235
125
120
179
180
147
19
146
214
95
183
279
106
168
180
178
247
279
16
257
223
292
296
257
108
296
57
298
2
78
242
0
273
33
260
253
73
275
219
257
164
30
146
265
92
144
232
264
87
235
125
120
20
213
100
146
169
0
199
247
121
0
62
120
12
9
214
147
179
49
214
173
168
182
155
147
200
235
292
120
168
248
214
168
139
292
168
177
87
207
11
172
137
87
235
125
120
248
179
257
213
87
235
289
145
22
4
11
106
0
87
108
180
249
142
254
87
235
125
120
179
180
147
19
146
214
95
183
279
106
168
180
178
247
279
16
257
223
292
296
257
108
296
57
298
2
78
242
0
273
33
260
253
73
275
219
257
164
30
146
265
92
144
232
264
173
168
182
155
147
200
235
292
120
168
248
214
168
139
292
168
177
87
207
11
172
137
87
235
125
120
248
179
257
213
87
235
289
145
22
4
11
106
0
87
108
180
249
142
254
87
235
125
120
179
180
147
19
146
214
95
183
279
106
168
180
178
247
279
16
257
223
292
296
257
108
296
57
298
2
78
242
0
273
33
260
253
73
275
219
257
164
30
146
265
92
144
232
264
87
235
289
145
22
4
11
106
0
87
108
180
249
142
254
87
235
125
120
179
180
147
19
146
214
95
183
279
106
168
180
178
247
279
16
257
223
292
296
257
108
296
57
298
2
78
242
0
273
33
260
253
73
275
219
257
164
30
146
265
92
144
232
264
95
183
279
106
168
180
178
247
279
16
257
223
292
296
257
108
296
57
298
2
78
242
0
273
33
260
253
73
275
219
257
164
30
146
265
92
144
232
264
95
183
279
106
168
180
178
247
279
16
257
223
292
296
257
108
296
57
298
2
78
242
0
273
33
260
253
73
275
219
257
164
30
146
265
92
144
232
264
183
279
106
168
180
178
247
279
16
257
223
292
296
257
108
296
57
298
2
78
242
0
273
33
260
253
73
275
219
257
164
30
146
265
92
144
232
264
183
279
106
168
180
178
247
279
16
257
223
292
296
257
108
296
57
298
2
78
242
0
273
33
260
253
73
275
219
257
164
30
146
265
92
144
232
264
183
279
106
168
180
178
247
279
16
257
223
292
296
257
108
296
57
298
2
78
242
0
273
33
260
253
73
275
219
257
164
30
146
265
92
144
232
264
183
279
106
168
180
178
247
279
16
257
223
292
296
257
108
296
57
298
2
78
242
0
273
33
260
253
73
275
219
257
164
30
146
265
92
144
232
264
253
73
275
219
257
164
30
146
265
92
144
232
264
67
