236
18
0
103
285
34
296
99
292
264
254
236
177
182
235
106
257
7
248
257
249
11
120
180
279
169
11
239
199
18
280
18
236
178
247
16
30
257
84
183
287
236
199
16
87
147
42
109
138
1
113
296
34
298
255
18
0
103
224
264
64
168
5
163
163
163
173
264
117
163
253
73
275
219
257
164
30
264
5
265
92
264
182
235
106
257
7
248
257
249
11
120
180
279
169
11
239
199
18
280
18
236
178
247
16
30
257
84
183
287
236
199
16
87
147
42
109
138
1
113
296
34
298
255
18
0
103
224
264
64
168
5
163
163
163
173
264
117
163
253
73
275
219
257
164
30
264
5
265
92
264
138
1
113
296
34
298
255
18
0
103
224
264
64
168
5
163
163
163
173
264
117
163
253
73
275
219
257
164
30
264
5
265
92
264
1
113
296
34
298
255
18
0
103
224
264
64
168
5
163
163
163
173
264
117
163
253
73
275
219
257
164
30
264
5
265
92
264
67
