47
232
253
253
177
257
274
232
298
11
182
163
71
130
11
130
225
208
0
87
296
11
298
18
227
18
296
34
218
248
247
293
133
163
206
30
133
163
153
133
163
206
30
133
163
91
133
163
206
30
133
163
91
133
163
206
30
133
163
7
199
99
92
163
257
163
191
137
154
11
206
199
137
113
232
290
108
296
298
125
10
2
11
20
183
221
257
137
1
248
168
2
11
177
79
33
11
107
1
248
235
78
92
56
235
267
19
116
296
106
0
11
78
3
253
190
52
179
163
163
163
248
232
264
163
171
163
257
168
93
73
248
232
264
257
298
265
67
