59
172
133
163
130
0
101
274
177
87
296
257
79
206
258
87
59
172
133
163
103
296
11
298
16
129
257
20
59
291
44
172
133
163
130
227
59
130
0
101
274
76
285
297
260
182
33
79
10
2
11
11
107
92
182
80
235
139
11
83
6
79
292
298
81
179
0
11
84
298
109
42
109
257
137
154
11
206
87
182
59
137
154
1
182
274
178
19
170
168
5
163
163
253
73
275
219
257
164
30
291
44
5
265
92
76
19
291
44
291
44
172
133
163
130
227
59
130
0
101
274
76
285
297
260
182
33
79
10
2
11
11
107
92
182
80
235
139
11
83
6
79
292
298
81
179
0
11
84
298
109
42
109
257
137
154
11
206
87
182
59
137
154
1
182
274
178
19
170
168
5
163
163
253
73
275
219
257
164
30
291
44
5
265
92
76
19
291
44
137
154
1
182
274
178
19
170
168
5
163
163
253
73
275
219
257
164
30
291
44
5
265
92
76
19
291
44
170
168
5
163
163
253
73
275
219
257
164
30
291
44
5
265
92
76
19
291
44
67
