296
157
257
135
1
182
15
198
15
163
113
257
0
279
16
293
253
239
257
96
182
15
198
87
163
296
103
257
108
296
96
141
296
157
257
135
225
296
135
283
257
66
284
182
15
176
172
21
163
0
163
231
298
15
284
182
15
87
5
257
248
163
176
172
21
163
274
257
231
298
15
198
296
34
14
254
248
13
179
30
0
99
296
96
231
280
296
257
108
248
278
116
296
106
202
1
298
15
179
248
15
198
131
24
257
183
257
298
5
55
84
298
5
55
109
163
237
298
15
9
298
110
213
11
245
215
296
237
172
298
15
298
250
248
130
257
298
110
213
11
245
215
254
248
2
253
290
148
131
0
87
182
5
230
257
87
296
257
5
15
203
154
1
182
198
163
123
248
24
278
257
266
257
172
7
130
257
266
87
182
141
11
86
267
172
172
11
116
296
225
82
90
257
266
225
296
34
96
248
11
123
1
248
5
198
11
108
256
257
296
172
96
231
202
106
154
202
1
248
5
198
183
257
182
108
5
230
19
179
31
163
163
163
281
257
108
163
163
163
70
163
235
220
28
136
163
163
26
26
197
193
14
274
253
73
275
219
257
164
30
264
168
244
265
92
248
264
168
244
136
163
123
248
24
278
257
266
257
172
7
130
257
266
87
182
141
11
86
267
172
172
11
116
296
225
82
90
257
266
225
296
34
96
248
11
123
1
248
5
198
11
108
256
257
296
172
96
231
202
106
154
202
1
248
5
198
183
257
182
108
5
230
19
179
31
163
163
163
281
257
108
163
163
163
70
163
235
220
28
136
163
163
26
26
197
193
14
274
253
73
275
219
257
164
30
264
168
244
265
92
248
264
168
244
136
11
86
267
172
172
11
116
296
225
82
90
257
266
225
296
34
96
248
11
123
1
248
5
198
11
108
256
257
296
172
96
231
202
106
154
202
1
248
5
198
183
257
182
108
5
230
19
179
31
163
163
163
281
257
108
163
163
163
70
163
235
220
28
136
163
163
26
26
197
193
14
274
253
73
275
219
257
164
30
264
168
244
265
92
248
264
168
244
136
11
116
296
225
82
90
257
266
225
296
34
96
248
11
123
1
248
5
198
11
108
256
257
296
172
96
231
202
106
154
202
1
248
5
198
183
257
182
108
5
230
19
179
31
163
163
163
281
257
108
163
163
163
70
163
235
220
28
136
163
163
26
26
197
193
14
274
253
73
275
219
257
164
30
264
168
244
265
92
248
264
168
244
136
11
116
296
225
82
90
257
266
225
296
34
96
248
11
123
1
248
5
198
11
108
256
257
296
172
96
231
202
106
154
202
1
248
5
198
183
257
182
108
5
230
19
179
31
163
163
163
281
257
108
163
163
163
70
163
235
220
28
136
163
163
26
26
197
193
14
274
253
73
275
219
257
164
30
264
168
244
265
92
248
264
168
244
136
116
296
225
82
90
257
266
225
296
34
96
248
11
123
1
248
5
198
11
108
256
257
296
172
96
231
202
106
154
202
1
248
5
198
183
257
182
108
5
230
19
179
31
163
163
163
281
257
108
163
163
163
70
163
235
220
28
136
163
163
26
26
197
193
14
274
253
73
275
219
257
164
30
264
168
244
265
92
248
264
168
244
136
253
73
275
219
257
164
30
264
168
244
265
92
248
264
168
244
136
67
