17
9
214
5
182
290
11
296
103
167
148
131
87
296
257
51
292
298
251
108
200
296
292
248
296
157
257
298
2
139
19
167
11
130
248
187
130
11
77
255
115
99
128
170
257
257
115
292
0
158
87
105
8
108
120
18
0
87
226
168
15
117
167
16
50
48
257
262
182
41
169
177
87
247
290
298
167
295
203
1
139
19
167
172
248
167
44
168
17
11
214
5
188
163
163
163
73
45
163
70
44
229
167
171
163
253
73
275
219
257
164
30
167
44
265
92
167
44
5
44
168
17
11
214
5
188
163
163
163
73
45
163
70
44
229
167
171
163
253
73
275
219
257
164
30
167
44
265
92
167
44
5
73
45
163
70
44
229
167
171
163
253
73
275
219
257
164
30
167
44
265
92
167
44
5
67
