91
144
395
0
316
386
0
134
332
381
161
177
392
344
24
386
220
120
19
220
111
378
392
319
395
25
139
346
24
316
103
23
347
24
316
22
136
395
312
15
392
127
18
7
92
167
183
350
11
372
277
395
25
19
322
167
392
26
0
291
330
294
26
221
282
127
7
50
392
203
335
344
358
163
392
344
98
304
392
203
24
344
62
386
333
73
22
139
346
24
316
73
23
347
24
316
22
136
19
277
333
142
183
36
323
344
358
28
0
292
28
0
355
231
333
372
31
62
361
246
19
246
316
28
169
19
300
167
14
372
98
24
224
144
161
195
129
344
188
212
1
392
303
139
270
144
366
215
0
68
231
167
252
38
231
246
320
225
231
246
316
26
108
242
167
141
268
167
334
387
231
141
66
152
344
319
395
25
139
346
24
316
103
23
347
24
316
22
136
242
126
339
344
333
73
22
139
346
24
316
73
23
347
24
316
22
136
139
316
295
300
231
333
68
45
163
392
220
344
277
107
132
355
62
189
358
185
189
358
