91
144
61
247
246
316
55
349
362
372
390
15
192
344
392
235
55
257
395
365
152
163
392
390
192
344
386
85
80
316
242
333
7
328
258
273
247
344
358
303
233
231
7
333
80
353
181
246
199
193
326
0
364
349
181
358
127
18
112
339
107
366
299
344
226
52
333
80
353
356
132
80
353
372
390
15
192
344
392
235
55
257
395
365
152
163
392
390
192
344
386
85
80
316
242
333
7
328
258
273
247
344
358
303
233
231
7
333
80
353
181
246
199
193
326
0
364
349
181
358
127
18
112
339
107
366
299
344
226
52
333
80
353
356
132
80
353
163
392
390
192
344
386
85
80
316
242
333
7
328
258
273
247
344
358
303
233
231
7
333
80
353
181
246
199
193
326
0
364
349
181
358
127
18
112
339
107
366
299
344
226
52
333
80
353
356
132
80
353
303
233
231
7
333
80
353
181
246
199
193
326
0
364
349
181
358
127
18
112
339
107
366
299
344
226
52
333
80
353
356
132
80
353
326
0
364
349
181
358
127
18
112
339
107
366
299
344
226
52
333
80
353
356
132
80
353
181
358
127
18
112
339
107
366
299
344
226
52
333
80
353
356
132
80
353
339
107
366
299
344
226
52
333
80
353
356
132
80
353
99
