91
144
306
333
355
7
328
385
40
286
5
25
139
346
24
316
103
23
347
24
316
22
136
19
161
16
235
395
36
236
231
333
124
372
286
372
399
24
331
372
399
14
114
344
77
392
127
7
304
395
5
25
139
346
24
316
103
23
347
24
316
22
136
345
392
399
137
18
7
92
167
350
242
19
372
399
29
127
18
395
25
168
333
126
9
24
127
130
18
111
241
330
294
242
163
392
263
392
203
319
333
73
22
139
346
24
316
73
23
347
24
316
22
136
19
161
399
201
323
392
277
333
9
161
195
129
344
150
132
392
144
303
139
139
316
295
300
231
333
68
45
163
393
221
277
107
132
355
189
358
185
189
358
