188
212
1
358
153
144
248
333
392
149
188
1
68
50
179
212
331
18
106
180
0
256
379
392
385
123
0
76
386
395
121
142
167
36
53
0
326
9
231
333
19
240
387
333
62
395
53
19
388
395
19
309
344
180
115
341
300
19
174
188
212
1
396
19
123
76
167
246
74
144
180
342
127
0
106
167
62
76
386
358
306
344
188
212
225
68
101
165
225
228
339
107
366
299
344
226
52
68
356
132
68
225
68
164
225
50
179
212
331
18
106
180
0
256
379
392
385
123
0
76
386
395
121
142
167
36
53
0
326
9
231
333
19
240
387
333
62
395
53
19
388
395
19
309
344
180
115
341
300
19
174
188
212
1
396
19
123
76
167
246
74
144
180
342
127
0
106
167
62
76
386
358
306
344
188
212
225
68
101
165
225
228
339
107
366
299
344
226
52
68
356
132
68
225
68
164
225
99
