158
344
24
372
185
377
395
340
144
107
1
158
333
68
25
267
388
180
179
374
180
152
392
217
344
185
1
24
344
51
355
163
272
395
7
82
179
34
25
282
73
22
386
0
225
25
120
253
242
111
225
242
154
292
75
341
333
391
0
292
75
52
395
292
233
241
225
242
225
294
372
232
330
241
7
188
212
235
246
225
225
231
278
6
19
223
225
225
105
5
89
105
5
168
133
2
291
19
268
105
5
7
92
26
341
225
225
92
89
225
122
12
40
225
225
51
89
203
225
225
216
124
391
316
118
225
227
225
227
227
225
225
225
225
225
225
274
19
225
225
225
225
330
294
127
384
221
24
330
241
231
203
225
24
344
51
137
310
235
395
25
345
31
224
24
52
223
225
246
105
5
89
344
395
291
24
224
225
35
167
225
225
225
225
78
395
7
82
339
107
366
299
344
226
52
51
355
356
132
14
207
132
51
355
233
231
7
163
272
395
7
82
179
34
25
282
73
22
386
0
225
25
120
253
242
111
225
242
154
292
75
341
333
391
0
292
75
52
395
292
233
241
225
242
225
294
372
232
330
241
7
188
212
235
246
225
225
231
278
6
19
223
225
225
105
5
89
105
5
168
133
2
291
19
268
105
5
7
92
26
341
225
225
92
89
225
122
12
40
225
225
51
89
203
225
225
216
124
391
316
118
225
227
225
227
227
225
225
225
225
225
225
274
19
225
225
225
225
330
294
127
384
221
24
330
241
231
203
225
24
344
51
137
310
235
395
25
345
31
224
24
52
223
225
246
105
5
89
344
395
291
24
224
225
35
167
225
225
225
225
78
395
7
82
339
107
366
299
344
226
52
51
355
356
132
14
207
132
51
355
233
231
7
179
34
25
282
73
22
386
0
225
25
120
253
242
111
225
242
154
292
75
341
333
391
0
292
75
52
395
292
233
241
225
242
225
294
372
232
330
241
7
188
212
235
246
225
225
231
278
6
19
223
225
225
105
5
89
105
5
168
133
2
291
19
268
105
5
7
92
26
341
225
225
92
89
225
122
12
40
225
225
51
89
203
225
225
216
124
391
316
118
225
227
225
227
227
225
225
225
225
225
225
274
19
225
225
225
225
330
294
127
384
221
24
330
241
231
203
225
24
344
51
137
310
235
395
25
345
31
224
24
52
223
225
246
105
5
89
344
395
291
24
224
225
35
167
225
225
225
225
78
395
7
82
339
107
366
299
344
226
52
51
355
356
132
14
207
132
51
355
233
231
7
225
225
231
278
6
19
223
225
225
105
5
89
105
5
168
133
2
291
19
268
105
5
7
92
26
341
225
225
92
89
225
122
12
40
225
225
51
89
203
225
225
216
124
391
316
118
225
227
225
227
227
225
225
225
225
225
225
274
19
225
225
225
225
330
294
127
384
221
24
330
241
231
203
225
24
344
51
137
310
235
395
25
345
31
224
24
52
223
225
246
105
5
89
344
395
291
24
224
225
35
167
225
225
225
225
78
395
7
82
339
107
366
299
344
226
52
51
355
356
132
14
207
132
51
355
233
231
7
225
35
167
225
225
225
225
78
395
7
82
339
107
366
299
344
226
52
51
355
356
132
14
207
132
51
355
233
231
7
339
107
366
299
344
226
52
51
355
356
132
14
207
132
51
355
233
231
7
99
