146
153
146
224
399
288
333
59
344
326
188
176
395
249
19
344
396
183
158
392
56
188
167
183
225
210
0
88
127
236
344
137
310
201
323
392
399
395
130
19
0
127
377
392
369
344
188
339
182
217
0
256
344
310
326
246
137
275
83
127
333
219
231
392
369
344
188
392
399
395
225
210
231
188
61
88
225
235
395
19
0
142
310
302
0
231
395
235
359
333
52
182
225
127
0
59
344
0
188
218
56
121
236
231
333
213
166
372
56
98
179
310
104
317
301
392
56
188
246
344
344
137
305
343
235
395
127
188
224
42
231
309
163
392
339
146
299
344
392
167
258
66
344
356
153
146
224
399
288
333
59
344
326
188
176
395
249
19
344
396
183
158
392
56
188
167
183
225
210
0
88
127
236
344
137
310
201
323
392
399
395
130
19
0
127
377
392
369
344
188
339
182
217
0
256
344
310
326
246
137
275
83
127
333
219
231
392
369
344
188
392
399
395
225
210
231
188
61
88
225
235
395
19
0
142
310
302
0
231
395
235
359
333
52
182
225
127
0
59
344
0
188
218
56
121
236
231
333
213
166
372
56
98
179
310
104
317
301
392
56
188
246
344
344
137
305
343
235
395
127
188
224
42
231
309
163
392
339
146
299
344
392
167
258
66
344
356
153
146
224
399
288
333
59
344
326
188
176
395
249
19
344
396
183
158
392
56
188
167
183
225
210
0
88
127
236
344
137
310
201
323
392
399
395
130
19
0
127
377
392
369
344
188
339
182
217
0
256
344
310
326
246
137
275
83
127
333
219
231
392
369
344
188
392
399
395
225
210
231
188
61
88
225
235
395
19
0
142
310
302
0
231
395
235
359
333
52
182
225
127
0
59
344
0
188
218
56
121
236
231
333
213
166
372
56
98
179
310
104
317
301
392
56
188
246
344
344
137
305
343
235
395
127
188
224
42
231
309
163
392
339
146
299
344
392
167
258
66
344
356
19
0
127
377
392
369
344
188
339
182
217
0
256
344
310
326
246
137
275
83
127
333
219
231
392
369
344
188
392
399
395
225
210
231
188
61
88
225
235
395
19
0
142
310
302
0
231
395
235
359
333
52
182
225
127
0
59
344
0
188
218
56
121
236
231
333
213
166
372
56
98
179
310
104
317
301
392
56
188
246
344
344
137
305
343
235
395
127
188
224
42
231
309
163
392
339
146
299
344
392
167
258
66
344
356
127
333
219
231
392
369
344
188
392
399
395
225
210
231
188
61
88
225
235
395
19
0
142
310
302
0
231
395
235
359
333
52
182
225
127
0
59
344
0
188
218
56
121
236
231
333
213
166
372
56
98
179
310
104
317
301
392
56
188
246
344
344
137
305
343
235
395
127
188
224
42
231
309
163
392
339
146
299
344
392
167
258
66
344
356
359
333
52
182
225
127
0
59
344
0
188
218
56
121
236
231
333
213
166
372
56
98
179
310
104
317
301
392
56
188
246
344
344
137
305
343
235
395
127
188
224
42
231
309
163
392
339
146
299
344
392
167
258
66
344
356
359
333
52
182
225
127
0
59
344
0
188
218
56
121
236
231
333
213
166
372
56
98
179
310
104
317
301
392
56
188
246
344
344
137
305
343
235
395
127
188
224
42
231
309
163
392
339
146
299
344
392
167
258
66
344
356
359
333
52
182
225
127
0
59
344
0
188
218
56
121
236
231
333
213
166
372
56
98
179
310
104
317
301
392
56
188
246
344
344
137
305
343
235
395
127
188
224
42
231
309
163
392
339
146
299
344
392
167
258
66
344
356
42
231
309
163
392
339
146
299
344
392
167
258
66
344
356
344
