392
239
180
144
372
137
180
339
107
179
183
236
231
0
167
395
355
392
333
42
127
392
50
29
396
158
98
338
185
332
332
381
197
344
344
392
372
361
19
300
304
332
375
72
344
151
392
123
395
125
163
180
221
304
53
242
358
372
369
344
185
377
213
166
344
392
65
200
58
42
241
55
180
189
1
392
19
377
392
340
378
180
71
344
63
395
219
313
167
244
375
152
127
392
189
143
355
233
231
7
53
242
204
31
225
225
225
163
392
149
20
272
225
102
68
35
143
164
225
339
107
366
299
344
226
132
143
355
339
107
366
299
344
226
52
143
356
132
143
355
143
355
233
231
7
53
242
204
31
225
225
225
163
392
149
20
272
225
102
68
35
143
164
225
339
107
366
299
344
226
132
143
355
339
107
366
299
344
226
52
143
356
132
143
355
99
