144
28
392
40
395
68
295
161
369
344
392
0
1
305
114
132
333
355
231
372
149
215
0
225
225
68
231
19
18
68
231
127
246
72
344
352
316
339
179
142
127
358
19
392
68
231
179
0
354
127
68
316
332
151
335
201
170
92
378
297
379
344
32
146
15
277
127
2
268
19
55
49
106
58
19
322
337
332
246
316
149
0
19
169
115
19
161
156
180
151
392
296
332
63
63
375
114
1
36
0
68
231
19
390
36
212
114
127
333
59
344
137
344
185
392
43
290
395
365
344
344
296
124
381
179
0
68
231
344
392
306
298
96
231
7
355
231
225
35
225
225
225
