144
235
395
297
344
24
344
355
386
307
312
359
395
5
25
139
346
24
316
103
23
347
24
316
22
136
161
399
114
344
77
392
127
7
332
399
288
381
372
395
5
25
139
346
24
316
103
23
347
24
316
22
136
304
344
19
319
19
381
392
399
15
277
305
142
124
231
14
392
56
319
395
5
25
139
346
24
316
103
23
347
24
316
22
136
130
231
392
149
220
111
344
220
330
294
282
241
19
372
399
29
127
18
19
161
399
201
323
392
277
18
7
92
387
350
163
392
263
344
319
333
73
22
139
346
24
316
73
23
347
24
316
22
136
258
140
19
358
344
395
193
231
292
161
399
201
323
392
277
333
9
392
399
371
392
24
161
195
129
344
296
395
25
306
144
345
303
139
270
161
340
392
36
0
142
125
127
19
161
369
344
296
163
161
399
287
319
395
5
25
139
346
24
316
103
23
347
24
316
22
136
242
333
73
22
139
346
24
316
73
23
347
24
316
22
136
345
139
316
295
300
231
333
68
45
163
393
221
277
107
132
355
189
358
185
189
358
