333
81
74
91
144
28
392
116
68
392
203
36
340
1
158
395
115
248
333
219
391
385
264
392
127
0
58
52
333
342
246
316
141
338
26
275
127
191
11
81
338
221
237
235
334
283
19
174
115
50
338
15
123
322
167
246
328
231
58
19
333
231
227
332
333
333
81
355
74
179
19
333
316
326
11
141
26
28
374
380
395
172
167
264
127
0
58
167
333
181
0
388
32
292
235
0
49
58
242
240
167
333
27
81
56
151
392
137
336
377
246
302
179
0
127
333
219
313
167
334
380
332
235
0
58
79
334
317
242
0
300
240
42
81
355
352
7
352
7
233
81
355
229
225
225
225
339
107
366
299
344
226
52
81
355
7
356
132
81
355
19
333
231
227
332
333
333
81
355
74
179
19
333
316
326
11
141
26
28
374
380
395
172
167
264
127
0
58
167
333
181
0
388
32
292
235
0
49
58
242
240
167
333
27
81
56
151
392
137
336
377
246
302
179
0
127
333
219
313
167
334
380
332
235
0
58
79
334
317
242
0
300
240
42
81
355
352
7
352
7
233
81
355
229
225
225
225
339
107
366
299
344
226
52
81
355
7
356
132
81
355
181
0
388
32
292
235
0
49
58
242
240
167
333
27
81
56
151
392
137
336
377
246
302
179
0
127
333
219
313
167
334
380
332
235
0
58
79
334
317
242
0
300
240
42
81
355
352
7
352
7
233
81
355
229
225
225
225
339
107
366
299
344
226
52
81
355
7
356
132
81
355
235
0
49
58
242
240
167
333
27
81
56
151
392
137
336
377
246
302
179
0
127
333
219
313
167
334
380
332
235
0
58
79
334
317
242
0
300
240
42
81
355
352
7
352
7
233
81
355
229
225
225
225
339
107
366
299
344
226
52
81
355
7
356
132
81
355
242
240
167
333
27
81
56
151
392
137
336
377
246
302
179
0
127
333
219
313
167
334
380
332
235
0
58
79
334
317
242
0
300
240
42
81
355
352
7
352
7
233
81
355
229
225
225
225
339
107
366
299
344
226
52
81
355
7
356
132
81
355
99
