91
144
333
355
231
179
195
127
316
344
181
246
65
392
125
332
19
372
369
344
77
392
127
7
24
344
386
333
73
22
139
346
24
316
73
23
347
24
316
22
136
378
392
98
394
277
127
246
291
246
127
124
342
124
391
316
132
227
344
227
19
38
246
291
26
163
395
236
394
277
333
104
391
127
14
391
231
395
106
31
367
144
319
333
73
22
345
139
346
24
316
73
23
347
24
316
22
136
303
139
270
246
167
0
231
19
240
31
395
326
333
124
313
181
339
74
19
319
333
73
22
139
346
24
316
73
23
347
24
316
22
136
163
24
392
139
333
316
295
300
231
333
68
45
163
393
221
277
107
132
333
355
231
189
358
185
189
358
