344
363
339
107
28
0
250
140
344
333
41
242
19
180
176
395
144
167
225
227
235
333
55
127
333
124
342
391
372
399
106
242
201
0
95
167
246
74
19
333
389
192
202
231
392
372
399
183
137
344
379
372
26
372
167
333
388
132
0
48
235
18
344
236
231
333
348
355
167
333
358
339
179
372
26
0
216
283
355
386
268
19
316
395
310
152
379
392
56
247
36
36
372
385
392
344
377
392
399
340
366
372
385
392
344
84
19
130
231
333
36
333
42
399
0
180
399
288
246
171
25
127
7
239
182
225
372
399
15
36
0
206
231
333
73
22
382
239
235
33
225
369
344
61
358
247
71
181
358
127
0
55
349
370
358
235
242
379
392
341
333
68
349
242
116
341
246
363
24
345
339
107
366
299
52
173
355
225
308
208
225
358
372
395
287
344
266
365
333
126
344
363
246
261
365
333
126
344
395
365
333
126
344
395
365
333
126
344
356
99
