232
212
331
225
200
19
268
231
317
167
95
93
68
19
292
144
333
355
231
179
333
344
395
386
212
331
225
200
19
268
231
317
167
95
93
68
19
292
395
237
52
395
202
231
268
26
333
42
167
333
232
19
285
244
68
19
355
389
65
240
392
31
97
395
345
24
224
369
212
248
395
94
395
249
200
386
218
68
132
268
167
154
4
316
149
241
192
68
344
235
200
242
333
268
17
392
344
388
395
352
19
141
93
386
333
240
344
167
391
24
224
225
225
225
130
225
225
225
233
231
352
7
225
225
339
107
366
299
344
226
52
333
355
231
356
132
333
355
231
24
224
369
212
248
395
94
395
249
200
386
218
68
132
268
167
154
4
316
149
241
192
68
344
235
200
242
333
268
17
392
344
388
395
352
19
141
93
386
333
240
344
167
391
24
224
225
225
225
130
225
225
225
233
231
352
7
225
225
339
107
366
299
344
226
52
333
355
231
356
132
333
355
231
369
212
248
395
94
395
249
200
386
218
68
132
268
167
154
4
316
149
241
192
68
344
235
200
242
333
268
17
392
344
388
395
352
19
141
93
386
333
240
344
167
391
24
224
225
225
225
130
225
225
225
233
231
352
7
225
225
339
107
366
299
344
226
52
333
355
231
356
132
333
355
231
132
268
167
154
4
316
149
241
192
68
344
235
200
242
333
268
17
392
344
388
395
352
19
141
93
386
333
240
344
167
391
24
224
225
225
225
130
225
225
225
233
231
352
7
225
225
339
107
366
299
344
226
52
333
355
231
356
132
333
355
231
344
235
200
242
333
268
17
392
344
388
395
352
19
141
93
386
333
240
344
167
391
24
224
225
225
225
130
225
225
225
233
231
352
7
225
225
339
107
366
299
344
226
52
333
355
231
356
132
333
355
231
17
392
344
388
395
352
19
141
93
386
333
240
344
167
391
24
224
225
225
225
130
225
225
225
233
231
352
7
225
225
339
107
366
299
344
226
52
333
355
231
356
132
333
355
231
225
225
225
130
225
225
225
233
231
352
7
225
225
339
107
366
299
344
226
52
333
355
231
356
132
333
355
231
99
