67
330
241
268
146
341
225
330
241
341
225
91
144
67
355
146
332
25
385
221
36
282
344
319
242
294
341
333
225
225
25
333
231
67
391
330
241
138
316
79
344
63
158
334
169
26
42
281
167
334
25
67
25
286
330
294
26
183
236
0
225
231
167
246
25
286
25
384
63
221
344
319
330
294
385
221
36
31
0
28
246
286
77
2
4
253
172
332
19
72
114
127
333
231
19
212
372
177
392
344
188
212
1
246
25
267
290
0
365
242
201
0
253
76
386
395
279
7
233
303
90
231
7
339
107
366
299
344
226
52
67
355
356
132
67
355
332
25
385
221
36
282
344
319
242
294
341
333
225
225
25
333
231
67
391
330
241
138
316
79
344
63
158
334
169
26
42
281
167
334
25
67
25
286
330
294
26
183
236
0
225
231
167
246
25
286
25
384
63
221
344
319
330
294
385
221
36
31
0
28
246
286
77
2
4
253
172
332
19
72
114
127
333
231
19
212
372
177
392
344
188
212
1
246
25
267
290
0
365
242
201
0
253
76
386
395
279
7
233
303
90
231
7
339
107
366
299
344
226
52
67
355
356
132
67
355
138
316
79
344
63
158
334
169
26
42
281
167
334
25
67
25
286
330
294
26
183
236
0
225
231
167
246
25
286
25
384
63
221
344
319
330
294
385
221
36
31
0
28
246
286
77
2
4
253
172
332
19
72
114
127
333
231
19
212
372
177
392
344
188
212
1
246
25
267
290
0
365
242
201
0
253
76
386
395
279
7
233
303
90
231
7
339
107
366
299
344
226
52
67
355
356
132
67
355
290
0
365
242
201
0
253
76
386
395
279
7
233
303
90
231
7
339
107
366
299
344
226
52
67
355
356
132
67
355
242
201
0
253
76
386
395
279
7
233
303
90
231
7
339
107
366
299
344
226
52
67
355
356
132
67
355
303
90
231
7
339
107
366
299
344
226
52
67
355
356
132
67
355
99
