24
344
198
345
144
144
333
198
25
127
7
344
333
118
225
179
224
34
24
344
198
333
73
25
179
333
231
319
18
198
25
382
179
359
344
395
7
344
14
200
333
68
163
172
28
374
28
14
198
291
34
344
316
198
179
330
241
392
385
235
333
73
25
380
242
221
392
390
192
395
242
294
168
167
395
127
7
19
355
291
41
179
0
193
231
344
40
395
198
25
258
36
167
75
104
333
6
24
344
198
3
333
73
25
359
333
41
344
3
333
73
25
19
84
0
359
333
107
392
61
75
21
14
272
167
113
167
333
73
22
19
214
68
198
75
385
36
386
0
61
14
149
75
392
26
275
344
319
333
25
167
333
71
25
385
277
198
7
167
344
19
61
334
25
312
326
333
124
313
181
236
231
333
216
213
355
52
75
395
25
345
24
344
198
339
107
366
299
344
226
52
198
356
132
196
311
355
333
73
25
179
333
231
319
18
198
25
382
179
359
344
395
7
344
14
200
333
68
163
172
28
374
28
14
198
291
34
344
316
198
179
330
241
392
385
235
333
73
25
380
242
221
392
390
192
395
242
294
168
167
395
127
7
19
355
291
41
179
0
193
231
344
40
395
198
25
258
36
167
75
104
333
6
24
344
198
3
333
73
25
359
333
41
344
3
333
73
25
19
84
0
359
333
107
392
61
75
21
14
272
167
113
167
333
73
22
19
214
68
198
75
385
36
386
0
61
14
149
75
392
26
275
344
319
333
25
167
333
71
25
385
277
198
7
167
344
19
61
334
25
312
326
333
124
313
181
236
231
333
216
213
355
52
75
395
25
345
24
344
198
339
107
366
299
344
226
52
198
356
132
196
311
355
179
333
231
319
18
198
25
382
179
359
344
395
7
344
14
200
333
68
163
172
28
374
28
14
198
291
34
344
316
198
179
330
241
392
385
235
333
73
25
380
242
221
392
390
192
395
242
294
168
167
395
127
7
19
355
291
41
179
0
193
231
344
40
395
198
25
258
36
167
75
104
333
6
24
344
198
3
333
73
25
359
333
41
344
3
333
73
25
19
84
0
359
333
107
392
61
75
21
14
272
167
113
167
333
73
22
19
214
68
198
75
385
36
386
0
61
14
149
75
392
26
275
344
319
333
25
167
333
71
25
385
277
198
7
167
344
19
61
334
25
312
326
333
124
313
181
236
231
333
216
213
355
52
75
395
25
345
24
344
198
339
107
366
299
344
226
52
198
356
132
196
311
355
3
333
73
25
359
333
41
344
3
333
73
25
19
84
0
359
333
107
392
61
75
21
14
272
167
113
167
333
73
22
19
214
68
198
75
385
36
386
0
61
14
149
75
392
26
275
344
319
333
25
167
333
71
25
385
277
198
7
167
344
19
61
334
25
312
326
333
124
313
181
236
231
333
216
213
355
52
75
395
25
345
24
344
198
339
107
366
299
344
226
52
198
356
132
196
311
355
339
107
366
299
344
226
52
198
356
132
196
311
355
99
