153
144
380
392
399
114
242
242
344
40
395
298
391
399
288
233
231
7
179
114
344
40
388
386
392
341
333
25
267
344
392
137
333
170
392
217
372
149
305
343
201
323
395
179
304
372
185
377
392
399
172
167
188
212
1
358
344
395
214
68
193
167
333
73
22
372
56
43
74
386
392
378
392
358
235
395
193
192
344
344
126
358
235
242
370
0
362
242
350
235
392
149
333
344
201
339
391
395
42
273
247
344
395
279
82
242
344
339
207
386
377
372
56
98
344
201
395
68
295
19
25
267
42
96
231
7
270
163
392
149
0
242
244
384
369
344
36
167
333
267
344
302
334
107
399
201
323
338
137
207
132
358
68
231
381
179
225
95
74
19
95
317
339
19
244
271
19
386
399
288
218
68
231
137
386
107
316
173
316
255
225
225
225
225
225
225
127
19
21
344
29
272
258
365
355
399
288
225
170
356
160
99
