280
345
289
144
183
0
332
165
376
124
195
265
179
131
183
225
88
392
19
395
119
369
344
339
59
344
349
55
188
1
333
371
322
180
316
19
137
0
121
127
396
377
36
0
179
14
1
14
333
170
179
41
242
66
152
344
280
57
367
344
205
392
333
7
328
333
7
328
31
165
376
355
179
258
344
177
392
344
246
124
195
265
88
167
253
19
235
55
131
225
342
227
16
227
259
377
0
359
231
0
339
19
170
112
385
138
392
19
395
119
0
231
377
201
0
307
256
28
374
28
138
392
0
59
344
205
305
85
316
349
55
188
1
316
191
137
333
235
122
12
19
304
212
179
304
36
323
344
280
345
303
90
231
7
127
165
376
355
270
163
392
26
344
32
392
26
373
344
290
18
169
365
332
43
125
395
290
339
107
366
299
344
226
52
165
376
355
356
132
165
376
355
344
280
57
367
344
205
392
333
7
328
333
7
328
31
165
376
355
179
258
344
177
392
344
246
124
195
265
88
167
253
19
235
55
131
225
342
227
16
227
259
377
0
359
231
0
339
19
170
112
385
138
392
19
395
119
0
231
377
201
0
307
256
28
374
28
138
392
0
59
344
205
305
85
316
349
55
188
1
316
191
137
333
235
122
12
19
304
212
179
304
36
323
344
280
345
303
90
231
7
127
165
376
355
270
163
392
26
344
32
392
26
373
344
290
18
169
365
332
43
125
395
290
339
107
366
299
344
226
52
165
376
355
356
132
165
376
355
332
43
125
395
290
339
107
366
299
344
226
52
165
376
355
356
132
165
376
355
99
