116
67
231
333
68
295
267
91
144
333
231
14
231
67
321
26
224
34
344
363
104
179
94
344
151
269
392
386
333
19
170
127
0
320
68
295
24
224
316
56
224
24
127
7
344
67
19
294
26
241
127
14
25
341
225
25
89
105
92
161
225
105
92
19
92
225
225
365
67
339
118
365
115
26
232
167
333
19
213
88
231
333
338
168
18
170
301
52
18
7
233
126
52
0
316
55
349
280
127
0
365
235
0
88
19
342
332
388
127
392
310
333
68
295
188
158
344
395
68
295
132
0
67
7
233
19
85
316
370
333
333
190
27
132
74
344
352
283
291
344
139
188
1
333
361
231
0
190
27
106
132
206
231
333
67
74
370
333
25
265
326
0
262
349
231
67
25
267
168
170
235
25
19
89
19
371
344
253
395
25
370
333
389
65
2
31
0
253
201
188
31
67
116
333
231
2
19
67
354
370
333
19
55
317
67
2
333
150
132
117
206
1
67
283
268
19
240
127
55
317
370
333
339
107
366
299
344
226
52
67
355
356
132
67
355
26
232
167
333
19
213
88
231
333
338
168
18
170
301
52
18
7
233
126
52
0
316
55
349
280
127
0
365
235
0
88
19
342
332
388
127
392
310
333
68
295
188
158
344
395
68
295
132
0
67
7
233
19
85
316
370
333
333
190
27
132
74
344
352
283
291
344
139
188
1
333
361
231
0
190
27
106
132
206
231
333
67
74
370
333
25
265
326
0
262
349
231
67
25
267
168
170
235
25
19
89
19
371
344
253
395
25
370
333
389
65
2
31
0
253
201
188
31
67
116
333
231
2
19
67
354
370
333
19
55
317
67
2
333
150
132
117
206
1
67
283
268
19
240
127
55
317
370
333
339
107
366
299
344
226
52
67
355
356
132
67
355
127
0
365
235
0
88
19
342
332
388
127
392
310
333
68
295
188
158
344
395
68
295
132
0
67
7
233
19
85
316
370
333
333
190
27
132
74
344
352
283
291
344
139
188
1
333
361
231
0
190
27
106
132
206
231
333
67
74
370
333
25
265
326
0
262
349
231
67
25
267
168
170
235
25
19
89
19
371
344
253
395
25
370
333
389
65
2
31
0
253
201
188
31
67
116
333
231
2
19
67
354
370
333
19
55
317
67
2
333
150
132
117
206
1
67
283
268
19
240
127
55
317
370
333
339
107
366
299
344
226
52
67
355
356
132
67
355
333
190
27
132
74
344
352
283
291
344
139
188
1
333
361
231
0
190
27
106
132
206
231
333
67
74
370
333
25
265
326
0
262
349
231
67
25
267
168
170
235
25
19
89
19
371
344
253
395
25
370
333
389
65
2
31
0
253
201
188
31
67
116
333
231
2
19
67
354
370
333
19
55
317
67
2
333
150
132
117
206
1
67
283
268
19
240
127
55
317
370
333
339
107
366
299
344
226
52
67
355
356
132
67
355
25
265
326
0
262
349
231
67
25
267
168
170
235
25
19
89
19
371
344
253
395
25
370
333
389
65
2
31
0
253
201
188
31
67
116
333
231
2
19
67
354
370
333
19
55
317
67
2
333
150
132
117
206
1
67
283
268
19
240
127
55
317
370
333
339
107
366
299
344
226
52
67
355
356
132
67
355
389
65
2
31
0
253
201
188
31
67
116
333
231
2
19
67
354
370
333
19
55
317
67
2
333
150
132
117
206
1
67
283
268
19
240
127
55
317
370
333
339
107
366
299
344
226
52
67
355
356
132
67
355
19
55
317
67
2
333
150
132
117
206
1
67
283
268
19
240
127
55
317
370
333
339
107
366
299
344
226
52
67
355
356
132
67
355
339
107
366
299
344
226
52
67
355
356
132
67
355
99
