392
57
188
167
333
24
188
212
365
158
18
190
27
106
386
225
88
231
144
188
212
61
247
377
201
246
55
167
70
197
344
394
36
167
333
231
333
392
56
236
88
116
333
231
333
19
236
231
333
202
333
219
392
56
0
19
365
333
239
386
70
146
344
98
192
0
31
17
242
235
0
31
333
392
56
296
377
180
192
344
127
333
31
333
17
392
56
0
31
333
127
333
242
31
333
42
387
18
231
55
144
372
197
70
61
247
246
74
167
253
52
290
0
55
365
375
195
129
344
296
392
306
365
225
308
70
225
225
225
225
397
225
70
68
14
287
284
356
132
74
132
70
68
339
107
366
299
344
226
52
70
68
233
231
7
356
132
70
68
188
212
365
158
18
190
27
106
386
225
88
231
144
188
212
61
247
377
201
246
55
167
70
197
344
394
36
167
333
231
333
392
56
236
88
116
333
231
333
19
236
231
333
202
333
219
392
56
0
19
365
333
239
386
70
146
344
98
192
0
31
17
242
235
0
31
333
392
56
296
377
180
192
344
127
333
31
333
17
392
56
0
31
333
127
333
242
31
333
42
387
18
231
55
144
372
197
70
61
247
246
74
167
253
52
290
0
55
365
375
195
129
344
296
392
306
365
225
308
70
225
225
225
225
397
225
70
68
14
287
284
356
132
74
132
70
68
339
107
366
299
344
226
52
70
68
233
231
7
356
132
70
68
365
158
18
190
27
106
386
225
88
231
144
188
212
61
247
377
201
246
55
167
70
197
344
394
36
167
333
231
333
392
56
236
88
116
333
231
333
19
236
231
333
202
333
219
392
56
0
19
365
333
239
386
70
146
344
98
192
0
31
17
242
235
0
31
333
392
56
296
377
180
192
344
127
333
31
333
17
392
56
0
31
333
127
333
242
31
333
42
387
18
231
55
144
372
197
70
61
247
246
74
167
253
52
290
0
55
365
375
195
129
344
296
392
306
365
225
308
70
225
225
225
225
397
225
70
68
14
287
284
356
132
74
132
70
68
339
107
366
299
344
226
52
70
68
233
231
7
356
132
70
68
158
18
190
27
106
386
225
88
231
144
188
212
61
247
377
201
246
55
167
70
197
344
394
36
167
333
231
333
392
56
236
88
116
333
231
333
19
236
231
333
202
333
219
392
56
0
19
365
333
239
386
70
146
344
98
192
0
31
17
242
235
0
31
333
392
56
296
377
180
192
344
127
333
31
333
17
392
56
0
31
333
127
333
242
31
333
42
387
18
231
55
144
372
197
70
61
247
246
74
167
253
52
290
0
55
365
375
195
129
344
296
392
306
365
225
308
70
225
225
225
225
397
225
70
68
14
287
284
356
132
74
132
70
68
339
107
366
299
344
226
52
70
68
233
231
7
356
132
70
68
61
247
377
201
246
55
167
70
197
344
394
36
167
333
231
333
392
56
236
88
116
333
231
333
19
236
231
333
202
333
219
392
56
0
19
365
333
239
386
70
146
344
98
192
0
31
17
242
235
0
31
333
392
56
296
377
180
192
344
127
333
31
333
17
392
56
0
31
333
127
333
242
31
333
42
387
18
231
55
144
372
197
70
61
247
246
74
167
253
52
290
0
55
365
375
195
129
344
296
392
306
365
225
308
70
225
225
225
225
397
225
70
68
14
287
284
356
132
74
132
70
68
339
107
366
299
344
226
52
70
68
233
231
7
356
132
70
68
225
308
70
225
225
225
225
397
225
70
68
14
287
284
356
132
74
132
70
68
339
107
366
299
344
226
52
70
68
233
231
7
356
132
70
68
397
225
70
68
14
287
284
356
132
74
132
70
68
339
107
366
299
344
226
52
70
68
233
231
7
356
132
70
68
132
74
132
70
68
339
107
366
299
344
226
52
70
68
233
231
7
356
132
70
68
99
