144
372
177
392
19
395
119
344
188
212
1
333
19
231
352
171
167
236
167
246
68
15
28
333
26
52
0
231
19
76
332
2
19
316
191
386
302
285
333
192
127
65
333
68
19
248
225
19
243
316
31
333
115
333
42
231
389
333
344
32
0
68
383
15
333
231
0
68
242
355
372
109
392
344
32
246
364
301
344
188
212
1
246
302
19
354
344
0
190
27
106
33
225
31
225
259
342
170
301
339
301
385
385
269
18
231
333
68
19
18
344
104
169
68
280
225
333
112
310
342
112
19
170
385
36
107
344
392
11
336
179
0
227
253
127
333
112
19
336
385
36
0
392
280
11
179
273
392
26
256
235
333
392
385
36
107
163
39
34
372
195
129
344
296
392
238
333
68
270
364
112
56
36
363
20
342
235
246
68
7
233
339
107
366
299
344
226
52
68
356
132
136
74
225
333
112
310
342
112
19
170
385
36
107
344
392
11
336
179
0
227
253
127
333
112
19
336
385
36
0
392
280
11
179
273
392
26
256
235
333
392
385
36
107
163
39
34
372
195
129
344
296
392
238
333
68
270
364
112
56
36
363
20
342
235
246
68
7
233
339
107
366
299
344
226
52
68
356
132
136
74
339
107
366
299
344
226
52
68
356
132
136
74
99
