233
231
7
158
385
392
205
0
27
200
132
344
310
386
0
31
26
1
377
188
19
369
344
392
1
377
188
137
31
379
392
385
247
377
392
369
344
167
0
74
332
361
19
116
78
170
233
231
7
234
225
225
225
225
339
107
366
299
344
226
52
68
356
132
68
0
27
200
132
344
310
386
0
31
26
1
377
188
19
369
344
392
1
377
188
137
31
379
392
385
247
377
392
369
344
167
0
74
332
361
19
116
78
170
233
231
7
234
225
225
225
225
339
107
366
299
344
226
52
68
356
132
68
78
170
233
231
7
234
225
225
225
225
339
107
366
299
344
226
52
68
356
132
68
339
107
366
299
344
226
52
68
356
132
68
99
