91
144
172
167
286
395
25
304
161
156
394
24
224
344
284
355
139
346
24
316
347
24
316
22
136
221
202
316
56
338
326
252
167
283
28
352
50
31
284
225
231
316
326
252
167
283
19
338
137
235
115
31
20
231
333
225
106
19
171
387
231
246
55
393
125
167
386
333
316
152
304
161
156
394
24
345
372
333
73
22
139
346
24
316
347
24
316
22
136
19
333
25
139
346
24
316
347
24
316
22
136
284
355
146
0
330
241
261
304
392
26
221
282
344
319
330
294
292
19
278
56
36
299
344
358
11
392
319
395
25
161
195
129
344
286
395
25
144
303
139
270
163
395
359
333
73
22
183
284
344
395
193
231
292
152
139
346
24
316
347
24
316
22
136
163
393
263
344
359
333
25
139
346
24
316
347
24
316
22
136
392
56
15
284
336
163
392
149
319
395
25
258
339
74
180
56
326
88
127
358
344
267
25
372
195
129
344
274
395
139
316
295
300
231
333
68
45
163
393
221
277
107
132
284
355
189
358
185
189
358
