381
394
197
180
152
144
233
231
7
19
122
191
235
54
55
179
331
19
372
149
54
176
74
375
114
344
373
392
322
392
395
320
386
392
19
151
392
24
344
54
377
332
195
192
127
392
231
240
344
167
395
0
74
167
395
235
395
19
14
55
248
19
218
332
140
0
256
379
336
394
369
344
176
130
235
333
44
362
17
235
333
73
19
304
212
150
212
132
54
316
149
272
144
273
377
152
127
298
7
82
225
225
225
225
225
225
225
225
204
54
355
225
225
225
225
225
225
225
225
339
107
366
299
344
226
52
54
355
356
132
54
355
377
332
195
192
127
392
231
240
344
167
395
0
74
167
395
235
395
19
14
55
248
19
218
332
140
0
256
379
336
394
369
344
176
130
235
333
44
362
17
235
333
73
19
304
212
150
212
132
54
316
149
272
144
273
377
152
127
298
7
82
225
225
225
225
225
225
225
225
204
54
355
225
225
225
225
225
225
225
225
339
107
366
299
344
226
52
54
355
356
132
54
355
225
225
225
339
107
366
299
344
226
52
54
355
356
132
54
355
339
107
366
299
344
226
52
54
355
356
132
54
355
99
