372
177
392
344
360
355
344
395
193
395
321
68
365
386
360
355
342
127
321
168
116
395
134
235
68
365
380
395
201
0
231
68
365
333
371
383
235
0
119
242
201
0
344
365
197
344
395
321
19
373
392
344
360
355
55
167
360
167
360
355
179
72
344
158
316
56
28
18
169
19
39
252
231
167
333
332
322
179
381
304
202
316
154
235
334
193
11
334
55
365
181
358
31
236
231
333
126
365
241
344
188
212
1
246
2
55
191
240
231
333
333
55
74
19
212
116
88
182
225
182
225
182
225
116
88
179
0
142
371
344
188
1
360
355
31
395
249
372
385
232
0
59
344
205
246
7
82
150
132
85
316
19
48
395
249
349
115
188
212
1
333
25
267
2
268
19
316
191
55
349
19
170
301
211
131
326
9
231
333
142
167
339
321
19
290
0
55
349
116
360
355
0
316
349
18
170
301
386
18
7
82
28
392
257
395
201
0
133
88
242
88
231
180
19
61
247
305
231
377
360
19
333
149
344
232
383
395
152
333
216
251
183
225
210
55
235
333
231
392
56
0
19
212
392
56
316
31
333
235
333
360
387
231
55
333
232
231
19
386
251
19
225
101
167
305
19
333
37
321
31
246
316
101
167
180
333
42
183
225
127
0
256
392
167
64
0
225
357
333
316
197
333
372
156
394
326
358
357
235
395
177
19
373
392
344
246
55
19
74
395
360
355
7
328
228
225
101
360
167
225
225
339
107
366
299
344
226
52
360
355
7
356
132
360
355
225
101
360
167
225
225
339
107
366
299
344
226
52
360
355
7
356
132
360
355
99
