188
158
372
201
148
10
127
246
316
19
334
119
179
344
201
323
333
385
167
333
371
231
0
148
106
144
392
185
332
236
167
148
316
344
32
19
333
200
231
246
316
277
217
291
152
158
372
201
148
10
127
246
316
19
334
119
225
217
12
372
12
291
235
217
221
235
372
15
205
225
231
246
316
122
217
26
282
217
7
267
395
122
217
19
395
12
25
385
395
59
231
36
344
148
169
122
12
246
122
12
233
385
388
386
392
19
395
119
344
395
122
19
84
0
86
122
12
344
326
333
247
231
10
148
372
201
0
344
113
316
395
122
385
221
392
132
148
127
119
386
227
231
119
390
333
242
344
334
316
344
148
28
338
390
334
311
292
0
148
119
127
334
316
106
246
179
344
333
213
316
344
84
0
122
12
268
344
151
316
56
10
334
148
106
369
344
185
158
395
119
390
277
167
291
12
359
246
344
137
18
167
183
0
210
188
212
1
122
12
24
127
122
12
385
395
59
231
7
163
392
26
1
333
25
120
126
333
152
127
18
25
120
167
218
339
391
333
359
167
24
127
171
12
179
130
127
352
119
201
357
344
227
0
391
127
212
170
365
339
250
152
76
386
358
116
148
19
296
396
152
225
315
225
225
225
225
233
231
7
225
225
225
144
122
12
233
19
231
148
68
339
107
366
299
344
226
52
148
68
7
17
122
12
356
132
148
68
7
17
122
12
127
246
316
19
334
119
225
217
12
372
12
291
235
217
221
235
372
15
205
225
231
246
316
122
217
26
282
217
7
267
395
122
217
19
395
12
25
385
395
59
231
36
344
148
169
122
12
246
122
12
233
385
388
386
392
19
395
119
344
395
122
19
84
0
86
122
12
344
326
333
247
231
10
148
372
201
0
344
113
316
395
122
385
221
392
132
148
127
119
386
227
231
119
390
333
242
344
334
316
344
148
28
338
390
334
311
292
0
148
119
127
334
316
106
246
179
344
333
213
316
344
84
0
122
12
268
344
151
316
56
10
334
148
106
369
344
185
158
395
119
390
277
167
291
12
359
246
344
137
18
167
183
0
210
188
212
1
122
12
24
127
122
12
385
395
59
231
7
163
392
26
1
333
25
120
126
333
152
127
18
25
120
167
218
339
391
333
359
167
24
127
171
12
179
130
127
352
119
201
357
344
227
0
391
127
212
170
365
339
250
152
76
386
358
116
148
19
296
396
152
225
315
225
225
225
225
233
231
7
225
225
225
144
122
12
233
19
231
148
68
339
107
366
299
344
226
52
148
68
7
17
122
12
356
132
148
68
7
17
122
12
344
137
18
167
183
0
210
188
212
1
122
12
24
127
122
12
385
395
59
231
7
163
392
26
1
333
25
120
126
333
152
127
18
25
120
167
218
339
391
333
359
167
24
127
171
12
179
130
127
352
119
201
357
344
227
0
391
127
212
170
365
339
250
152
76
386
358
116
148
19
296
396
152
225
315
225
225
225
225
233
231
7
225
225
225
144
122
12
233
19
231
148
68
339
107
366
299
344
226
52
148
68
7
17
122
12
356
132
148
68
7
17
122
12
24
127
122
12
385
395
59
231
7
163
392
26
1
333
25
120
126
333
152
127
18
25
120
167
218
339
391
333
359
167
24
127
171
12
179
130
127
352
119
201
357
344
227
0
391
127
212
170
365
339
250
152
76
386
358
116
148
19
296
396
152
225
315
225
225
225
225
233
231
7
225
225
225
144
122
12
233
19
231
148
68
339
107
366
299
344
226
52
148
68
7
17
122
12
356
132
148
68
7
17
122
12
167
218
339
391
333
359
167
24
127
171
12
179
130
127
352
119
201
357
344
227
0
391
127
212
170
365
339
250
152
76
386
358
116
148
19
296
396
152
225
315
225
225
225
225
233
231
7
225
225
225
144
122
12
233
19
231
148
68
339
107
366
299
344
226
52
148
68
7
17
122
12
356
132
148
68
7
17
122
12
76
386
358
116
148
19
296
396
152
225
315
225
225
225
225
233
231
7
225
225
225
144
122
12
233
19
231
148
68
339
107
366
299
344
226
52
148
68
7
17
122
12
356
132
148
68
7
17
122
12
19
296
396
152
225
315
225
225
225
225
233
231
7
225
225
225
144
122
12
233
19
231
148
68
339
107
366
299
344
226
52
148
68
7
17
122
12
356
132
148
68
7
17
122
12
339
107
366
299
344
226
52
148
68
7
17
122
12
356
132
148
68
7
17
122
12
99
