116
67
231
333
68
295
267
67
321
344
395
68
295
91
144
67
179
344
246
321
231
364
268
94
344
269
392
386
333
19
170
392
217
28
392
264
127
395
68
25
339
231
225
210
385
28
68
295
42
67
389
65
2
232
28
374
28
0
262
265
231
67
25
19
0
333
195
31
246
25
267
181
333
301
194
132
333
231
392
26
76
398
242
357
235
395
290
386
132
104
268
34
183
0
88
11
333
194
112
127
14
268
179
34
224
7
321
225
225
259
310
333
68
295
280
224
182
225
225
259
333
190
27
280
224
182
225
225
259
25
265
280
224
182
225
225
259
2
333
280
224
33
225
225
259
2
283
19
55
317
280
224
339
107
366
299
344
226
52
67
355
356
132
67
355
182
225
225
259
333
190
27
280
224
182
225
225
259
25
265
280
224
182
225
225
259
2
333
280
224
33
225
225
259
2
283
19
55
317
280
224
339
107
366
299
344
226
52
67
355
356
132
67
355
182
225
225
259
25
265
280
224
182
225
225
259
2
333
280
224
33
225
225
259
2
283
19
55
317
280
224
339
107
366
299
344
226
52
67
355
356
132
67
355
182
225
225
259
2
333
280
224
33
225
225
259
2
283
19
55
317
280
224
339
107
366
299
344
226
52
67
355
356
132
67
355
33
225
225
259
2
283
19
55
317
280
224
339
107
366
299
344
226
52
67
355
356
132
67
355
339
107
366
299
344
226
52
67
355
356
132
67
355
99
