363
231
48
19
147
160
144
132
149
392
1
377
392
195
127
167
0
355
392
185
333
21
50
392
26
372
185
332
247
395
257
56
36
19
372
26
152
344
151
28
392
40
339
267
333
7
328
369
344
302
305
151
343
19
344
201
323
392
149
14
333
170
392
217
225
365
55
365
333
55
179
0
142
371
344
163
392
56
296
396
235
55
221
237
332
50
180
15
333
240
344
76
386
85
316
19
150
1
334
115
55
349
26
52
316
384
385
302
334
194
115
290
0
55
160
225
18
235
89
380
180
319
395
25
242
24
127
291
201
323
344
137
14
282
167
52
333
89
105
5
89
179
225
225
188
212
1
246
7
89
19
238
363
7
160
225
76
386
395
7
281
395
7
281
179
152
344
151
392
341
339
267
163
392
149
20
272
201
323
344
273
247
344
358
392
56
53
107
242
290
18
238
123
395
160
140
395
7
328
7
225
225
225
160
17
160
381
63
160
0
75
7
25
168
25
73
22
168
154
292
19
225
25
120
242
120
316
384
127
18
294
344
36
77
167
286
334
294
235
333
7
22
395
7
344
14
2
7
291
291
19
177
344
333
68
316
172
167
293
242
7
344
333
292
231
75
334
7
25
52
333
105
5
89
268
26
118
237
383
278
111
19
244
26
241
316
384
344
36
77
127
293
242
7
344
333
292
231
319
335
126
358
235
160
160
160
160
231
355
225
225
52
204
132
134
207
359
0
