333
311
355
68
231
271
392
56
399
98
339
183
336
26
237
1
225
352
271
268
167
333
19
333
68
179
354
344
392
26
357
127
320
167
333
311
386
240
344
48
76
19
386
134
108
174
268
31
14
231
192
246
2
174
268
19
246
174
268
316
300
253
127
113
316
132
2
344
58
275
68
316
115
58
231
27
167
271
19
261
225
58
96
231
309
30
333
157
298
30
358
157
231
281
298
268
216
231
64
298
240
231
293
167
271
261
225
58
122
233
31
165
170
96
231
31
333
311
355
293
17
268
64
231
58
300
31
333
68
150
180
132
246
316
386
127
19
110
316
149
333
344
326
235
261
19
201
333
389
0
43
256
188
158
338
26
68
285
344
201
0
95
311
105
25
89
179
223
225
378
392
140
238
19
247
333
73
25
392
26
344
63
0
68
200
163
392
26
344
311
392
385
205
333
127
271
336
179
221
0
25
127
333
68
140
344
333
73
25
225
68
231
271
250
147
225
68
225
68
356
266
261
99
