91
144
395
0
316
384
146
0
231
333
161
296
167
246
316
31
333
355
231
332
381
304
114
344
177
392
344
24
344
345
386
395
392
25
139
346
24
316
103
23
347
24
316
22
136
163
395
359
333
73
22
139
346
24
316
73
23
347
24
316
22
136
139
346
24
316
73
23
347
24
316
22
136
358
344
395
193
231
292
394
277
333
142
38
231
333
235
358
307
9
378
392
24
168
220
25
120
378
392
24
52
223
225
291
220
330
294
282
241
378
392
357
246
225
2
268
225
316
19
243
174
268
283
0
19
55
19
333
114
64
231
392
137
333
68
115
380
180
293
242
372
232
268
332
125
20
58
26
392
1
242
372
149
127
6
19
202
212
332
395
172
31
394
123
180
14
161
195
129
344
296
392
24
386
333
392
25
139
346
24
316
103
23
347
24
316
22
136
242
73
22
139
346
24
316
73
23
347
24
316
22
136
139
346
24
316
73
23
347
24
316
22
136
144
303
139
139
316
295
300
231
333
68
45
163
393
221
277
107
132
333
355
231
189
358
185
189
358
