180
0
142
342
344
365
55
19
188
212
1
81
68
19
236
83
31
0
342
116
81
365
55
365
333
97
377
180
192
344
36
0
235
225
280
224
91
144
32
0
365
88
179
18
371
344
36
344
81
68
19
385
232
392
333
240
344
116
55
19
205
7
309
117
19
85
316
372
195
129
344
149
392
235
333
127
339
307
112
333
290
168
316
349
231
246
37
55
0
235
246
7
282
19
267
0
176
81
386
246
117
19
85
316
0
132
246
216
231
240
344
29
395
348
272
53
242
107
204
163
392
149
20
272
1
81
68
242
365
55
42
30
96
231
7
62
279
281
225
225
225
225
236
231
333
68
332
60
194
233
231
7
228
225
124
315
162
225
339
107
366
299
344
226
52
81
68
356
132
81
68
365
333
97
377
180
192
344
36
0
235
225
280
224
91
144
32
0
365
88
179
18
371
344
36
344
81
68
19
385
232
392
333
240
344
116
55
19
205
7
309
117
19
85
316
372
195
129
344
149
392
235
333
127
339
307
112
333
290
168
316
349
231
246
37
55
0
235
246
7
282
19
267
0
176
81
386
246
117
19
85
316
0
132
246
216
231
240
344
29
395
348
272
53
242
107
204
163
392
149
20
272
1
81
68
242
365
55
42
30
96
231
7
62
279
281
225
225
225
225
236
231
333
68
332
60
194
233
231
7
228
225
124
315
162
225
339
107
366
299
344
226
52
81
68
356
132
81
68
91
144
32
0
365
88
179
18
371
344
36
344
81
68
19
385
232
392
333
240
344
116
55
19
205
7
309
117
19
85
316
372
195
129
344
149
392
235
333
127
339
307
112
333
290
168
316
349
231
246
37
55
0
235
246
7
282
19
267
0
176
81
386
246
117
19
85
316
0
132
246
216
231
240
344
29
395
348
272
53
242
107
204
163
392
149
20
272
1
81
68
242
365
55
42
30
96
231
7
62
279
281
225
225
225
225
236
231
333
68
332
60
194
233
231
7
228
225
124
315
162
225
339
107
366
299
344
226
52
81
68
356
132
81
68
233
231
7
228
225
124
315
162
225
339
107
366
299
344
226
52
81
68
356
132
81
68
228
225
124
315
162
225
339
107
366
299
344
226
52
81
68
356
132
81
68
225
124
315
162
225
339
107
366
299
344
226
52
81
68
356
132
81
68
99
