144
333
233
231
7
31
311
390
36
344
201
395
25
236
231
333
124
372
286
127
118
225
7
38
395
127
320
152
258
214
177
344
24
105
139
346
24
316
103
22
347
24
316
22
136
359
246
25
139
346
24
316
103
22
347
24
316
22
136
333
25
139
346
24
316
103
22
347
24
316
22
136
333
126
9
382
26
221
235
213
68
25
19
26
232
237
344
316
2
7
282
220
111
319
220
231
278
137
18
7
92
167
183
350
277
4
291
392
149
269
395
241
330
294
336
26
220
344
377
394
4
31
311
355
19
333
332
29
344
24
386
333
139
346
24
316
103
22
347
24
316
22
136
395
344
0
142
310
319
395
25
224
139
346
24
316
103
22
347
24
316
22
136
19
236
313
231
395
303
139
139
316
295
300
231
333
68
45
163
393
221
277
107
132
311
355
189
358
185
189
358
