205
85
316
238
7
91
144
378
77
68
180
166
344
150
132
333
85
316
181
358
235
182
225
31
225
259
127
0
364
386
316
180
395
59
344
150
377
180
192
344
194
235
55
158
338
63
334
200
19
381
338
197
36
163
392
57
201
180
235
182
225
375
15
232
364
316
235
182
225
19
33
225
280
224
372
156
344
296
392
238
233
231
352
7
225
315
225
339
107
366
299
344
226
52
7
356
132
355
127
0
364
386
316
180
395
59
344
150
377
180
192
344
194
235
55
158
338
63
334
200
19
381
338
197
36
163
392
57
201
180
235
182
225
375
15
232
364
316
235
182
225
19
33
225
280
224
372
156
344
296
392
238
233
231
352
7
225
315
225
339
107
366
299
344
226
52
7
356
132
355
19
33
225
280
224
372
156
344
296
392
238
233
231
352
7
225
315
225
339
107
366
299
344
226
52
7
356
132
355
280
224
372
156
344
296
392
238
233
231
352
7
225
315
225
339
107
366
299
344
226
52
7
356
132
355
372
156
344
296
392
238
233
231
352
7
225
315
225
339
107
366
299
344
226
52
7
356
132
355
99
