144
28
392
176
298
391
161
369
344
61
167
344
296
163
392
20
272
1
68
306
394
36
49
319
68
25
19
24
127
122
12
25
239
235
182
225
304
344
339
107
19
189
204
185
158
161
56
151
137
392
275
127
191
11
154
292
98
392
369
344
188
212
1
246
218
2
389
188
26
392
172
167
344
0
122
12
82
1
0
122
257
332
388
127
392
19
395
119
390
392
192
344
290
0
342
344
349
246
55
287
231
62
179
0
235
246
74
19
377
372
56
232
392
231
172
359
339
342
344
123
247
163
36
333
287
256
127
392
11
154
292
214
156
394
123
14
392
217
19
304
212
152
144
204
18
107
344
137
333
310
161
195
129
344
76
298
7
281
270
246
218
2
65
290
138
316
192
392
333
59
344
149
239
382
392
344
395
342
212
98
192
174
19
6
225
68
101
165
225
228
339
107
366
299
344
226
52
68
356
132
68
225
68
164
225
287
231
62
179
0
235
246
74
19
377
372
56
232
392
231
172
359
339
342
344
123
247
163
36
333
287
256
127
392
11
154
292
214
156
394
123
14
392
217
19
304
212
152
144
204
18
107
344
137
333
310
161
195
129
344
76
298
7
281
270
246
218
2
65
290
138
316
192
392
333
59
344
149
239
382
392
344
395
342
212
98
192
174
19
6
225
68
101
165
225
228
339
107
366
299
344
226
52
68
356
132
68
225
68
164
225
382
392
344
395
342
212
98
192
174
19
6
225
68
101
165
225
228
339
107
366
299
344
226
52
68
356
132
68
225
68
164
225
99
