142
144
355
146
297
392
344
24
127
7
176
246
118
225
65
235
396
28
0
127
320
167
246
74
372
177
392
344
24
386
333
73
22
139
346
24
316
73
23
347
24
316
22
136
38
392
375
297
372
399
24
0
386
220
282
242
294
241
278
19
111
18
7
92
246
355
179
155
344
19
384
201
180
334
344
334
316
334
127
188
19
109
335
344
123
19
334
246
167
76
316
386
0
231
240
127
174
108
19
132
88
236
386
3
344
117
19
389
115
180
399
288
220
225
231
225
141
26
108
388
167
334
167
338
192
372
399
332
179
333
287
127
392
144
24
333
73
22
345
139
346
24
316
73
23
347
24
316
22
136
303
139
316
384
344
36
77
127
348
291
293
19
344
333
292
231
75
14
231
333
73
22
111
6
19
278
333
25
89
127
337
268
179
225
7
92
385
36
167
139
78
386
392
163
393
221
277
107
132
355
189
358
185
189
358
