25
26
224
239
339
179
395
144
24
345
344
40
395
28
0
36
323
344
24
52
223
225
344
392
205
333
291
89
231
225
71
36
252
231
0
283
171
379
225
231
141
149
320
58
387
231
141
372
26
330
241
382
392
56
24
386
242
330
294
188
212
152
163
272
1
333
267
78
395
7
345
338
26
152
344
151
372
57
367
344
296
395
25
19
373
392
344
11
24
127
7
394
137
3
344
0
253
25
312
250
386
344
14
395
219
313
339
107
366
299
344
226
52
7
356
132
355
231
163
272
1
333
267
78
395
7
345
338
26
152
344
151
372
57
367
344
296
395
25
19
373
392
344
11
24
127
7
394
137
3
344
0
253
25
312
250
386
344
14
395
219
313
339
107
366
299
344
226
52
7
356
132
355
231
345
338
26
152
344
151
372
57
367
344
296
395
25
19
373
392
344
11
24
127
7
394
137
3
344
0
253
25
312
250
386
344
14
395
219
313
339
107
366
299
344
226
52
7
356
132
355
231
99
