130
34
344
91
144
372
197
76
386
316
132
333
384
26
333
19
176
338
98
380
333
355
231
64
146
0
348
127
392
242
339
179
0
124
372
26
344
177
392
344
24
127
7
139
346
24
316
347
24
316
22
136
333
25
139
346
24
316
347
24
316
22
136
242
73
22
139
346
24
316
347
24
316
22
136
220
382
236
392
63
392
385
220
294
282
220
111
220
231
278
127
2
291
357
344
227
248
391
127
7
176
333
355
268
372
156
339
25
115
139
346
24
316
347
24
316
22
136
0
231
11
386
304
333
28
0
283
355
388
344
205
333
231
246
19
60
389
146
246
167
179
236
231
237
355
167
333
386
292
231
19
19
235
0
55
386
231
99
176
246
19
84
231
240
127
246
141
167
344
332
246
44
19
235
316
320
19
180
381
304
202
316
132
333
104
391
372
156
394
36
335
24
127
0
167
246
118
65
139
346
24
316
347
24
316
22
136
31
246
307
303
139
270
220
25
179
217
344
24
127
291
242
333
355
268
31
333
355
231
64
326
9
231
246
236
19
19
36
77
127
7
291
19
24
224
386
333
25
139
346
24
316
347
24
316
22
136
242
73
22
139
346
24
316
347
24
316
22
136
63
395
372
98
221
149
0
263
139
316
295
300
231
333
68
45
163
393
221
277
107
132
333
355
231
189
358
185
189
358
