392
217
344
185
1
246
25
267
25
225
158
344
39
0
372
26
388
339
321
344
137
246
25
267
275
127
118
225
392
144
344
151
392
137
275
193
392
217
344
185
41
304
392
185
377
344
98
378
246
25
239
235
33
225
39
0
313
225
310
395
25
378
246
25
127
7
344
333
118
225
239
235
33
225
365
344
310
395
25
267
392
56
24
341
333
73
22
242
52
84
0
140
392
137
310
374
392
207
344
151
333
371
163
392
149
272
1
395
25
242
333
25
267
180
42
344
273
247
344
395
7
82
123
395
7
82
152
313
225
319
395
25
17
395
154
292
19
330
294
392
319
235
395
25
395
336
333
219
313
179
344
395
154
292
19
330
294
341
333
2
339
385
201
180
0
127
246
7
309
344
127
392
344
7
25
274
212
1
246
267
313
225
170
333
42
371
344
357
344
235
14
179
344
357
127
246
199
193
19
126
358
235
235
19
163
392
304
121
130
344
357
304
392
56
137
333
19
170
1
333
7
267
89
19
151
343
344
392
235
137
310
272
149
212
272
1
333
7
267
273
247
344
246
151
7
309
31
8
242
53
225
225
225
375
344
151
225
225
225
102
8
225
316
300
48
186
225
225
44
44
266
261
24
365
10
339
107
366
299
344
226
52
355
231
329
356
132
333
355
231
329
186
313
225
170
333
42
371
344
357
344
235
14
179
344
357
127
246
199
193
19
126
358
235
235
19
163
392
304
121
130
344
357
304
392
56
137
333
19
170
1
333
7
267
89
19
151
343
344
392
235
137
310
272
149
212
272
1
333
7
267
273
247
344
246
151
7
309
31
8
242
53
225
225
225
375
344
151
225
225
225
102
8
225
316
300
48
186
225
225
44
44
266
261
24
365
10
339
107
366
299
344
226
52
355
231
329
356
132
333
355
231
329
186
19
126
358
235
235
19
163
392
304
121
130
344
357
304
392
56
137
333
19
170
1
333
7
267
89
19
151
343
344
392
235
137
310
272
149
212
272
1
333
7
267
273
247
344
246
151
7
309
31
8
242
53
225
225
225
375
344
151
225
225
225
102
8
225
316
300
48
186
225
225
44
44
266
261
24
365
10
339
107
366
299
344
226
52
355
231
329
356
132
333
355
231
329
186
19
163
392
304
121
130
344
357
304
392
56
137
333
19
170
1
333
7
267
89
19
151
343
344
392
235
137
310
272
149
212
272
1
333
7
267
273
247
344
246
151
7
309
31
8
242
53
225
225
225
375
344
151
225
225
225
102
8
225
316
300
48
186
225
225
44
44
266
261
24
365
10
339
107
366
299
344
226
52
355
231
329
356
132
333
355
231
329
186
19
163
392
304
121
130
344
357
304
392
56
137
333
19
170
1
333
7
267
89
19
151
343
344
392
235
137
310
272
149
212
272
1
333
7
267
273
247
344
246
151
7
309
31
8
242
53
225
225
225
375
344
151
225
225
225
102
8
225
316
300
48
186
225
225
44
44
266
261
24
365
10
339
107
366
299
344
226
52
355
231
329
356
132
333
355
231
329
186
163
392
304
121
130
344
357
304
392
56
137
333
19
170
1
333
7
267
89
19
151
343
344
392
235
137
310
272
149
212
272
1
333
7
267
273
247
344
246
151
7
309
31
8
242
53
225
225
225
375
344
151
225
225
225
102
8
225
316
300
48
186
225
225
44
44
266
261
24
365
10
339
107
366
299
344
226
52
355
231
329
356
132
333
355
231
329
186
339
107
366
299
344
226
52
355
231
329
356
132
333
355
231
329
186
99
