372
369
344
151
392
116
200
332
125
395
172
257
395
365
24
238
377
26
395
2
172
144
372
369
344
151
392
116
200
332
125
395
172
66
333
41
19
395
348
236
242
350
200
231
172
374
392
170
1
333
200
392
297
66
152
344
358
395
200
231
172
233
231
7
225
225
257
395
365
24
238
339
107
366
299
344
226
52
68
7
356
132
7
31
68
257
395
365
24
238
377
26
395
2
172
144
372
369
344
151
392
116
200
332
125
395
172
66
333
41
19
395
348
236
242
350
200
231
172
374
392
170
1
333
200
392
297
66
152
344
358
395
200
231
172
233
231
7
225
225
257
395
365
24
238
339
107
366
299
344
226
52
68
7
356
132
7
31
68
24
238
377
26
395
2
172
144
372
369
344
151
392
116
200
332
125
395
172
66
333
41
19
395
348
236
242
350
200
231
172
374
392
170
1
333
200
392
297
66
152
344
358
395
200
231
172
233
231
7
225
225
257
395
365
24
238
339
107
366
299
344
226
52
68
7
356
132
7
31
68
377
26
395
2
172
144
372
369
344
151
392
116
200
332
125
395
172
66
333
41
19
395
348
236
242
350
200
231
172
374
392
170
1
333
200
392
297
66
152
344
358
395
200
231
172
233
231
7
225
225
257
395
365
24
238
339
107
366
299
344
226
52
68
7
356
132
7
31
68
374
392
170
1
333
200
392
297
66
152
344
358
395
200
231
172
233
231
7
225
225
257
395
365
24
238
339
107
366
299
344
226
52
68
7
356
132
7
31
68
233
231
7
225
225
257
395
365
24
238
339
107
366
299
344
226
52
68
7
356
132
7
31
68
257
395
365
24
238
339
107
366
299
344
226
52
68
7
356
132
7
31
68
24
238
339
107
366
299
344
226
52
68
7
356
132
7
31
68
339
107
366
299
344
226
52
68
7
356
132
7
31
68
99
