91
144
395
4
149
392
18
177
344
24
344
386
263
312
139
346
24
316
103
23
347
24
316
22
136
395
312
71
386
114
9
378
392
319
395
297
25
344
139
346
24
316
103
23
347
24
316
22
136
394
0
111
282
291
19
0
7
92
394
326
9
231
241
330
294
392
203
24
344
386
333
73
22
139
346
24
316
73
23
347
24
316
22
136
163
392
263
19
277
333
9
163
392
26
359
333
73
22
183
167
19
344
395
193
231
292
139
346
24
316
73
23
347
24
316
22
136
316
194
235
55
379
338
56
201
333
213
231
334
68
115
11
0
88
231
194
205
372
149
212
331
225
316
243
19
392
56
167
333
231
395
147
378
395
195
127
244
371
344
395
130
342
395
183
210
132
235
55
333
355
125
24
344
355
386
395
297
25
139
346
24
316
103
23
347
24
316
22
136
242
333
73
22
139
346
24
316
73
23
347
24
316
22
136
344
97
333
202
371
392
56
39
0
231
161
195
129
344
274
395
25
127
7
303
139
139
316
295
300
231
333
68
45
163
393
221
277
107
132
355
189
358
185
189
358
