91
144
332
395
311
22
139
346
24
244
23
347
24
316
22
136
179
367
127
392
344
395
312
392
385
277
333
126
342
9
220
25
120
220
136
111
282
0
7
92
372
149
14
395
25
246
312
28
0
330
241
292
392
137
344
63
380
344
269
395
242
294
344
358
127
372
282
335
339
189
392
158
344
213
395
2
36
323
344
167
344
395
25
139
346
24
244
23
347
24
316
22
136
386
333
107
375
359
344
386
392
152
98
392
263
333
73
22
220
183
358
344
395
193
231
292
139
346
24
73
347
24
316
22
136
19
277
14
231
333
9
161
16
393
36
0
142
125
127
311
144
15
332
311
225
55
133
231
19
6
218
19
147
241
19
311
231
333
27
127
19
283
390
36
0
142
125
127
392
246
373
188
74
269
333
322
19
285
392
217
344
161
195
129
344
286
395
311
22
139
346
24
244
23
347
24
316
22
136
242
73
22
139
346
24
73
347
24
316
22
136
306
42
139
139
270
316
384
167
18
311
106
333
231
0
93
332
361
52
108
19
141
292
1
225
231
246
316
123
242
137
176
93
268
306
11
141
319
395
311
22
139
346
24
244
23
347
24
316
22
136
242
73
22
139
346
24
73
347
24
316
22
136
345
344
181
358
28
372
139
316
295
300
231
333
68
45
163
393
221
277
107
132
311
355
189
358
185
189
358
