71
116
280
345
153
144
377
26
392
98
339
131
167
225
88
381
221
181
358
235
333
55
231
165
376
355
344
137
0
176
377
201
316
121
304
322
19
320
41
124
195
265
88
112
227
16
227
259
66
152
344
280
227
31
197
344
296
395
333
7
328
333
7
328
31
165
376
355
179
258
344
177
392
344
246
124
195
265
88
167
253
19
235
55
131
225
342
227
16
227
259
377
0
359
231
0
339
19
170
112
385
138
392
19
395
119
0
231
377
201
0
307
256
28
374
28
138
392
0
59
344
205
305
85
316
349
55
188
1
316
191
137
333
235
122
12
19
304
212
303
90
231
7
127
165
376
355
270
163
392
26
344
32
392
26
373
344
290
18
169
365
332
43
125
395
290
339
107
366
299
344
226
52
165
376
355
356
132
165
376
355
344
280
227
31
197
344
296
395
333
7
328
333
7
328
31
165
376
355
179
258
344
177
392
344
246
124
195
265
88
167
253
19
235
55
131
225
342
227
16
227
259
377
0
359
231
0
339
19
170
112
385
138
392
19
395
119
0
231
377
201
0
307
256
28
374
28
138
392
0
59
344
205
305
85
316
349
55
188
1
316
191
137
333
235
122
12
19
304
212
303
90
231
7
127
165
376
355
270
163
392
26
344
32
392
26
373
344
290
18
169
365
332
43
125
395
290
339
107
366
299
344
226
52
165
376
355
356
132
165
376
355
332
43
125
395
290
339
107
366
299
344
226
52
165
376
355
356
132
165
376
355
99
