144
370
0
362
231
316
302
334
191
115
31
257
395
365
32
88
316
191
31
150
132
85
316
19
28
338
334
191
115
144
98
392
369
344
116
246
216
147
225
167
52
349
246
55
19
115
333
19
231
246
55
365
344
280
127
0
253
55
349
242
280
344
32
246
88
370
246
316
191
362
290
395
55
365
242
32
88
235
182
225
233
231
7
225
225
257
395
365
32
88
339
107
366
299
344
226
52
68
7
356
132
112
31
68
257
395
365
32
88
316
191
31
150
132
85
316
19
28
338
334
191
115
144
98
392
369
344
116
246
216
147
225
167
52
349
246
55
19
115
333
19
231
246
55
365
344
280
127
0
253
55
349
242
280
344
32
246
88
370
246
316
191
362
290
395
55
365
242
32
88
235
182
225
233
231
7
225
225
257
395
365
32
88
339
107
366
299
344
226
52
68
7
356
132
112
31
68
32
88
316
191
31
150
132
85
316
19
28
338
334
191
115
144
98
392
369
344
116
246
216
147
225
167
52
349
246
55
19
115
333
19
231
246
55
365
344
280
127
0
253
55
349
242
280
344
32
246
88
370
246
316
191
362
290
395
55
365
242
32
88
235
182
225
233
231
7
225
225
257
395
365
32
88
339
107
366
299
344
226
52
68
7
356
132
112
31
68
316
191
31
150
132
85
316
19
28
338
334
191
115
144
98
392
369
344
116
246
216
147
225
167
52
349
246
55
19
115
333
19
231
246
55
365
344
280
127
0
253
55
349
242
280
344
32
246
88
370
246
316
191
362
290
395
55
365
242
32
88
235
182
225
233
231
7
225
225
257
395
365
32
88
339
107
366
299
344
226
52
68
7
356
132
112
31
68
344
280
127
0
253
55
349
242
280
344
32
246
88
370
246
316
191
362
290
395
55
365
242
32
88
235
182
225
233
231
7
225
225
257
395
365
32
88
339
107
366
299
344
226
52
68
7
356
132
112
31
68
370
246
316
191
362
290
395
55
365
242
32
88
235
182
225
233
231
7
225
225
257
395
365
32
88
339
107
366
299
344
226
52
68
7
356
132
112
31
68
290
395
55
365
242
32
88
235
182
225
233
231
7
225
225
257
395
365
32
88
339
107
366
299
344
226
52
68
7
356
132
112
31
68
233
231
7
225
225
257
395
365
32
88
339
107
366
299
344
226
52
68
7
356
132
112
31
68
257
395
365
32
88
339
107
366
299
344
226
52
68
7
356
132
112
31
68
32
88
339
107
366
299
344
226
52
68
7
356
132
112
31
68
339
107
366
299
344
226
52
68
7
356
132
112
31
68
99
