91
144
38
161
340
392
36
0
142
125
127
246
65
31
308
355
215
392
18
316
19
392
307
3
344
246
86
25
214
177
52
24
386
395
25
224
139
346
24
316
103
23
347
24
316
22
136
242
24
344
308
386
333
73
22
139
346
24
316
73
23
347
24
316
22
136
392
359
394
277
333
332
71
386
395
374
312
220
25
120
220
111
282
220
330
294
282
241
127
291
19
157
7
92
152
246
316
26
109
344
340
19
272
336
179
220
19
220
344
116
246
316
97
167
334
388
19
231
333
389
335
383
149
333
322
231
117
19
309
384
316
344
334
19
344
123
395
319
395
25
139
346
24
316
103
23
347
24
316
22
136
287
242
308
344
395
193
231
73
22
292
139
346
24
316
73
23
347
24
316
22
136
161
195
129
344
286
180
306
139
139
316
295
300
231
333
68
45
163
393
221
277
107
132
308
355
189
358
185
189
358
