181
358
238
144
68
25
26
192
235
395
372
26
152
344
151
272
246
309
146
21
246
33
235
333
25
267
26
194
238
301
379
7
309
19
85
316
232
0
19
231
342
344
21
14
395
272
24
344
173
316
33
225
225
227
16
280
127
24
344
173
316
24
344
131
33
225
225
227
259
280
127
24
344
241
330
294
175
234
214
33
225
225
227
259
280
127
241
330
294
175
337
301
385
36
304
280
163
392
57
32
50
392
390
192
344
277
333
272
258
273
247
19
163
395
242
390
36
172
167
277
19
177
344
112
258
189
358
185
333
68
7
328
233
231
7
225
68
371
225
228
339
107
366
299
344
226
52
68
356
132
136
74
24
344
131
33
225
225
227
259
280
127
24
344
241
330
294
175
234
214
33
225
225
227
259
280
127
241
330
294
175
337
301
385
36
304
280
163
392
57
32
50
392
390
192
344
277
333
272
258
273
247
19
163
395
242
390
36
172
167
277
19
177
344
112
258
189
358
185
333
68
7
328
233
231
7
225
68
371
225
228
339
107
366
299
344
226
52
68
356
132
136
74
241
330
294
175
234
214
33
225
225
227
259
280
127
241
330
294
175
337
301
385
36
304
280
163
392
57
32
50
392
390
192
344
277
333
272
258
273
247
19
163
395
242
390
36
172
167
277
19
177
344
112
258
189
358
185
333
68
7
328
233
231
7
225
68
371
225
228
339
107
366
299
344
226
52
68
356
132
136
74
337
301
385
36
304
280
163
392
57
32
50
392
390
192
344
277
333
272
258
273
247
19
163
395
242
390
36
172
167
277
19
177
344
112
258
189
358
185
333
68
7
328
233
231
7
225
68
371
225
228
339
107
366
299
344
226
52
68
356
132
136
74
19
163
395
242
390
36
172
167
277
19
177
344
112
258
189
358
185
333
68
7
328
233
231
7
225
68
371
225
228
339
107
366
299
344
226
52
68
356
132
136
74
333
68
7
328
233
231
7
225
68
371
225
228
339
107
366
299
344
226
52
68
356
132
136
74
99
