144
246
320
146
358
384
372
26
180
179
342
344
97
377
392
385
39
144
333
355
231
25
127
7
179
224
239
392
385
24
127
7
19
291
167
333
352
22
157
297
167
333
118
385
36
235
333
231
395
25
310
395
344
39
0
345
24
224
225
225
225
130
225
225
225
233
231
352
7
225
225
339
107
366
299
344
226
52
333
355
231
356
132
333
355
231
392
385
24
127
7
19
291
167
333
352
22
157
297
167
333
118
385
36
235
333
231
395
25
310
395
344
39
0
345
24
224
225
225
225
130
225
225
225
233
231
352
7
225
225
339
107
366
299
344
226
52
333
355
231
356
132
333
355
231
225
225
225
130
225
225
225
233
231
352
7
225
225
339
107
366
299
344
226
52
333
355
231
356
132
333
355
231
99
