182
225
225
225
258
181
358
68
25
182
225
225
225
91
144
395
177
344
0
307
268
235
333
68
295
19
25
267
19
52
222
87
7
82
333
68
25
179
0
231
225
210
301
94
127
154
292
298
268
235
333
392
369
344
116
167
395
68
295
19
25
267
132
123
333
287
125
344
333
68
111
394
149
333
240
344
29
272
19
188
1
377
213
344
392
333
68
295
19
123
333
287
125
211
182
225
227
227
259
280
152
6
19
395
25
182
225
227
227
259
280
152
333
68
111
182
225
227
227
259
280
152
333
68
25
19
286
182
225
227
227
259
280
152
372
156
392
56
181
358
68
25
392
56
32
14
301
242
63
231
213
172
344
392
167
392
335
301
385
36
19
34
152
127
363
233
231
352
7
147
222
87
167
225
228
397
225
355
231
222
87
339
107
366
299
344
226
52
355
231
222
87
356
132
14
7
107
6
19
395
25
182
225
227
227
259
280
152
333
68
111
182
225
227
227
259
280
152
333
68
25
19
286
182
225
227
227
259
280
152
372
156
392
56
181
358
68
25
392
56
32
14
301
242
63
231
213
172
344
392
167
392
335
301
385
36
19
34
152
127
363
233
231
352
7
147
222
87
167
225
228
397
225
355
231
222
87
339
107
366
299
344
226
52
355
231
222
87
356
132
14
7
107
333
68
111
182
225
227
227
259
280
152
333
68
25
19
286
182
225
227
227
259
280
152
372
156
392
56
181
358
68
25
392
56
32
14
301
242
63
231
213
172
344
392
167
392
335
301
385
36
19
34
152
127
363
233
231
352
7
147
222
87
167
225
228
397
225
355
231
222
87
339
107
366
299
344
226
52
355
231
222
87
356
132
14
7
107
333
68
111
182
225
227
227
259
280
152
333
68
25
19
286
182
225
227
227
259
280
152
372
156
392
56
181
358
68
25
392
56
32
14
301
242
63
231
213
172
344
392
167
392
335
301
385
36
19
34
152
127
363
233
231
352
7
147
222
87
167
225
228
397
225
355
231
222
87
339
107
366
299
344
226
52
355
231
222
87
356
132
14
7
107
333
68
25
19
286
182
225
227
227
259
280
152
372
156
392
56
181
358
68
25
392
56
32
14
301
242
63
231
213
172
344
392
167
392
335
301
385
36
19
34
152
127
363
233
231
352
7
147
222
87
167
225
228
397
225
355
231
222
87
339
107
366
299
344
226
52
355
231
222
87
356
132
14
7
107
372
156
392
56
181
358
68
25
392
56
32
14
301
242
63
231
213
172
344
392
167
392
335
301
385
36
19
34
152
127
363
233
231
352
7
147
222
87
167
225
228
397
225
355
231
222
87
339
107
366
299
344
226
52
355
231
222
87
356
132
14
7
107
397
225
355
231
222
87
339
107
366
299
344
226
52
355
231
222
87
356
132
14
7
107
99
