153
144
113
40
386
0
124
313
19
395
179
275
224
163
392
63
344
326
180
165
376
355
25
127
7
179
224
194
392
56
24
359
333
165
376
25
130
242
333
73
25
336
26
202
276
344
24
344
152
26
333
165
376
355
179
350
391
167
0
28
333
225
68
167
165
19
225
167
333
358
127
52
386
212
331
167
19
291
247
104
391
235
246
354
231
106
387
273
231
113
25
384
137
24
392
36
31
246
10
221
237
332
50
212
331
225
231
165
376
316
127
291
242
30
144
188
212
1
246
25
267
19
137
310
235
395
22
345
372
156
344
277
395
25
306
333
7
328
165
376
355
339
107
366
299
344
226
52
165
376
355
356
132
165
376
355
130
242
333
73
25
336
26
202
276
344
24
344
152
26
333
165
376
355
179
350
391
167
0
28
333
225
68
167
165
19
225
167
333
358
127
52
386
212
331
167
19
291
247
104
391
235
246
354
231
106
387
273
231
113
25
384
137
24
392
36
31
246
10
221
237
332
50
212
331
225
231
165
376
316
127
291
242
30
144
188
212
1
246
25
267
19
137
310
235
395
22
345
372
156
344
277
395
25
306
333
7
328
165
376
355
339
107
366
299
344
226
52
165
376
355
356
132
165
376
355
336
26
202
276
344
24
344
152
26
333
165
376
355
179
350
391
167
0
28
333
225
68
167
165
19
225
167
333
358
127
52
386
212
331
167
19
291
247
104
391
235
246
354
231
106
387
273
231
113
25
384
137
24
392
36
31
246
10
221
237
332
50
212
331
225
231
165
376
316
127
291
242
30
144
188
212
1
246
25
267
19
137
310
235
395
22
345
372
156
344
277
395
25
306
333
7
328
165
376
355
339
107
366
299
344
226
52
165
376
355
356
132
165
376
355
144
188
212
1
246
25
267
19
137
310
235
395
22
345
372
156
344
277
395
25
306
333
7
328
165
376
355
339
107
366
299
344
226
52
165
376
355
356
132
165
376
355
19
137
310
235
395
22
345
372
156
344
277
395
25
306
333
7
328
165
376
355
339
107
366
299
344
226
52
165
376
355
356
132
165
376
355
99
