237
0
231
316
149
297
344
24
344
355
386
246
5
25
139
346
24
316
103
23
347
24
316
22
136
144
392
26
236
231
335
28
0
206
231
339
392
26
344
333
126
9
392
399
277
0
92
387
350
392
399
220
25
120
392
399
149
220
111
344
372
149
15
330
294
241
19
372
399
29
392
127
18
163
392
263
395
373
344
319
333
73
22
139
346
24
316
73
23
347
24
316
22
136
358
344
395
193
231
292
19
201
323
392
277
113
9
193
144
161
109
392
344
24
345
38
161
340
392
390
132
333
374
115
269
161
195
129
344
277
395
5
25
139
346
24
316
103
23
347
24
316
22
136
242
395
73
22
139
346
24
316
73
23
347
24
316
22
136
306
303
139
270
167
333
279
231
355
179
237
225
210
132
332
392
399
36
132
389
65
19
44
64
174
240
319
395
5
25
139
346
24
316
103
23
347
24
316
22
136
242
333
73
22
139
346
24
316
73
23
347
24
316
22
136
345
344
181
358
139
316
295
300
231
333
68
45
163
393
221
277
107
132
355
189
358
185
189
358
