230
149
58
28
28
334
172
27
17
293
7
379
385
230
326
392
144
132
333
344
333
132
333
344
333
132
333
344
333
123
18
58
392
63
394
333
344
24
377
392
188
167
333
152
344
389
274
314
113
113
167
333
19
113
19
167
334
249
371
149
344
333
320
167
333
14
231
335
204
344
342
19
341
50
213
231
14
338
151
204
167
214
344
30
31
230
149
58
28
28
334
172
344
333
231
2
334
9
231
389
115
19
26
264
344
334
249
188
334
314
274
1
191
31
230
235
333
230
68
231
27
19
293
7
255
225
225
225
107
69
225
102
68
308
230
234
225
339
107
366
299
344
226
52
230
68
356
132
230
68
7
113
113
167
333
19
113
19
167
334
249
371
149
344
333
320
167
333
14
231
335
204
344
342
19
341
50
213
231
14
338
151
204
167
214
344
30
31
230
149
58
28
28
334
172
344
333
231
2
334
9
231
389
115
19
26
264
344
334
249
188
334
314
274
1
191
31
230
235
333
230
68
231
27
19
293
7
255
225
225
225
107
69
225
102
68
308
230
234
225
339
107
366
299
344
226
52
230
68
356
132
230
68
7
230
149
58
28
28
334
172
344
333
231
2
334
9
231
389
115
19
26
264
344
334
249
188
334
314
274
1
191
31
230
235
333
230
68
231
27
19
293
7
255
225
225
225
107
69
225
102
68
308
230
234
225
339
107
366
299
344
226
52
230
68
356
132
230
68
7
274
1
191
31
230
235
333
230
68
231
27
19
293
7
255
225
225
225
107
69
225
102
68
308
230
234
225
339
107
366
299
344
226
52
230
68
356
132
230
68
7
68
231
27
19
293
7
255
225
225
225
107
69
225
102
68
308
230
234
225
339
107
366
299
344
226
52
230
68
356
132
230
68
7
107
69
225
102
68
308
230
234
225
339
107
366
299
344
226
52
230
68
356
132
230
68
7
99
