91
144
344
333
388
19
115
231
333
124
136
351
74
392
26
177
344
339
124
124
112
124
124
124
136
117
33
225
227
227
259
280
152
124
124
179
0
14
1
333
166
231
19
361
167
36
392
26
140
344
36
333
124
167
395
119
344
32
68
333
124
344
247
231
311
242
333
124
344
75
218
19
95
337
26
112
127
180
385
269
392
386
285
19
170
235
158
344
333
25
267
19
36
320
168
132
351
117
19
124
124
179
252
231
333
19
115
31
351
382
333
388
19
115
231
351
316
117
19
231
333
355
132
115
19
2
172
385
302
334
235
158
351
146
334
320
258
121
130
344
302
339
177
386
20
244
316
384
203
36
26
373
163
392
149
272
258
335
344
303
90
231
7
19
122
12
333
355
231
62
68
7
351
321
301
397
355
231
62
266
261
351
333
73
19
25
392
277
339
107
38
392
149
170
132
333
355
231
62
242
392
235
0
330
332
392
375
172
167
277
170
132
68
339
107
366
299
344
226
52
333
355
231
62
356
132
333
355
231
62
124
124
179
0
14
1
333
166
231
19
361
167
36
392
26
140
344
36
333
124
167
395
119
344
32
68
333
124
344
247
231
311
242
333
124
344
75
218
19
95
337
26
112
127
180
385
269
392
386
285
19
170
235
158
344
333
25
267
19
36
320
168
132
351
117
19
124
124
179
252
231
333
19
115
31
351
382
333
388
19
115
231
351
316
117
19
231
333
355
132
115
19
2
172
385
302
334
235
158
351
146
334
320
258
121
130
344
302
339
177
386
20
244
316
384
203
36
26
373
163
392
149
272
258
335
344
303
90
231
7
19
122
12
333
355
231
62
68
7
351
321
301
397
355
231
62
266
261
351
333
73
19
25
392
277
339
107
38
392
149
170
132
333
355
231
62
242
392
235
0
330
332
392
375
172
167
277
170
132
68
339
107
366
299
344
226
52
333
355
231
62
356
132
333
355
231
62
333
124
344
247
231
311
242
333
124
344
75
218
19
95
337
26
112
127
180
385
269
392
386
285
19
170
235
158
344
333
25
267
19
36
320
168
132
351
117
19
124
124
179
252
231
333
19
115
31
351
382
333
388
19
115
231
351
316
117
19
231
333
355
132
115
19
2
172
385
302
334
235
158
351
146
334
320
258
121
130
344
302
339
177
386
20
244
316
384
203
36
26
373
163
392
149
272
258
335
344
303
90
231
7
19
122
12
333
355
231
62
68
7
351
321
301
397
355
231
62
266
261
351
333
73
19
25
392
277
339
107
38
392
149
170
132
333
355
231
62
242
392
235
0
330
332
392
375
172
167
277
170
132
68
339
107
366
299
344
226
52
333
355
231
62
356
132
333
355
231
62
351
333
73
19
25
392
277
339
107
38
392
149
170
132
333
355
231
62
242
392
235
0
330
332
392
375
172
167
277
170
132
68
339
107
366
299
344
226
52
333
355
231
62
356
132
333
355
231
62
99
