310
118
225
25
127
7
344
179
238
224
75
19
319
395
25
344
379
115
19
333
385
264
392
127
389
60
320
25
89
105
92
161
223
225
105
5
223
225
105
92
225
92
225
24
224
19
392
385
36
77
127
136
2
291
240
231
333
25
19
89
385
330
241
127
124
391
352
25
7
19
291
76
386
395
7
82
395
7
82
385
36
395
253
341
333
25
267
19
56
21
395
272
333
371
123
395
31
53
358
31
225
225
225
242
225
225
225
242
358
31
225
225
225
372
195
129
344
286
395
25
306
352
7
225
225
225
179
18
240
171
339
107
366
299
344
226
52
352
7
356
132
233
231
352
7
223
225
105
5
223
225
105
92
225
92
225
24
224
19
392
385
36
77
127
136
2
291
240
231
333
25
19
89
385
330
241
127
124
391
352
25
7
19
291
76
386
395
7
82
395
7
82
385
36
395
253
341
333
25
267
19
56
21
395
272
333
371
123
395
31
53
358
31
225
225
225
242
225
225
225
242
358
31
225
225
225
372
195
129
344
286
395
25
306
352
7
225
225
225
179
18
240
171
339
107
366
299
344
226
52
352
7
356
132
233
231
352
7
225
92
225
24
224
19
392
385
36
77
127
136
2
291
240
231
333
25
19
89
385
330
241
127
124
391
352
25
7
19
291
76
386
395
7
82
395
7
82
385
36
395
253
341
333
25
267
19
56
21
395
272
333
371
123
395
31
53
358
31
225
225
225
242
225
225
225
242
358
31
225
225
225
372
195
129
344
286
395
25
306
352
7
225
225
225
179
18
240
171
339
107
366
299
344
226
52
352
7
356
132
233
231
352
7
19
392
385
36
77
127
136
2
291
240
231
333
25
19
89
385
330
241
127
124
391
352
25
7
19
291
76
386
395
7
82
395
7
82
385
36
395
253
341
333
25
267
19
56
21
395
272
333
371
123
395
31
53
358
31
225
225
225
242
225
225
225
242
358
31
225
225
225
372
195
129
344
286
395
25
306
352
7
225
225
225
179
18
240
171
339
107
366
299
344
226
52
352
7
356
132
233
231
352
7
53
358
31
225
225
225
242
225
225
225
242
358
31
225
225
225
372
195
129
344
286
395
25
306
352
7
225
225
225
179
18
240
171
339
107
366
299
344
226
52
352
7
356
132
233
231
352
7
99
