363
167
377
0
88
167
333
191
31
159
179
192
336
399
288
220
43
371
344
185
331
52
61
247
333
191
355
167
253
181
358
127
18
239
157
235
182
225
239
157
280
127
18
239
157
235
182
225
382
385
138
395
119
333
59
344
365
55
127
0
88
150
132
117
19
309
1
200
19
6
231
395
172
19
212
179
56
399
201
180
163
392
56
399
32
246
182
225
239
157
242
392
399
195
127
0
236
235
236
115
189
399
288
290
180
257
127
246
244
118
239
157
112
0
349
242
0
364
301
361
2
365
348
276
63
344
36
31
154
260
355
113
316
277
18
106
167
18
386
154
260
355
236
355
154
260
225
225
227
372
277
395
78
170
132
316
295
300
163
392
263
221
344
277
107
132
154
260
355
66
152
344
356
377
0
88
167
333
191
31
159
179
192
336
399
288
220
43
371
344
185
331
52
61
247
333
191
355
167
253
181
358
127
18
239
157
235
182
225
239
157
280
127
18
239
157
235
182
225
382
385
138
395
119
333
59
344
365
55
127
0
88
150
132
117
19
309
1
200
19
6
231
395
172
19
212
179
56
399
201
180
163
392
56
399
32
246
182
225
239
157
242
392
399
195
127
0
236
235
236
115
189
399
288
290
180
257
127
246
244
118
239
157
112
0
349
242
0
364
301
361
2
365
348
276
63
344
36
31
154
260
355
113
316
277
18
106
167
18
386
154
260
355
236
355
154
260
225
225
227
372
277
395
78
170
132
316
295
300
163
392
263
221
344
277
107
132
154
260
355
66
152
344
356
257
127
246
244
118
239
157
112
0
349
242
0
364
301
361
2
365
348
276
63
344
36
31
154
260
355
113
316
277
18
106
167
18
386
154
260
355
236
355
154
260
225
225
227
372
277
395
78
170
132
316
295
300
163
392
263
221
344
277
107
132
154
260
355
66
152
344
356
2
365
348
276
63
344
36
31
154
260
355
113
316
277
18
106
167
18
386
154
260
355
236
355
154
260
225
225
227
372
277
395
78
170
132
316
295
300
163
392
263
221
344
277
107
132
154
260
355
66
152
344
356
365
348
276
63
344
36
31
154
260
355
113
316
277
18
106
167
18
386
154
260
355
236
355
154
260
225
225
227
372
277
395
78
170
132
316
295
300
163
392
263
221
344
277
107
132
154
260
355
66
152
344
356
348
276
63
344
36
31
154
260
355
113
316
277
18
106
167
18
386
154
260
355
236
355
154
260
225
225
227
372
277
395
78
170
132
316
295
300
163
392
263
221
344
277
107
132
154
260
355
66
152
344
356
63
344
36
31
154
260
355
113
316
277
18
106
167
18
386
154
260
355
236
355
154
260
225
225
227
372
277
395
78
170
132
316
295
300
163
392
263
221
344
277
107
132
154
260
355
66
152
344
356
99
