91
144
258
344
36
167
78
386
392
235
231
284
355
19
161
224
177
392
344
24
127
7
359
333
73
22
139
346
24
316
347
24
316
22
136
242
333
25
139
346
24
316
347
24
316
22
136
333
348
216
355
52
358
17
389
284
179
155
344
316
19
117
384
26
344
283
19
116
19
246
167
355
333
213
231
106
19
171
76
316
386
167
174
283
19
115
39
0
252
231
246
389
74
231
19
340
333
52
24
345
386
333
73
22
139
346
24
316
347
24
316
22
136
242
333
25
139
346
24
316
347
24
316
22
136
258
332
284
355
179
330
241
304
392
26
221
282
344
319
330
294
292
19
278
56
36
299
344
358
11
392
319
395
25
161
195
129
344
286
395
25
303
139
270
163
395
359
333
73
22
392
56
284
344
395
193
231
292
152
139
346
24
316
347
24
316
22
136
392
15
149
333
241
344
319
333
25
139
346
24
316
347
24
316
22
136
163
392
263
163
392
149
319
395
25
258
339
74
180
56
326
88
127
358
344
267
25
372
195
129
344
274
395
139
316
295
300
231
333
68
45
163
393
221
277
107
132
284
355
189
358
185
189
358
