375
72
344
201
246
106
3
27
17
293
7
340
1
158
394
10
230
144
304
26
372
230
212
331
225
99
344
122
12
104
391
383
122
12
56
152
26
333
213
166
344
185
225
372
205
225
231
122
217
127
14
316
392
56
137
0
231
395
122
12
52
359
246
225
372
232
136
291
14
218
25
167
118
225
385
277
0
227
230
72
291
19
113
316
231
122
217
385
36
77
127
291
28
252
231
333
25
286
267
116
122
12
372
332
113
119
179
354
19
109
392
344
78
358
163
392
149
122
12
272
395
68
359
68
231
27
19
293
7
255
225
225
225
107
69
225
102
68
308
230
234
225
339
107
366
299
344
226
52
230
68
356
132
230
68
7
225
372
232
136
291
14
218
25
167
118
225
385
277
0
227
230
72
291
19
113
316
231
122
217
385
36
77
127
291
28
252
231
333
25
286
267
116
122
12
372
332
113
119
179
354
19
109
392
344
78
358
163
392
149
122
12
272
395
68
359
68
231
27
19
293
7
255
225
225
225
107
69
225
102
68
308
230
234
225
339
107
366
299
344
226
52
230
68
356
132
230
68
7
19
113
316
231
122
217
385
36
77
127
291
28
252
231
333
25
286
267
116
122
12
372
332
113
119
179
354
19
109
392
344
78
358
163
392
149
122
12
272
395
68
359
68
231
27
19
293
7
255
225
225
225
107
69
225
102
68
308
230
234
225
339
107
366
299
344
226
52
230
68
356
132
230
68
7
372
332
113
119
179
354
19
109
392
344
78
358
163
392
149
122
12
272
395
68
359
68
231
27
19
293
7
255
225
225
225
107
69
225
102
68
308
230
234
225
339
107
366
299
344
226
52
230
68
356
132
230
68
7
68
231
27
19
293
7
255
225
225
225
107
69
225
102
68
308
230
234
225
339
107
366
299
344
226
52
230
68
356
132
230
68
7
107
69
225
102
68
308
230
234
225
339
107
366
299
344
226
52
230
68
356
132
230
68
7
99
