153
144
123
333
287
200
56
36
50
392
149
151
28
0
90
231
7
29
127
235
158
344
63
333
42
125
200
19
58
214
140
344
278
179
68
17
58
58
116
112
380
392
149
0
58
167
242
395
1
95
200
68
17
58
179
0
142
256
344
310
339
321
268
179
364
19
130
68
17
58
182
225
19
182
225
227
16
19
227
259
344
0
392
56
63
357
344
332
134
58
152
183
0
231
333
225
344
63
132
94
49
19
170
94
94
167
362
132
344
158
179
359
167
94
293
173
19
139
317
195
127
167
333
231
139
280
179
167
202
304
280
105
127
333
42
297
336
15
241
68
257
149
14
333
170
392
217
127
0
320
68
295
189
204
185
377
272
392
149
152
344
151
326
30
17
90
231
7
171
231
225
101
229
225
333
170
168
179
237
127
333
253
242
344
382
180
179
19
203
20
286
242
244
359
231
242
326
231
20
5
167
339
170
52
253
242
244
331
333
179
163
392
277
339
167
258
78
333
19
20
231
339
170
225
339
107
366
299
344
226
52
356
132
7
253
58
116
112
380
392
149
0
58
167
242
395
1
95
200
68
17
58
179
0
142
256
344
310
339
321
268
179
364
19
130
68
17
58
182
225
19
182
225
227
16
19
227
259
344
0
392
56
63
357
344
332
134
58
152
183
0
231
333
225
344
63
132
94
49
19
170
94
94
167
362
132
344
158
179
359
167
94
293
173
19
139
317
195
127
167
333
231
139
280
179
167
202
304
280
105
127
333
42
297
336
15
241
68
257
149
14
333
170
392
217
127
0
320
68
295
189
204
185
377
272
392
149
152
344
151
326
30
17
90
231
7
171
231
225
101
229
225
333
170
168
179
237
127
333
253
242
344
382
180
179
19
203
20
286
242
244
359
231
242
326
231
20
5
167
339
170
52
253
242
244
331
333
179
163
392
277
339
167
258
78
333
19
20
231
339
170
225
339
107
366
299
344
226
52
356
132
7
253
344
63
132
94
49
19
170
94
94
167
362
132
344
158
179
359
167
94
293
173
19
139
317
195
127
167
333
231
139
280
179
167
202
304
280
105
127
333
42
297
336
15
241
68
257
149
14
333
170
392
217
127
0
320
68
295
189
204
185
377
272
392
149
152
344
151
326
30
17
90
231
7
171
231
225
101
229
225
333
170
168
179
237
127
333
253
242
344
382
180
179
19
203
20
286
242
244
359
231
242
326
231
20
5
167
339
170
52
253
242
244
331
333
179
163
392
277
339
167
258
78
333
19
20
231
339
170
225
339
107
366
299
344
226
52
356
132
7
253
179
167
202
304
280
105
127
333
42
297
336
15
241
68
257
149
14
333
170
392
217
127
0
320
68
295
189
204
185
377
272
392
149
152
344
151
326
30
17
90
231
7
171
231
225
101
229
225
333
170
168
179
237
127
333
253
242
344
382
180
179
19
203
20
286
242
244
359
231
242
326
231
20
5
167
339
170
52
253
242
244
331
333
179
163
392
277
339
167
258
78
333
19
20
231
339
170
225
339
107
366
299
344
226
52
356
132
7
253
99
