11
225
391
375
201
180
144
372
149
44
127
333
134
231
49
19
31
11
225
391
231
264
348
49
375
344
344
392
333
292
231
49
19
31
355
40
118
225
333
42
19
134
49
385
235
18
352
49
106
192
220
244
19
372
340
392
36
0
142
125
377
231
98
392
369
344
39
392
203
185
358
28
333
225
190
27
68
167
378
333
292
231
49
19
355
385
36
236
231
237
225
190
27
171
167
333
216
386
0
292
231
49
19
333
237
236
167
333
381
179
332
166
38
339
231
0
190
27
19
188
115
269
264
127
320
167
49
19
167
191
398
19
394
237
123
180
31
339
114
395
395
221
152
377
19
49
225
19
233
231
136
146
344
161
16
304
114
1
333
292
231
49
19
386
0
190
27
106
292
167
333
389
56
98
350
374
31
236
342
144
305
231
333
42
167
49
40
334
58
386
0
93
132
188
212
19
123
247
158
392
56
39
236
231
335
127
355
225
102
225
225
225
225
225
339
107
366
299
344
226
52
355
356
132
355
392
203
185
358
28
333
225
190
27
68
167
378
333
292
231
49
19
355
385
36
236
231
237
225
190
27
171
167
333
216
386
0
292
231
49
19
333
237
236
167
333
381
179
332
166
38
339
231
0
190
27
19
188
115
269
264
127
320
167
49
19
167
191
398
19
394
237
123
180
31
339
114
395
395
221
152
377
19
49
225
19
233
231
136
146
344
161
16
304
114
1
333
292
231
49
19
386
0
190
27
106
292
167
333
389
56
98
350
374
31
236
342
144
305
231
333
42
167
49
40
334
58
386
0
93
132
188
212
19
123
247
158
392
56
39
236
231
335
127
355
225
102
225
225
225
225
225
339
107
366
299
344
226
52
355
356
132
355
19
123
247
158
392
56
39
236
231
335
127
355
225
102
225
225
225
225
225
339
107
366
299
344
226
52
355
356
132
355
99
