188
212
1
365
175
19
212
7
91
144
380
395
183
310
395
68
295
242
180
374
375
152
344
151
392
123
333
287
292
375
344
151
392
137
344
185
19
97
163
180
333
287
125
127
392
152
158
344
137
310
225
365
55
394
150
132
18
7
82
19
85
316
167
18
170
301
19
55
349
163
392
57
201
180
344
55
372
232
364
365
225
290
18
175
383
241
175
26
0
142
371
344
322
395
25
19
56
36
167
253
383
395
365
55
242
238
19
392
149
344
24
290
395
175
225
205
85
316
123
244
316
384
302
172
19
274
212
1
377
180
192
344
36
0
316
372
156
344
296
392
339
321
333
7
328
233
231
352
7
225
315
225
339
107
366
299
344
226
52
7
356
132
355
394
150
132
18
7
82
19
85
316
167
18
170
301
19
55
349
163
392
57
201
180
344
55
372
232
364
365
225
290
18
175
383
241
175
26
0
142
371
344
322
395
25
19
56
36
167
253
383
395
365
55
242
238
19
392
149
344
24
290
395
175
225
205
85
316
123
244
316
384
302
172
19
274
212
1
377
180
192
344
36
0
316
372
156
344
296
392
339
321
333
7
328
233
231
352
7
225
315
225
339
107
366
299
344
226
52
7
356
132
355
225
290
18
175
383
241
175
26
0
142
371
344
322
395
25
19
56
36
167
253
383
395
365
55
242
238
19
392
149
344
24
290
395
175
225
205
85
316
123
244
316
384
302
172
19
274
212
1
377
180
192
344
36
0
316
372
156
344
296
392
339
321
333
7
328
233
231
352
7
225
315
225
339
107
366
299
344
226
52
7
356
132
355
383
241
175
26
0
142
371
344
322
395
25
19
56
36
167
253
383
395
365
55
242
238
19
392
149
344
24
290
395
175
225
205
85
316
123
244
316
384
302
172
19
274
212
1
377
180
192
344
36
0
316
372
156
344
296
392
339
321
333
7
328
233
231
352
7
225
315
225
339
107
366
299
344
226
52
7
356
132
355
1
377
180
192
344
36
0
316
372
156
344
296
392
339
321
333
7
328
233
231
352
7
225
315
225
339
107
366
299
344
226
52
7
356
132
355
99
