392
26
333
144
372
26
344
150
132
392
344
43
158
392
31
61
247
246
111
25
282
344
296
158
392
76
386
337
272
246
321
173
149
84
321
344
392
28
392
310
236
163
395
242
390
36
172
167
277
19
177
344
112
258
189
358
185
333
68
7
328
233
231
7
225
68
371
225
228
339
107
366
299
344
226
52
68
356
132
136
74
25
282
344
296
158
392
76
386
337
272
246
321
173
149
84
321
344
392
28
392
310
236
163
395
242
390
36
172
167
277
19
177
344
112
258
189
358
185
333
68
7
328
233
231
7
225
68
371
225
228
339
107
366
299
344
226
52
68
356
132
136
74
344
392
28
392
310
236
163
395
242
390
36
172
167
277
19
177
344
112
258
189
358
185
333
68
7
328
233
231
7
225
68
371
225
228
339
107
366
299
344
226
52
68
356
132
136
74
333
68
7
328
233
231
7
225
68
371
225
228
339
107
366
299
344
226
52
68
356
132
136
74
99
