91
144
52
355
127
18
240
177
392
344
24
127
7
386
246
253
9
25
139
346
24
316
103
23
347
24
316
22
136
25
284
127
154
316
192
392
339
307
25
146
344
36
212
331
38
161
369
344
277
395
25
28
306
28
24
344
345
139
346
24
316
103
23
347
24
316
22
136
19
394
326
9
231
291
0
350
7
92
127
104
391
235
246
55
0
25
120
36
323
344
395
167
333
25
330
294
179
241
372
399
395
25
380
242
221
392
344
269
294
144
132
246
127
104
391
235
246
55
344
246
253
394
123
392
217
344
395
168
268
19
322
300
332
26
344
126
339
344
75
395
253
9
25
224
139
346
24
316
103
23
347
24
316
22
136
161
195
129
344
277
395
25
139
346
24
316
103
23
347
24
316
22
136
306
303
139
270
144
24
344
179
331
344
330
294
36
241
66
152
344
24
224
386
395
253
9
25
139
346
24
316
103
23
347
24
316
22
136
139
333
68
45
316
295
300
163
393
221
277
107
355
189
358
185
189
358
