395
2
144
26
392
52
21
19
333
272
344
29
98
392
192
180
378
283
19
146
395
215
235
180
392
192
0
152
392
395
249
386
333
19
231
110
117
19
309
38
333
2
115
31
145
179
1
395
19
379
392
369
180
344
326
392
369
344
185
212
304
98
372
296
379
395
31
145
19
163
395
310
344
340
392
296
396
152
372
177
392
344
319
333
19
25
345
303
145
68
233
231
7
270
372
205
225
231
395
122
217
237
0
231
68
19
355
212
331
227
167
333
311
56
332
145
68
233
231
7
225
251
315
145
162
225
225
225
225
225
145
68
179
72
344
0
261
231
167
231
7
108
19
157
19
167
3
344
19
167
180
106
268
300
242
6
220
253
36
235
333
231
216
242
135
135
19
312
242
395
266
179
166
344
358
28
179
395
169
339
107
366
299
344
226
52
145
68
356
132
145
68
144
26
392
52
21
19
333
272
344
29
98
392
192
180
378
283
19
146
395
215
235
180
392
192
0
152
392
395
249
386
333
19
231
110
117
19
309
38
333
2
115
31
145
179
1
395
19
379
392
369
180
344
326
392
369
344
185
212
304
98
372
296
379
395
31
145
19
163
395
310
344
340
392
296
396
152
372
177
392
344
319
333
19
25
345
303
145
68
233
231
7
270
372
205
225
231
395
122
217
237
0
231
68
19
355
212
331
227
167
333
311
56
332
145
68
233
231
7
225
251
315
145
162
225
225
225
225
225
145
68
179
72
344
0
261
231
167
231
7
108
19
157
19
167
3
344
19
167
180
106
268
300
242
6
220
253
36
235
333
231
216
242
135
135
19
312
242
395
266
179
166
344
358
28
179
395
169
339
107
366
299
344
226
52
145
68
356
132
145
68
296
379
395
31
145
19
163
395
310
344
340
392
296
396
152
372
177
392
344
319
333
19
25
345
303
145
68
233
231
7
270
372
205
225
231
395
122
217
237
0
231
68
19
355
212
331
227
167
333
311
56
332
145
68
233
231
7
225
251
315
145
162
225
225
225
225
225
145
68
179
72
344
0
261
231
167
231
7
108
19
157
19
167
3
344
19
167
180
106
268
300
242
6
220
253
36
235
333
231
216
242
135
135
19
312
242
395
266
179
166
344
358
28
179
395
169
339
107
366
299
344
226
52
145
68
356
132
145
68
345
303
145
68
233
231
7
270
372
205
225
231
395
122
217
237
0
231
68
19
355
212
331
227
167
333
311
56
332
145
68
233
231
7
225
251
315
145
162
225
225
225
225
225
145
68
179
72
344
0
261
231
167
231
7
108
19
157
19
167
3
344
19
167
180
106
268
300
242
6
220
253
36
235
333
231
216
242
135
135
19
312
242
395
266
179
166
344
358
28
179
395
169
339
107
366
299
344
226
52
145
68
356
132
145
68
99
