333
68
295
267
91
144
246
122
12
26
275
344
333
95
231
12
19
122
12
339
219
385
247
333
371
344
201
68
212
10
167
122
12
33
225
280
163
395
340
1
310
395
25
339
179
0
240
247
333
73
25
235
33
225
385
138
392
333
19
344
310
395
73
25
386
161
156
344
296
392
242
219
42
225
96
231
7
7
225
35
308
225
225
225
225
225
339
107
366
299
344
226
52
68
356
132
68
163
395
340
1
310
395
25
339
179
0
240
247
333
73
25
235
33
225
385
138
392
333
19
344
310
395
73
25
386
161
156
344
296
392
242
219
42
225
96
231
7
7
225
35
308
225
225
225
225
225
339
107
366
299
344
226
52
68
356
132
68
235
33
225
385
138
392
333
19
344
310
395
73
25
386
161
156
344
296
392
242
219
42
225
96
231
7
7
225
35
308
225
225
225
225
225
339
107
366
299
344
226
52
68
356
132
68
99
