150
132
85
316
1
381
338
197
24
188
212
365
191
179
31
70
68
144
152
381
246
316
197
194
19
188
31
214
68
82
204
344
70
68
161
284
38
161
357
235
333
19
194
167
0
311
194
152
179
95
331
336
304
161
197
1
191
333
344
55
11
372
75
0
225
19
333
55
26
305
231
214
31
161
149
0
68
74
161
197
225
144
0
197
373
74
179
367
127
392
167
70
188
212
1
333
358
19
290
395
55
365
306
365
225
308
70
225
225
225
225
397
225
70
68
14
287
284
356
132
74
132
70
68
339
107
366
299
344
226
52
70
68
233
231
7
356
132
70
68
188
212
365
191
179
31
70
68
144
152
381
246
316
197
194
19
188
31
214
68
82
204
344
70
68
161
284
38
161
357
235
333
19
194
167
0
311
194
152
179
95
331
336
304
161
197
1
191
333
344
55
11
372
75
0
225
19
333
55
26
305
231
214
31
161
149
0
68
74
161
197
225
144
0
197
373
74
179
367
127
392
167
70
188
212
1
333
358
19
290
395
55
365
306
365
225
308
70
225
225
225
225
397
225
70
68
14
287
284
356
132
74
132
70
68
339
107
366
299
344
226
52
70
68
233
231
7
356
132
70
68
365
191
179
31
70
68
144
152
381
246
316
197
194
19
188
31
214
68
82
204
344
70
68
161
284
38
161
357
235
333
19
194
167
0
311
194
152
179
95
331
336
304
161
197
1
191
333
344
55
11
372
75
0
225
19
333
55
26
305
231
214
31
161
149
0
68
74
161
197
225
144
0
197
373
74
179
367
127
392
167
70
188
212
1
333
358
19
290
395
55
365
306
365
225
308
70
225
225
225
225
397
225
70
68
14
287
284
356
132
74
132
70
68
339
107
366
299
344
226
52
70
68
233
231
7
356
132
70
68
191
179
31
70
68
144
152
381
246
316
197
194
19
188
31
214
68
82
204
344
70
68
161
284
38
161
357
235
333
19
194
167
0
311
194
152
179
95
331
336
304
161
197
1
191
333
344
55
11
372
75
0
225
19
333
55
26
305
231
214
31
161
149
0
68
74
161
197
225
144
0
197
373
74
179
367
127
392
167
70
188
212
1
333
358
19
290
395
55
365
306
365
225
308
70
225
225
225
225
397
225
70
68
14
287
284
356
132
74
132
70
68
339
107
366
299
344
226
52
70
68
233
231
7
356
132
70
68
306
365
225
308
70
225
225
225
225
397
225
70
68
14
287
284
356
132
74
132
70
68
339
107
366
299
344
226
52
70
68
233
231
7
356
132
70
68
225
308
70
225
225
225
225
397
225
70
68
14
287
284
356
132
74
132
70
68
339
107
366
299
344
226
52
70
68
233
231
7
356
132
70
68
397
225
70
68
14
287
284
356
132
74
132
70
68
339
107
366
299
344
226
52
70
68
233
231
7
356
132
70
68
132
74
132
70
68
339
107
366
299
344
226
52
70
68
233
231
7
356
132
70
68
99
