182
25
187
19
29
392
163
395
275
344
24
50
372
185
392
26
332
38
18
25
127
136
7
344
187
237
53
127
395
253
170
19
18
374
326
330
294
163
392
149
335
304
239
246
25
137
310
19
296
127
396
398
392
319
345
19
61
24
344
187
395
68
344
98
193
28
0
374
0
307
344
113
182
25
384
7
372
333
235
55
344
235
304
180
333
392
127
395
246
25
310
224
19
36
236
231
246
25
163
392
319
345
24
344
187
233
231
7
225
225
225
225
178
308
225
365
187
24
123
395
187
179
18
171
339
107
366
299
344
226
52
187
7
356
132
333
355
231
28
0
374
0
307
344
113
182
25
384
7
372
333
235
55
344
235
304
180
333
392
127
395
246
25
310
224
19
36
236
231
246
25
163
392
319
345
24
344
187
233
231
7
225
225
225
225
178
308
225
365
187
24
123
395
187
179
18
171
339
107
366
299
344
226
52
187
7
356
132
333
355
231
233
231
7
225
225
225
225
178
308
225
365
187
24
123
395
187
179
18
171
339
107
366
299
344
226
52
187
7
356
132
333
355
231
24
123
395
187
179
18
171
339
107
366
299
344
226
52
187
7
356
132
333
355
231
123
395
187
179
18
171
339
107
366
299
344
226
52
187
7
356
132
333
355
231
187
179
18
171
339
107
366
299
344
226
52
187
7
356
132
333
355
231
99
