363
167
369
344
116
163
333
191
355
179
127
392
383
372
399
302
158
344
116
235
395
249
372
109
392
344
358
212
304
372
56
86
333
170
392
277
372
399
79
344
269
333
170
332
172
392
213
1
159
384
372
26
159
26
56
98
19
338
253
19
377
372
98
159
316
76
386
19
137
58
341
159
231
322
361
2
365
348
276
63
344
36
31
154
260
355
113
316
277
18
106
167
18
386
154
260
355
236
355
154
260
225
225
227
372
277
395
78
170
132
316
295
300
163
392
263
221
344
277
107
132
154
260
355
66
152
344
356
369
344
116
163
333
191
355
179
127
392
383
372
399
302
158
344
116
235
395
249
372
109
392
344
358
212
304
372
56
86
333
170
392
277
372
399
79
344
269
333
170
332
172
392
213
1
159
384
372
26
159
26
56
98
19
338
253
19
377
372
98
159
316
76
386
19
137
58
341
159
231
322
361
2
365
348
276
63
344
36
31
154
260
355
113
316
277
18
106
167
18
386
154
260
355
236
355
154
260
225
225
227
372
277
395
78
170
132
316
295
300
163
392
263
221
344
277
107
132
154
260
355
66
152
344
356
2
365
348
276
63
344
36
31
154
260
355
113
316
277
18
106
167
18
386
154
260
355
236
355
154
260
225
225
227
372
277
395
78
170
132
316
295
300
163
392
263
221
344
277
107
132
154
260
355
66
152
344
356
365
348
276
63
344
36
31
154
260
355
113
316
277
18
106
167
18
386
154
260
355
236
355
154
260
225
225
227
372
277
395
78
170
132
316
295
300
163
392
263
221
344
277
107
132
154
260
355
66
152
344
356
348
276
63
344
36
31
154
260
355
113
316
277
18
106
167
18
386
154
260
355
236
355
154
260
225
225
227
372
277
395
78
170
132
316
295
300
163
392
263
221
344
277
107
132
154
260
355
66
152
344
356
63
344
36
31
154
260
355
113
316
277
18
106
167
18
386
154
260
355
236
355
154
260
225
225
227
372
277
395
78
170
132
316
295
300
163
392
263
221
344
277
107
132
154
260
355
66
152
344
356
99
