317
28
0
153
144
379
56
392
140
386
355
341
317
240
246
316
149
344
14
248
333
344
334
340
19
167
244
372
232
19
321
268
28
374
28
317
241
332
26
243
52
344
123
247
382
317
268
26
34
127
200
66
152
189
1
158
392
56
395
342
28
0
144
303
355
96
231
7
225
225
225
236
355
164
225
339
107
366
299
344
226
52
355
7
356
132
355
246
316
149
344
14
248
333
344
334
340
19
167
244
372
232
19
321
268
28
374
28
317
241
332
26
243
52
344
123
247
382
317
268
26
34
127
200
66
152
189
1
158
392
56
395
342
28
0
144
303
355
96
231
7
225
225
225
236
355
164
225
339
107
366
299
344
226
52
355
7
356
132
355
189
1
158
392
56
395
342
28
0
144
303
355
96
231
7
225
225
225
236
355
164
225
339
107
366
299
344
226
52
355
7
356
132
355
1
158
392
56
395
342
28
0
144
303
355
96
231
7
225
225
225
236
355
164
225
339
107
366
299
344
226
52
355
7
356
132
355
99
