333
179
333
313
167
246
25
267
75
395
22
225
372
369
392
344
36
264
344
319
395
42
25
144
332
381
375
392
1
246
2
333
355
231
329
186
282
316
344
334
154
292
19
330
294
341
66
333
41
344
188
212
1
333
267
158
344
75
344
75
395
392
385
217
0
231
395
154
292
19
395
330
294
392
395
19
294
28
338
235
395
154
292
242
294
285
61
247
337
362
235
158
344
75
333
149
272
1
158
344
319
395
365
246
36
0
272
123
395
7
82
152
127
20
272
392
203
149
15
121
130
344
107
8
242
53
225
225
225
375
344
151
225
225
225
102
8
225
316
300
48
186
225
225
44
44
266
261
24
365
10
339
107
366
299
344
226
52
355
231
329
356
132
333
355
231
329
186
158
344
75
344
75
395
392
385
217
0
231
395
154
292
19
395
330
294
392
395
19
294
28
338
235
395
154
292
242
294
285
61
247
337
362
235
158
344
75
333
149
272
1
158
344
319
395
365
246
36
0
272
123
395
7
82
152
127
20
272
392
203
149
15
121
130
344
107
8
242
53
225
225
225
375
344
151
225
225
225
102
8
225
316
300
48
186
225
225
44
44
266
261
24
365
10
339
107
366
299
344
226
52
355
231
329
356
132
333
355
231
329
186
235
158
344
75
333
149
272
1
158
344
319
395
365
246
36
0
272
123
395
7
82
152
127
20
272
392
203
149
15
121
130
344
107
8
242
53
225
225
225
375
344
151
225
225
225
102
8
225
316
300
48
186
225
225
44
44
266
261
24
365
10
339
107
366
299
344
226
52
355
231
329
356
132
333
355
231
329
186
36
0
272
123
395
7
82
152
127
20
272
392
203
149
15
121
130
344
107
8
242
53
225
225
225
375
344
151
225
225
225
102
8
225
316
300
48
186
225
225
44
44
266
261
24
365
10
339
107
366
299
344
226
52
355
231
329
356
132
333
355
231
329
186
272
123
395
7
82
152
127
20
272
392
203
149
15
121
130
344
107
8
242
53
225
225
225
375
344
151
225
225
225
102
8
225
316
300
48
186
225
225
44
44
266
261
24
365
10
339
107
366
299
344
226
52
355
231
329
356
132
333
355
231
329
186
127
20
272
392
203
149
15
121
130
344
107
8
242
53
225
225
225
375
344
151
225
225
225
102
8
225
316
300
48
186
225
225
44
44
266
261
24
365
10
339
107
366
299
344
226
52
355
231
329
356
132
333
355
231
329
186
242
53
225
225
225
375
344
151
225
225
225
102
8
225
316
300
48
186
225
225
44
44
266
261
24
365
10
339
107
366
299
344
226
52
355
231
329
356
132
333
355
231
329
186
24
365
10
339
107
366
299
344
226
52
355
231
329
356
132
333
355
231
329
186
339
107
366
299
344
226
52
355
231
329
356
132
333
355
231
329
186
99
