180
142
344
36
167
386
392
144
161
109
392
344
319
395
25
139
346
24
316
103
23
347
24
316
22
136
220
111
344
220
330
282
19
272
332
26
127
238
213
77
392
127
291
378
392
98
344
319
395
242
294
333
392
319
395
25
139
346
24
316
103
23
347
24
316
22
136
333
394
123
247
163
392
392
203
15
24
344
311
355
386
333
73
22
139
346
24
316
73
23
347
24
316
22
136
163
392
263
394
277
14
333
9
163
395
359
333
73
22
183
311
344
395
193
231
292
139
346
24
316
73
23
347
24
316
22
136
161
195
129
344
188
212
1
392
306
139
270
311
218
55
0
350
218
147
0
256
19
0
218
389
65
339
235
55
385
15
168
0
218
225
49
292
48
147
24
344
311
224
386
395
25
139
346
24
316
103
23
347
24
316
22
136
242
333
73
22
139
346
24
316
73
23
347
24
316
22
136
139
316
295
300
231
333
68
45
163
392
263
221
344
277
107
132
311
355
258
189
358
185
258
189
358
