153
144
61
167
344
201
323
392
277
214
177
344
24
127
7
19
291
139
346
24
316
347
24
316
22
136
344
333
355
231
64
24
224
386
246
25
139
346
24
316
347
24
316
22
136
242
73
22
139
346
24
316
347
24
316
22
136
220
382
236
392
63
394
132
220
294
282
220
111
220
231
278
127
2
291
127
7
176
333
355
268
161
156
339
177
146
395
1
246
37
44
55
179
155
344
316
384
29
272
295
127
21
19
60
333
389
19
338
14
149
236
167
73
338
375
201
333
114
92
1
333
134
332
392
26
345
344
24
344
345
31
246
307
359
246
25
139
346
24
316
347
24
316
22
136
242
73
22
139
346
24
316
347
24
316
22
136
303
139
139
316
295
300
231
333
68
45
163
393
221
277
107
132
333
355
231
189
358
185
189
358
