220
22
120
330
241
220
398
24
233
231
7
153
144
104
391
372
218
208
355
384
26
334
167
391
372
369
332
344
36
392
332
381
375
246
25
120
127
316
384
24
52
225
398
344
127
316
384
369
344
0
208
93
386
333
220
225
391
141
14
271
355
167
333
358
19
208
382
213
127
357
344
391
0
208
106
269
0
235
392
56
235
19
52
18
25
120
386
246
330
241
261
246
25
304
332
392
56
125
24
344
208
176
395
49
290
63
208
120
378
75
395
25
19
24
345
24
224
303
96
231
7
233
231
7
225
288
55
35
234
225
225
225
225
339
107
366
299
344
226
52
208
355
356
132
208
355
24
224
303
96
231
7
233
231
7
225
288
55
35
234
225
225
225
225
339
107
366
299
344
226
52
208
355
356
132
208
355
303
96
231
7
233
231
7
225
288
55
35
234
225
225
225
225
339
107
366
299
344
226
52
208
355
356
132
208
355
225
288
55
35
234
225
225
225
225
339
107
366
299
344
226
52
208
355
356
132
208
355
339
107
366
299
344
226
52
208
355
356
132
208
355
99
