91
144
344
24
127
7
344
355
139
346
24
316
244
23
347
24
316
22
136
28
0
25
137
310
235
395
25
224
139
346
24
316
244
23
347
24
316
22
136
19
326
9
231
374
168
0
25
120
220
282
330
294
291
0
225
7
92
231
14
25
344
201
323
392
14
333
9
193
319
395
25
139
346
24
316
244
23
347
24
316
22
136
287
144
394
227
88
31
19
378
392
333
167
104
231
227
88
394
36
264
344
194
0
191
231
161
0
316
386
395
4
167
333
19
395
72
390
36
18
125
127
225
391
231
19
34
167
246
65
179
19
399
247
235
395
59
344
36
0
252
231
246
355
24
224
386
395
25
139
346
24
316
244
23
347
24
316
22
136
303
139
139
316
295
300
231
333
68
45
163
393
221
277
107
132
333
355
189
358
185
189
358
