233
231
7
377
333
31
205
0
200
132
384
0
231
176
0
49
332
153
19
163
161
375
344
0
316
247
231
333
242
167
123
247
158
316
137
31
0
74
231
283
19
333
116
55
191
31
78
170
233
231
7
234
225
225
225
225
339
107
366
299
344
226
52
68
356
132
68
0
200
132
384
0
231
176
0
49
332
153
19
163
161
375
344
0
316
247
231
333
242
167
123
247
158
316
137
31
0
74
231
283
19
333
116
55
191
31
78
170
233
231
7
234
225
225
225
225
339
107
366
299
344
226
52
68
356
132
68
78
170
233
231
7
234
225
225
225
225
339
107
366
299
344
226
52
68
356
132
68
339
107
366
299
344
226
52
68
356
132
68
99
