28
0
167
395
316
243
74
242
328
98
392
386
242
1
19
92
201
56
20
31
20
342
31
81
292
333
282
344
337
179
0
231
246
200
185
158
344
0
231
19
179
344
36
0
320
19
341
65
19
283
240
31
333
171
235
316
333
344
151
20
242
243
273
180
188
212
1
246
354
83
58
240
19
371
344
76
386
358
52
370
246
170
362
352
7
233
81
355
229
225
225
225
339
107
366
299
344
226
52
81
292
352
7
356
132
292
231
19
19
283
240
31
333
171
235
316
333
344
151
20
242
243
273
180
188
212
1
246
354
83
58
240
19
371
344
76
386
358
52
370
246
170
362
352
7
233
81
355
229
225
225
225
339
107
366
299
344
226
52
81
292
352
7
356
132
292
231
19
316
333
344
151
20
242
243
273
180
188
212
1
246
354
83
58
240
19
371
344
76
386
358
52
370
246
170
362
352
7
233
81
355
229
225
225
225
339
107
366
299
344
226
52
81
292
352
7
356
132
292
231
19
352
7
233
81
355
229
225
225
225
339
107
366
299
344
226
52
81
292
352
7
356
132
292
231
19
339
107
366
299
344
226
52
81
292
352
7
356
132
292
231
19
99
