91
144
161
109
392
344
319
395
139
346
24
316
103
23
347
24
316
22
136
344
333
311
31
260
333
358
300
149
354
25
282
372
109
392
344
310
395
25
344
260
139
346
24
316
103
23
347
24
316
22
136
345
167
332
336
179
220
25
120
19
392
149
344
319
330
294
374
29
127
395
294
167
333
25
267
395
2
332
392
149
395
235
0
348
68
106
332
377
394
123
31
260
386
246
389
2
268
154
19
110
117
394
149
333
285
19
322
217
344
48
0
134
113
260
316
277
0
130
106
361
31
248
227
168
133
19
19
0
344
127
253
316
192
392
246
26
333
316
167
333
216
296
163
372
26
0
125
127
392
19
319
395
139
346
24
316
103
23
347
24
316
22
136
303
139
270
224
179
333
342
344
344
201
323
392
149
342
344
75
246
25
267
239
395
139
346
24
316
103
23
347
24
316
22
136
345
139
316
295
300
231
333
68
45
163
392
220
344
277
107
132
333
311
66
152
66
