352
7
153
144
311
355
179
248
227
14
375
179
392
310
395
25
345
344
39
252
231
333
188
212
1
246
225
7
152
310
395
25
25
343
359
395
253
107
221
0
292
269
107
344
201
323
392
20
166
25
132
311
24
224
311
355
233
231
352
7
55
225
225
326
0
364
349
231
246
55
339
107
366
299
344
226
52
311
7
356
132
311
355
339
107
366
299
344
226
52
311
7
356
132
311
355
339
107
366
299
344
226
52
311
7
356
132
311
355
339
107
366
299
344
226
52
311
7
356
132
311
355
339
107
366
299
344
226
52
311
7
356
132
311
355
339
107
366
299
344
226
52
311
7
356
132
311
355
99
