363
167
369
344
116
163
333
143
355
115
179
333
236
127
392
383
302
158
344
116
235
395
249
372
109
392
344
358
212
304
372
56
86
333
170
392
277
374
79
344
269
333
170
332
172
392
213
1
143
355
384
372
26
375
6
19
386
172
132
49
344
106
19
212
377
372
98
372
264
127
395
219
313
11
68
386
154
188
19
115
7
17
12
2
365
348
276
143
355
225
102
68
143
164
225
372
277
395
78
170
132
316
295
300
163
392
263
221
344
277
107
132
143
355
66
152
344
356
369
344
116
163
333
143
355
115
179
333
236
127
392
383
302
158
344
116
235
395
249
372
109
392
344
358
212
304
372
56
86
333
170
392
277
374
79
344
269
333
170
332
172
392
213
1
143
355
384
372
26
375
6
19
386
172
132
49
344
106
19
212
377
372
98
372
264
127
395
219
313
11
68
386
154
188
19
115
7
17
12
2
365
348
276
143
355
225
102
68
143
164
225
372
277
395
78
170
132
316
295
300
163
392
263
221
344
277
107
132
143
355
66
152
344
356
2
365
348
276
143
355
225
102
68
143
164
225
372
277
395
78
170
132
316
295
300
163
392
263
221
344
277
107
132
143
355
66
152
344
356
365
348
276
143
355
225
102
68
143
164
225
372
277
395
78
170
132
316
295
300
163
392
263
221
344
277
107
132
143
355
66
152
344
356
348
276
143
355
225
102
68
143
164
225
372
277
395
78
170
132
316
295
300
163
392
263
221
344
277
107
132
143
355
66
152
344
356
143
355
225
102
68
143
164
225
372
277
395
78
170
132
316
295
300
163
392
263
221
344
277
107
132
143
355
66
152
344
356
99
