372
369
344
296
392
235
55
339
118
246
55
365
26
94
127
392
372
232
235
55
241
344
125
113
290
200
172
19
242
169
365
263
61
247
14
333
371
392
56
365
46
167
253
41
365
394
277
0
55
349
52
0
85
316
19
205
386
18
7
82
2
117
26
34
280
127
0
365
289
365
395
365
385
231
0
349
231
55
52
0
85
316
395
55
349
179
372
385
149
7
82
19
316
34
344
21
395
272
280
127
0
289
365
365
46
333
181
358
127
0
354
365
344
55
332
168
18
231
46
0
349
231
55
386
0
85
316
19
18
240
344
29
272
231
18
7
82
280
127
225
280
127
225
365
268
52
340
231
200
167
339
365
88
179
127
392
280
127
225
280
127
225
365
88
181
358
127
0
307
268
127
172
167
200
209
19
280
127
225
307
365
268
337
268
385
151
392
48
0
76
344
46
52
110
386
246
55
74
395
365
385
168
0
355
386
0
316
0
225
210
55
349
52
0
85
316
0
117
205
19
18
240
344
386
395
7
82
365
46
225
301
365
46
225
301
46
88
225
46
88
225
88
223
225
61
247
246
365
250
127
212
170
78
333
7
233
31
242
225
225
225
397
225
46
355
225
46
35
164
225
225
225
225
339
107
366
299
344
226
52
46
355
356
132
46
355
289
365
395
365
385
231
0
349
231
55
52
0
85
316
395
55
349
179
372
385
149
7
82
19
316
34
344
21
395
272
280
127
0
289
365
365
46
333
181
358
127
0
354
365
344
55
332
168
18
231
46
0
349
231
55
386
0
85
316
19
18
240
344
29
272
231
18
7
82
280
127
225
280
127
225
365
268
52
340
231
200
167
339
365
88
179
127
392
280
127
225
280
127
225
365
88
181
358
127
0
307
268
127
172
167
200
209
19
280
127
225
307
365
268
337
268
385
151
392
48
0
76
344
46
52
110
386
246
55
74
395
365
385
168
0
355
386
0
316
0
225
210
55
349
52
0
85
316
0
117
205
19
18
240
344
386
395
7
82
365
46
225
301
365
46
225
301
46
88
225
46
88
225
88
223
225
61
247
246
365
250
127
212
170
78
333
7
233
31
242
225
225
225
397
225
46
355
225
46
35
164
225
225
225
225
339
107
366
299
344
226
52
46
355
356
132
46
355
365
46
333
181
358
127
0
354
365
344
55
332
168
18
231
46
0
349
231
55
386
0
85
316
19
18
240
344
29
272
231
18
7
82
280
127
225
280
127
225
365
268
52
340
231
200
167
339
365
88
179
127
392
280
127
225
280
127
225
365
88
181
358
127
0
307
268
127
172
167
200
209
19
280
127
225
307
365
268
337
268
385
151
392
48
0
76
344
46
52
110
386
246
55
74
395
365
385
168
0
355
386
0
316
0
225
210
55
349
52
0
85
316
0
117
205
19
18
240
344
386
395
7
82
365
46
225
301
365
46
225
301
46
88
225
46
88
225
88
223
225
61
247
246
365
250
127
212
170
78
333
7
233
31
242
225
225
225
397
225
46
355
225
46
35
164
225
225
225
225
339
107
366
299
344
226
52
46
355
356
132
46
355
280
127
225
365
268
52
340
231
200
167
339
365
88
179
127
392
280
127
225
280
127
225
365
88
181
358
127
0
307
268
127
172
167
200
209
19
280
127
225
307
365
268
337
268
385
151
392
48
0
76
344
46
52
110
386
246
55
74
395
365
385
168
0
355
386
0
316
0
225
210
55
349
52
0
85
316
0
117
205
19
18
240
344
386
395
7
82
365
46
225
301
365
46
225
301
46
88
225
46
88
225
88
223
225
61
247
246
365
250
127
212
170
78
333
7
233
31
242
225
225
225
397
225
46
355
225
46
35
164
225
225
225
225
339
107
366
299
344
226
52
46
355
356
132
46
355
365
268
52
340
231
200
167
339
365
88
179
127
392
280
127
225
280
127
225
365
88
181
358
127
0
307
268
127
172
167
200
209
19
280
127
225
307
365
268
337
268
385
151
392
48
0
76
344
46
52
110
386
246
55
74
395
365
385
168
0
355
386
0
316
0
225
210
55
349
52
0
85
316
0
117
205
19
18
240
344
386
395
7
82
365
46
225
301
365
46
225
301
46
88
225
46
88
225
88
223
225
61
247
246
365
250
127
212
170
78
333
7
233
31
242
225
225
225
397
225
46
355
225
46
35
164
225
225
225
225
339
107
366
299
344
226
52
46
355
356
132
46
355
280
127
225
365
88
181
358
127
0
307
268
127
172
167
200
209
19
280
127
225
307
365
268
337
268
385
151
392
48
0
76
344
46
52
110
386
246
55
74
395
365
385
168
0
355
386
0
316
0
225
210
55
349
52
0
85
316
0
117
205
19
18
240
344
386
395
7
82
365
46
225
301
365
46
225
301
46
88
225
46
88
225
88
223
225
61
247
246
365
250
127
212
170
78
333
7
233
31
242
225
225
225
397
225
46
355
225
46
35
164
225
225
225
225
339
107
366
299
344
226
52
46
355
356
132
46
355
365
88
181
358
127
0
307
268
127
172
167
200
209
19
280
127
225
307
365
268
337
268
385
151
392
48
0
76
344
46
52
110
386
246
55
74
395
365
385
168
0
355
386
0
316
0
225
210
55
349
52
0
85
316
0
117
205
19
18
240
344
386
395
7
82
365
46
225
301
365
46
225
301
46
88
225
46
88
225
88
223
225
61
247
246
365
250
127
212
170
78
333
7
233
31
242
225
225
225
397
225
46
355
225
46
35
164
225
225
225
225
339
107
366
299
344
226
52
46
355
356
132
46
355
307
365
268
337
268
385
151
392
48
0
76
344
46
52
110
386
246
55
74
395
365
385
168
0
355
386
0
316
0
225
210
55
349
52
0
85
316
0
117
205
19
18
240
344
386
395
7
82
365
46
225
301
365
46
225
301
46
88
225
46
88
225
88
223
225
61
247
246
365
250
127
212
170
78
333
7
233
31
242
225
225
225
397
225
46
355
225
46
35
164
225
225
225
225
339
107
366
299
344
226
52
46
355
356
132
46
355
365
46
225
301
46
88
225
46
88
225
88
223
225
61
247
246
365
250
127
212
170
78
333
7
233
31
242
225
225
225
397
225
46
355
225
46
35
164
225
225
225
225
339
107
366
299
344
226
52
46
355
356
132
46
355
46
88
225
46
88
225
88
223
225
61
247
246
365
250
127
212
170
78
333
7
233
31
242
225
225
225
397
225
46
355
225
46
35
164
225
225
225
225
339
107
366
299
344
226
52
46
355
356
132
46
355
46
88
225
88
223
225
61
247
246
365
250
127
212
170
78
333
7
233
31
242
225
225
225
397
225
46
355
225
46
35
164
225
225
225
225
339
107
366
299
344
226
52
46
355
356
132
46
355
88
223
225
61
247
246
365
250
127
212
170
78
333
7
233
31
242
225
225
225
397
225
46
355
225
46
35
164
225
225
225
225
339
107
366
299
344
226
52
46
355
356
132
46
355
61
247
246
365
250
127
212
170
78
333
7
233
31
242
225
225
225
397
225
46
355
225
46
35
164
225
225
225
225
339
107
366
299
344
226
52
46
355
356
132
46
355
127
212
170
78
333
7
233
31
242
225
225
225
397
225
46
355
225
46
35
164
225
225
225
225
339
107
366
299
344
226
52
46
355
356
132
46
355
99
