336
152
27
17
293
7
240
144
230
68
19
230
302
0
215
127
0
276
372
375
167
225
19
345
180
344
379
333
55
19
333
40
246
74
179
0
302
225
251
53
332
344
0
394
123
65
19
357
287
219
344
249
0
354
19
0
365
19
76
369
344
188
212
1
246
19
74
257
0
365
344
296
127
396
242
76
386
358
364
274
1
191
31
230
235
333
230
68
231
27
19
293
7
255
225
225
225
107
69
225
102
68
308
230
234
225
339
107
366
299
344
226
52
230
68
356
132
230
68
7
369
344
188
212
1
246
19
74
257
0
365
344
296
127
396
242
76
386
358
364
274
1
191
31
230
235
333
230
68
231
27
19
293
7
255
225
225
225
107
69
225
102
68
308
230
234
225
339
107
366
299
344
226
52
230
68
356
132
230
68
7
274
1
191
31
230
235
333
230
68
231
27
19
293
7
255
225
225
225
107
69
225
102
68
308
230
234
225
339
107
366
299
344
226
52
230
68
356
132
230
68
7
68
231
27
19
293
7
255
225
225
225
107
69
225
102
68
308
230
234
225
339
107
366
299
344
226
52
230
68
356
132
230
68
7
107
69
225
102
68
308
230
234
225
339
107
366
299
344
226
52
230
68
356
132
230
68
7
99
