392
149
377
180
326
344
31
311
355
144
28
392
264
344
0
68
106
161
369
392
344
185
332
392
36
0
142
125
127
246
216
2
268
19
246
19
373
316
74
332
381
392
24
127
7
386
312
139
346
24
244
23
347
24
316
22
136
392
385
277
9
344
244
316
168
220
25
120
220
136
111
282
0
7
92
372
149
14
395
25
161
109
392
344
319
395
311
22
238
345
139
346
24
244
23
347
24
316
22
136
36
323
344
167
344
395
25
386
333
107
375
359
344
386
392
152
242
163
392
263
358
344
395
193
231
292
235
333
73
22
139
346
24
73
347
24
316
22
136
394
277
14
231
333
142
9
144
311
316
26
19
19
333
42
252
231
214
179
137
344
296
104
231
246
65
188
19
326
246
106
115
385
392
344
123
395
19
19
392
344
0
58
19
0
191
392
385
277
322
132
48
389
341
188
19
0
93
332
361
52
108
31
311
372
201
68
3
19
10
333
311
279
291
316
384
26
231
165
242
344
32
311
31
247
231
311
310
395
311
22
224
139
346
24
244
23
347
24
316
22
136
242
24
359
333
73
22
139
346
24
73
347
24
316
22
136
161
195
129
344
150
132
392
306
144
28
372
139
139
270
246
312
28
0
330
241
292
392
137
344
63
380
344
269
395
242
294
344
358
127
372
282
335
139
316
295
300
231
333
68
45
163
393
221
277
107
132
311
355
189
358
185
189
358
