181
358
235
55
235
377
68
395
140
344
53
155
179
18
114
342
386
392
185
332
100
179
18
256
332
146
0
344
232
50
336
220
43
371
344
137
0
121
127
377
375
14
1
331
344
181
358
152
235
55
339
321
374
36
0
225
231
240
127
392
344
71
195
19
296
163
100
179
333
287
256
127
392
225
321
239
157
336
342
344
280
127
236
231
246
321
239
157
379
392
56
188
1
7
122
12
100
316
191
19
212
394
15
149
333
59
344
386
100
117
19
316
19
326
0
316
55
349
321
239
157
385
36
235
289
33
225
33
225
127
0
133
193
231
200
281
31
104
112
310
342
61
167
19
297
333
41
280
345
170
301
19
349
57
201
180
344
18
239
157
181
358
127
18
170
301
19
349
232
113
211
341
131
19
235
213
289
344
363
246
290
19
344
280
127
0
365
297
333
41
280
345
7
365
55
78
358
100
355
352
7
225
315
254
225
228
339
107
366
299
344
226
52
100
355
356
132
100
355
379
392
56
188
1
7
122
12
100
316
191
19
212
394
15
149
333
59
344
386
100
117
19
316
19
326
0
316
55
349
321
239
157
385
36
235
289
33
225
33
225
127
0
133
193
231
200
281
31
104
112
310
342
61
167
19
297
333
41
280
345
170
301
19
349
57
201
180
344
18
239
157
181
358
127
18
170
301
19
349
232
113
211
341
131
19
235
213
289
344
363
246
290
19
344
280
127
0
365
297
333
41
280
345
7
365
55
78
358
100
355
352
7
225
315
254
225
228
339
107
366
299
344
226
52
100
355
356
132
100
355
385
36
235
289
33
225
33
225
127
0
133
193
231
200
281
31
104
112
310
342
61
167
19
297
333
41
280
345
170
301
19
349
57
201
180
344
18
239
157
181
358
127
18
170
301
19
349
232
113
211
341
131
19
235
213
289
344
363
246
290
19
344
280
127
0
365
297
333
41
280
345
7
365
55
78
358
100
355
352
7
225
315
254
225
228
339
107
366
299
344
226
52
100
355
356
132
100
355
170
301
19
349
57
201
180
344
18
239
157
181
358
127
18
170
301
19
349
232
113
211
341
131
19
235
213
289
344
363
246
290
19
344
280
127
0
365
297
333
41
280
345
7
365
55
78
358
100
355
352
7
225
315
254
225
228
339
107
366
299
344
226
52
100
355
356
132
100
355
7
365
55
78
358
100
355
352
7
225
315
254
225
228
339
107
366
299
344
226
52
100
355
356
132
100
355
365
55
78
358
100
355
352
7
225
315
254
225
228
339
107
366
299
344
226
52
100
355
356
132
100
355
78
358
100
355
352
7
225
315
254
225
228
339
107
366
299
344
226
52
100
355
356
132
100
355
100
355
352
7
225
315
254
225
228
339
107
366
299
344
226
52
100
355
356
132
100
355
99
