142
144
395
127
320
31
355
146
392
333
240
344
24
386
316
312
339
332
380
392
319
333
316
25
139
346
24
316
103
23
347
24
316
22
136
84
127
392
242
344
333
73
22
139
346
24
316
73
23
347
24
316
22
136
394
24
19
127
130
386
0
25
120
220
111
344
25
220
278
344
319
241
330
294
291
0
7
92
15
258
332
127
25
330
294
26
221
282
197
344
168
395
25
167
246
219
231
386
337
9
394
36
386
25
167
220
342
31
14
66
152
344
310
395
316
25
139
346
24
316
103
23
347
24
316
22
136
66
152
344
344
333
73
22
139
346
24
316
73
23
347
24
316
22
136
161
195
129
344
77
392
127
0
256
167
246
118
65
303
139
139
316
295
300
231
333
68
45
163
393
221
277
107
132
355
189
358
185
189
358
