144
161
340
392
149
333
344
152
31
332
399
288
381
161
399
344
392
332
24
386
395
5
25
139
346
24
316
103
23
347
24
316
22
136
179
331
392
399
149
344
319
330
294
163
392
399
149
335
19
372
399
282
20
386
395
25
24
345
19
161
399
138
392
18
7
92
387
350
344
137
310
3
395
5
25
139
346
24
316
103
23
347
24
316
22
136
386
333
7
92
395
307
312
15
392
399
149
344
18
25
120
19
392
399
149
344
18
111
392
26
15
373
344
319
333
73
22
139
346
24
316
73
23
347
24
316
22
136
161
399
201
323
392
277
333
9
371
319
395
5
25
139
346
24
316
103
23
347
24
316
22
136
242
333
73
22
139
346
24
316
73
23
347
24
316
22
136
345
303
139
270
163
392
399
195
344
0
139
167
68
232
114
240
344
317
167
246
399
173
268
127
232
344
317
0
392
399
172
167
339
268
179
183
236
231
333
19
316
344
338
98
26
392
236
75
395
5
25
139
346
24
316
103
23
347
24
316
22
136
242
333
73
22
139
346
24
316
73
23
347
24
316
22
136
19
123
247
139
316
295
300
231
333
68
45
163
393
221
277
107
132
355
189
358
185
189
358
