218
349
34
91
128
355
179
0
190
27
292
167
386
18
227
316
117
225
200
19
225
209
19
246
146
350
19
163
180
36
28
0
180
179
18
231
366
215
333
216
348
355
2
18
344
18
167
50
180
344
235
180
236
231
180
179
344
28
18
2
74
28
127
269
127
316
167
18
264
28
368
333
26
52
378
221
48
74
179
344
309
19
236
231
333
213
127
268
167
333
236
231
113
141
326
236
242
212
231
333
268
65
382
316
386
333
267
19
285
231
2
283
19
151
335
170
19
361
344
179
15
155
344
333
382
225
242
212
231
124
391
316
359
333
19
173
201
316
231
334
249
19
333
179
155
344
19
202
0
304
28
392
56
179
221
0
180
179
0
344
188
212
1
368
128
71
365
246
37
55
344
154
349
26
224
34
127
182
19
33
280
41
182
19
33
365
132
182
225
33
225
372
385
232
167
253
170
301
386
316
55
349
339
350
365
115
385
36
232
211
131
132
227
16
227
259
19
227
259
227
259
280
127
395
55
365
115
152
372
15
156
394
181
358
127
246
194
364
170
301
368
19
90
288
372
109
392
344
126
246
344
188
212
1
240
31
368
128
368
128
355
339
107
366
299
344
226
52
368
128
355
7
356
132
368
128
355
179
0
190
27
292
167
386
18
227
316
117
225
200
19
225
209
19
246
146
350
19
163
180
36
28
0
180
179
18
231
366
215
333
216
348
355
2
18
344
18
167
50
180
344
235
180
236
231
180
179
344
28
18
2
74
28
127
269
127
316
167
18
264
28
368
333
26
52
378
221
48
74
179
344
309
19
236
231
333
213
127
268
167
333
236
231
113
141
326
236
242
212
231
333
268
65
382
316
386
333
267
19
285
231
2
283
19
151
335
170
19
361
344
179
15
155
344
333
382
225
242
212
231
124
391
316
359
333
19
173
201
316
231
334
249
19
333
179
155
344
19
202
0
304
28
392
56
179
221
0
180
179
0
344
188
212
1
368
128
71
365
246
37
55
344
154
349
26
224
34
127
182
19
33
280
41
182
19
33
365
132
182
225
33
225
372
385
232
167
253
170
301
386
316
55
349
339
350
365
115
385
36
232
211
131
132
227
16
227
259
19
227
259
227
259
280
127
395
55
365
115
152
372
15
156
394
181
358
127
246
194
364
170
301
368
19
90
288
372
109
392
344
126
246
344
188
212
1
240
31
368
128
368
128
355
339
107
366
299
344
226
52
368
128
355
7
356
132
368
128
355
372
15
156
394
181
358
127
246
194
364
170
301
368
19
90
288
372
109
392
344
126
246
344
188
212
1
240
31
368
128
368
128
355
339
107
366
299
344
226
52
368
128
355
7
356
132
368
128
355
19
90
288
372
109
392
344
126
246
344
188
212
1
240
31
368
128
368
128
355
339
107
366
299
344
226
52
368
128
355
7
356
132
368
128
355
288
372
109
392
344
126
246
344
188
212
1
240
31
368
128
368
128
355
339
107
366
299
344
226
52
368
128
355
7
356
132
368
128
355
372
109
392
344
126
246
344
188
212
1
240
31
368
128
368
128
355
339
107
366
299
344
226
52
368
128
355
7
356
132
368
128
355
99
