372
56
151
386
332
153
144
380
392
185
377
392
369
344
317
242
395
172
31
355
392
149
342
344
116
0
200
163
395
167
333
267
231
297
18
352
268
375
152
344
151
116
395
172
386
248
225
200
344
63
132
168
268
192
170
19
19
74
19
317
372
232
392
333
344
116
395
172
398
19
218
236
392
56
15
200
19
209
242
344
84
18
106
115
332
179
28
354
28
392
26
76
386
0
68
281
369
344
188
212
1
246
2
268
78
0
68
281
149
0
200
167
189
358
185
395
348
19
374
392
170
1
268
297
200
303
0
90
231
7
233
231
7
225
355
256
229
225
228
339
107
366
299
344
226
52
355
7
356
132
355
19
374
392
170
1
268
297
200
303
0
90
231
7
233
231
7
225
355
256
229
225
228
339
107
366
299
344
226
52
355
7
356
132
355
303
0
90
231
7
233
231
7
225
355
256
229
225
228
339
107
366
299
344
226
52
355
7
356
132
355
99
