32
246
188
344
268
32
246
188
344
268
127
154
292
316
183
192
392
144
212
19
212
154
292
316
183
192
392
26
326
9
231
355
188
344
268
167
344
334
127
320
167
154
292
68
19
339
268
52
117
385
235
328
48
74
19
333
264
127
134
240
188
344
268
379
355
308
48
289
225
132
225
16
225
259
225
168
19
231
75
36
323
344
280
306
28
179
359
333
41
344
319
395
316
170
19
372
385
269
333
344
75
395
303
250
268
96
355
236
355
164
225
225
339
107
366
299
344
226
52
355
7
356
132
355
167
344
334
127
320
167
154
292
68
19
339
268
52
117
385
235
328
48
74
19
333
264
127
134
240
188
344
268
379
355
308
48
289
225
132
225
16
225
259
225
168
19
231
75
36
323
344
280
306
28
179
359
333
41
344
319
395
316
170
19
372
385
269
333
344
75
395
303
250
268
96
355
236
355
164
225
225
339
107
366
299
344
226
52
355
7
356
132
355
99
