198
25
224
239
144
163
392
26
344
197
19
0
58
167
49
242
203
36
127
392
380
392
369
344
388
28
18
167
333
389
242
249
395
249
49
198
146
333
268
127
392
344
49
6
0
332
392
344
74
19
333
122
231
20
19
14
231
243
49
188
158
132
344
325
168
333
19
231
285
19
74
339
200
179
94
344
392
386
333
19
344
19
0
127
0
49
341
0
235
49
19
316
56
334
231
49
19
179
333
317
231
158
169
49
19
243
19
359
198
235
240
316
344
388
167
28
283
231
19
244
49
268
31
198
293
136
49
173
17
271
19
247
372
149
231
244
241
332
375
344
302
386
392
344
151
392
86
395
2
115
326
0
364
55
349
339
107
366
299
344
226
52
198
356
132
196
311
355
344
49
6
0
332
392
344
74
19
333
122
231
20
19
14
231
243
49
188
158
132
344
325
168
333
19
231
285
19
74
339
200
179
94
344
392
386
333
19
344
19
0
127
0
49
341
0
235
49
19
316
56
334
231
49
19
179
333
317
231
158
169
49
19
243
19
359
198
235
240
316
344
388
167
28
283
231
19
244
49
268
31
198
293
136
49
173
17
271
19
247
372
149
231
244
241
332
375
344
302
386
392
344
151
392
86
395
2
115
326
0
364
55
349
339
107
366
299
344
226
52
198
356
132
196
311
355
188
158
132
344
325
168
333
19
231
285
19
74
339
200
179
94
344
392
386
333
19
344
19
0
127
0
49
341
0
235
49
19
316
56
334
231
49
19
179
333
317
231
158
169
49
19
243
19
359
198
235
240
316
344
388
167
28
283
231
19
244
49
268
31
198
293
136
49
173
17
271
19
247
372
149
231
244
241
332
375
344
302
386
392
344
151
392
86
395
2
115
326
0
364
55
349
339
107
366
299
344
226
52
198
356
132
196
311
355
339
200
179
94
344
392
386
333
19
344
19
0
127
0
49
341
0
235
49
19
316
56
334
231
49
19
179
333
317
231
158
169
49
19
243
19
359
198
235
240
316
344
388
167
28
283
231
19
244
49
268
31
198
293
136
49
173
17
271
19
247
372
149
231
244
241
332
375
344
302
386
392
344
151
392
86
395
2
115
326
0
364
55
349
339
107
366
299
344
226
52
198
356
132
196
311
355
179
333
317
231
158
169
49
19
243
19
359
198
235
240
316
344
388
167
28
283
231
19
244
49
268
31
198
293
136
49
173
17
271
19
247
372
149
231
244
241
332
375
344
302
386
392
344
151
392
86
395
2
115
326
0
364
55
349
339
107
366
299
344
226
52
198
356
132
196
311
355
136
49
173
17
271
19
247
372
149
231
244
241
332
375
344
302
386
392
344
151
392
86
395
2
115
326
0
364
55
349
339
107
366
299
344
226
52
198
356
132
196
311
355
136
49
173
17
271
19
247
372
149
231
244
241
332
375
344
302
386
392
344
151
392
86
395
2
115
326
0
364
55
349
339
107
366
299
344
226
52
198
356
132
196
311
355
136
49
173
17
271
19
247
372
149
231
244
241
332
375
344
302
386
392
344
151
392
86
395
2
115
326
0
364
55
349
339
107
366
299
344
226
52
198
356
132
196
311
355
173
17
271
19
247
372
149
231
244
241
332
375
344
302
386
392
344
151
392
86
395
2
115
326
0
364
55
349
339
107
366
299
344
226
52
198
356
132
196
311
355
271
19
247
372
149
231
244
241
332
375
344
302
386
392
344
151
392
86
395
2
115
326
0
364
55
349
339
107
366
299
344
226
52
198
356
132
196
311
355
271
19
247
372
149
231
244
241
332
375
344
302
386
392
344
151
392
86
395
2
115
326
0
364
55
349
339
107
366
299
344
226
52
198
356
132
196
311
355
271
19
247
372
149
231
244
241
332
375
344
302
386
392
344
151
392
86
395
2
115
326
0
364
55
349
339
107
366
299
344
226
52
198
356
132
196
311
355
19
247
372
149
231
244
241
332
375
344
302
386
392
344
151
392
86
395
2
115
326
0
364
55
349
339
107
366
299
344
226
52
198
356
132
196
311
355
19
247
372
149
231
244
241
332
375
344
302
386
392
344
151
392
86
395
2
115
326
0
364
55
349
339
107
366
299
344
226
52
198
356
132
196
311
355
247
372
149
231
244
241
332
375
344
302
386
392
344
151
392
86
395
2
115
326
0
364
55
349
339
107
366
299
344
226
52
198
356
132
196
311
355
339
107
366
299
344
226
52
198
356
132
196
311
355
99
