91
144
375
114
344
302
332
25
179
239
31
394
123
316
192
392
19
151
84
0
74
167
382
188
19
163
246
74
179
333
393
192
344
181
395
124
313
179
344
24
344
36
344
188
212
1
392
24
344
333
371
163
392
149
20
272
372
156
394
107
242
53
358
31
225
225
225
303
233
231
352
7
355
231
31
270
163
24
392
374
36
167
386
212
306
339
107
366
299
344
226
52
355
231
31
356
132
136
107
374
237
392
107
1
24
344
333
371
163
392
149
20
272
372
156
394
107
242
53
358
31
225
225
225
303
233
231
352
7
355
231
31
270
163
24
392
374
36
167
386
212
306
339
107
366
299
344
226
52
355
231
31
356
132
136
107
374
237
392
107
1
24
344
242
53
358
31
225
225
225
303
233
231
352
7
355
231
31
270
163
24
392
374
36
167
386
212
306
339
107
366
299
344
226
52
355
231
31
356
132
136
107
374
237
392
107
1
24
344
99
