91
144
372
185
106
179
18
166
332
381
311
355
179
72
344
201
395
188
115
374
19
231
83
383
246
2
124
117
19
0
142
235
26
276
344
63
344
36
0
180
246
311
231
333
27
19
194
332
358
180
236
344
274
1
167
18
107
242
0
50
344
137
0
121
127
377
201
307
372
109
392
344
115
180
372
177
392
344
365
55
167
371
201
127
392
63
132
0
231
365
240
132
19
349
344
364
301
19
63
236
242
63
335
14
183
201
323
392
247
290
395
365
372
156
344
296
392
235
55
306
258
121
130
344
107
242
53
225
225
225
163
392
149
20
272
303
127
7
17
7
233
225
225
225
225
225
225
225
167
334
19
225
316
300
48
225
55
101
225
339
107
366
299
344
226
52
311
355
356
132
355
167
371
201
127
392
63
132
0
231
365
240
132
19
349
344
364
301
19
63
236
242
63
335
14
183
201
323
392
247
290
395
365
372
156
344
296
392
235
55
306
258
121
130
344
107
242
53
225
225
225
163
392
149
20
272
303
127
7
17
7
233
225
225
225
225
225
225
225
167
334
19
225
316
300
48
225
55
101
225
339
107
366
299
344
226
52
311
355
356
132
355
372
156
344
296
392
235
55
306
258
121
130
344
107
242
53
225
225
225
163
392
149
20
272
303
127
7
17
7
233
225
225
225
225
225
225
225
167
334
19
225
316
300
48
225
55
101
225
339
107
366
299
344
226
52
311
355
356
132
355
167
334
19
225
316
300
48
225
55
101
225
339
107
366
299
344
226
52
311
355
356
132
355
99
