333
54
25
179
239
233
231
7
19
122
395
172
19
134
58
392
0
256
379
392
56
194
176
333
257
146
127
392
332
381
54
355
167
232
225
241
127
392
344
317
0
373
74
115
19
58
19
174
240
54
25
179
224
239
26
392
275
344
326
333
219
313
144
24
224
163
392
149
272
344
273
247
298
7
82
225
225
225
225
225
225
225
225
54
355
225
225
225
225
225
225
225
225
339
107
366
299
344
226
52
54
355
356
132
54
355
163
392
149
272
344
273
247
298
7
82
225
225
225
225
225
225
225
225
54
355
225
225
225
225
225
225
225
225
339
107
366
299
344
226
52
54
355
356
132
54
355
225
225
225
339
107
366
299
344
226
52
54
355
356
132
54
355
339
107
366
299
344
226
52
54
355
356
132
54
355
99
