365
167
253
242
238
91
144
28
0
355
372
326
333
53
344
242
127
333
253
161
156
339
107
123
392
19
395
119
374
167
339
60
389
375
188
344
344
236
161
79
195
129
344
137
344
185
246
127
219
118
65
19
161
156
344
168
392
319
395
25
344
355
28
306
28
180
39
34
357
344
332
114
342
161
109
392
344
188
14
392
56
1
381
246
74
36
0
142
125
127
392
392
56
137
0
310
396
386
246
7
267
116
291
19
122
12
240
19
277
235
246
330
241
261
224
179
15
0
142
342
344
365
19
296
377
372
149
344
232
380
395
195
344
71
344
55
242
61
247
246
55
364
372
149
231
241
344
116
19
188
1
246
74
326
19
161
195
129
344
302
212
1
333
394
277
341
0
355
106
303
139
270
280
127
236
231
246
365
88
94
127
316
192
392
384
127
320
31
197
344
138
392
18
357
363
231
14
332
246
373
74
146
344
232
392
355
225
225
139
333
68
45
316
295
300
356
344
220
277
107
132
358
