149
392
277
395
177
167
333
199
216
231
154
292
363
231
395
388
19
344
31
154
292
146
392
18
177
344
181
333
216
231
154
292
316
127
334
2
4
19
239
127
154
4
316
19
334
119
344
36
216
231
154
292
179
0
2
19
333
4
316
167
212
331
227
154
292
395
2
4
31
154
292
18
106
231
36
19
372
195
129
344
373
392
344
333
132
154
292
344
68
19
235
344
58
206
26
2
167
334
292
19
395
253
127
68
127
203
40
167
154
292
50
232
322
19
240
11
154
292
1
158
151
137
0
130
19
225
316
19
385
217
344
185
344
386
218
206
205
19
206
218
19
76
19
188
158
344
201
333
213
231
355
355
385
181
246
206
344
302
170
1
334
68
268
232
167
333
344
126
358
235
246
53
107
225
225
225
216
231
154
292
14
287
284
356
99
