144
235
36
297
344
24
344
171
386
312
372
109
392
344
24
224
359
20
231
333
126
25
333
25
139
346
24
316
347
24
316
22
136
333
73
22
139
346
24
316
73
347
24
316
22
136
333
25
139
346
24
316
23
347
24
316
22
136
139
346
24
316
23
347
24
316
89
372
339
177
344
316
192
392
384
372
132
14
146
344
232
372
149
180
127
392
344
24
344
0
355
332
232
19
268
167
49
293
19
333
27
19
293
372
14
231
337
25
378
77
392
127
7
19
392
385
277
127
291
220
382
392
359
344
24
38
372
369
344
316
167
24
339
391
372
149
333
231
330
294
241
19
163
392
63
344
319
395
294
392
203
335
246
344
25
286
358
344
77
104
25
359
244
2
19
19
333
231
0
330
294
385
221
333
231
395
25
372
109
392
344
319
395
25
345
144
42
139
270
132
333
231
344
238
188
127
352
283
179
18
252
231
246
352
115
24
345
163
392
149
319
395
25
392
372
385
36
167
386
392
306
139
107
139
333
316
295
300
231
333
68
45
163
393
221
277
107
132
171
189
358
185
189
358
