163
395
195
344
264
127
85
19
134
231
0
60
19
389
372
109
392
344
116
81
292
31
246
65
167
285
19
116
333
371
332
139
19
79
158
19
243
271
261
19
332
316
334
231
192
19
231
395
58
19
132
56
151
332
392
201
333
333
137
333
19
19
243
341
334
213
320
19
342
188
212
1
246
354
83
58
240
19
371
344
76
386
358
52
370
246
170
362
352
7
233
81
355
229
225
225
225
339
107
366
299
344
226
52
81
292
352
7
356
132
292
231
19
352
7
233
81
355
229
225
225
225
339
107
366
299
344
226
52
81
292
352
7
356
132
292
231
19
339
107
366
299
344
226
52
81
292
352
7
356
132
292
231
19
99
