91
144
246
314
40
235
0
321
88
167
333
351
179
321
173
31
62
379
388
386
167
333
19
151
231
97
231
333
194
337
194
179
75
161
333
304
161
185
167
158
26
19
377
333
195
192
127
204
236
231
333
252
1
366
333
382
392
98
221
378
392
137
357
344
167
127
236
231
246
366
0
225
391
386
0
37
378
372
239
333
379
366
192
391
344
351
174
268
382
269
248
227
174
240
351
316
235
14
231
113
321
316
149
388
31
379
338
334
321
286
19
269
235
314
19
338
149
173
31
386
333
328
344
322
85
19
167
218
236
333
231
85
19
320
314
344
36
302
386
339
321
351
58
179
173
344
110
386
334
354
240
364
75
166
19
115
386
0
19
231
108
167
333
231
334
249
155
167
113
252
231
333
389
220
333
58
322
351
316
113
313
231
333
371
341
333
268
316
56
24
127
20
174
231
334
231
317
200
149
344
344
388
386
19
293
200
149
173
31
113
240
179
239
344
113
316
19
104
240
179
28
354
28
333
338
316
224
149
333
241
344
75
332
56
36
75
19
151
335
334
383
338
116
218
242
58
221
237
98
71
386
15
18
191
60
304
163
123
332
219
233
242
188
333
31
192
142
371
344
201
333
213
231
395
321
77
351
395
68
295
303
96
231
7
333
355
231
62
68
7
351
321
301
397
355
231
62
266
261
351
333
73
19
25
392
277
339
107
38
392
149
170
132
333
355
231
62
242
392
235
0
330
332
392
375
172
167
277
170
132
68
339
107
366
299
344
226
52
333
355
231
62
356
132
333
355
231
62
231
97
231
333
194
337
194
179
75
161
333
304
161
185
167
158
26
19
377
333
195
192
127
204
236
231
333
252
1
366
333
382
392
98
221
378
392
137
357
344
167
127
236
231
246
366
0
225
391
386
0
37
378
372
239
333
379
366
192
391
344
351
174
268
382
269
248
227
174
240
351
316
235
14
231
113
321
316
149
388
31
379
338
334
321
286
19
269
235
314
19
338
149
173
31
386
333
328
344
322
85
19
167
218
236
333
231
85
19
320
314
344
36
302
386
339
321
351
58
179
173
344
110
386
334
354
240
364
75
166
19
115
386
0
19
231
108
167
333
231
334
249
155
167
113
252
231
333
389
220
333
58
322
351
316
113
313
231
333
371
341
333
268
316
56
24
127
20
174
231
334
231
317
200
149
344
344
388
386
19
293
200
149
173
31
113
240
179
239
344
113
316
19
104
240
179
28
354
28
333
338
316
224
149
333
241
344
75
332
56
36
75
19
151
335
334
383
338
116
218
242
58
221
237
98
71
386
15
18
191
60
304
163
123
332
219
233
242
188
333
31
192
142
371
344
201
333
213
231
395
321
77
351
395
68
295
303
96
231
7
333
355
231
62
68
7
351
321
301
397
355
231
62
266
261
351
333
73
19
25
392
277
339
107
38
392
149
170
132
333
355
231
62
242
392
235
0
330
332
392
375
172
167
277
170
132
68
339
107
366
299
344
226
52
333
355
231
62
356
132
333
355
231
62
382
269
248
227
174
240
351
316
235
14
231
113
321
316
149
388
31
379
338
334
321
286
19
269
235
314
19
338
149
173
31
386
333
328
344
322
85
19
167
218
236
333
231
85
19
320
314
344
36
302
386
339
321
351
58
179
173
344
110
386
334
354
240
364
75
166
19
115
386
0
19
231
108
167
333
231
334
249
155
167
113
252
231
333
389
220
333
58
322
351
316
113
313
231
333
371
341
333
268
316
56
24
127
20
174
231
334
231
317
200
149
344
344
388
386
19
293
200
149
173
31
113
240
179
239
344
113
316
19
104
240
179
28
354
28
333
338
316
224
149
333
241
344
75
332
56
36
75
19
151
335
334
383
338
116
218
242
58
221
237
98
71
386
15
18
191
60
304
163
123
332
219
233
242
188
333
31
192
142
371
344
201
333
213
231
395
321
77
351
395
68
295
303
96
231
7
333
355
231
62
68
7
351
321
301
397
355
231
62
266
261
351
333
73
19
25
392
277
339
107
38
392
149
170
132
333
355
231
62
242
392
235
0
330
332
392
375
172
167
277
170
132
68
339
107
366
299
344
226
52
333
355
231
62
356
132
333
355
231
62
351
333
73
19
25
392
277
339
107
38
392
149
170
132
333
355
231
62
242
392
235
0
330
332
392
375
172
167
277
170
132
68
339
107
366
299
344
226
52
333
355
231
62
356
132
333
355
231
62
99
