298
29
204
113
391
144
377
201
95
354
242
43
331
244
68
195
31
149
392
332
236
231
333
44
332
316
152
197
179
333
240
344
36
0
189
204
377
332
56
36
28
28
106
396
235
242
242
392
369
344
340
19
192
392
36
1
372
56
151
392
388
344
371
344
201
60
156
150
332
137
392
114
179
0
354
256
133
231
316
384
369
344
60
333
389
242
183
201
60
344
334
249
194
52
333
371
382
231
316
212
192
392
98
392
149
0
44
242
395
1
242
26
392
212
235
395
249
253
60
204
18
107
19
189
204
185
19
163
395
275
344
326
333
219
313
19
310
395
25
152
333
144
298
96
231
7
355
231
225
35
225
225
225
