144
0
43
236
390
36
158
179
339
297
190
27
68
167
218
60
333
389
127
333
43
344
310
372
60
333
371
68
388
19
224
375
333
386
18
14
246
249
31
375
345
272
19
333
231
246
342
287
224
375
333
311
231
333
312
38
372
375
127
60
369
344
123
247
212
181
358
31
18
112
52
333
68
332
60
194
231
382
179
0
206
386
169
268
231
317
341
19
167
0
68
179
20
244
197
344
392
212
1
180
357
344
181
358
167
20
231
333
126
64
333
358
339
321
179
130
127
316
19
119
398
289
33
225
227
16
227
259
62
164
398
33
225
227
16
227
259
242
62
227
227
259
308
31
333
398
211
33
225
227
227
259
372
156
344
296
392
306
377
375
392
127
170
365
228
228
356
339
107
366
299
344
226
52
68
356
132
68
107
231
382
179
0
206
386
169
268
231
317
341
19
167
0
68
179
20
244
197
344
392
212
1
180
357
344
181
358
167
20
231
333
126
64
333
358
339
321
179
130
127
316
19
119
398
289
33
225
227
16
227
259
62
164
398
33
225
227
16
227
259
242
62
227
227
259
308
31
333
398
211
33
225
227
227
259
372
156
344
296
392
306
377
375
392
127
170
365
228
228
356
339
107
366
299
344
226
52
68
356
132
68
107
341
19
167
0
68
179
20
244
197
344
392
212
1
180
357
344
181
358
167
20
231
333
126
64
333
358
339
321
179
130
127
316
19
119
398
289
33
225
227
16
227
259
62
164
398
33
225
227
16
227
259
242
62
227
227
259
308
31
333
398
211
33
225
227
227
259
372
156
344
296
392
306
377
375
392
127
170
365
228
228
356
339
107
366
299
344
226
52
68
356
132
68
107
19
167
0
68
179
20
244
197
344
392
212
1
180
357
344
181
358
167
20
231
333
126
64
333
358
339
321
179
130
127
316
19
119
398
289
33
225
227
16
227
259
62
164
398
33
225
227
16
227
259
242
62
227
227
259
308
31
333
398
211
33
225
227
227
259
372
156
344
296
392
306
377
375
392
127
170
365
228
228
356
339
107
366
299
344
226
52
68
356
132
68
107
179
20
244
197
344
392
212
1
180
357
344
181
358
167
20
231
333
126
64
333
358
339
321
179
130
127
316
19
119
398
289
33
225
227
16
227
259
62
164
398
33
225
227
16
227
259
242
62
227
227
259
308
31
333
398
211
33
225
227
227
259
372
156
344
296
392
306
377
375
392
127
170
365
228
228
356
339
107
366
299
344
226
52
68
356
132
68
107
398
289
33
225
227
16
227
259
62
164
398
33
225
227
16
227
259
242
62
227
227
259
308
31
333
398
211
33
225
227
227
259
372
156
344
296
392
306
377
375
392
127
170
365
228
228
356
339
107
366
299
344
226
52
68
356
132
68
107
242
62
227
227
259
308
31
333
398
211
33
225
227
227
259
372
156
344
296
392
306
377
375
392
127
170
365
228
228
356
339
107
366
299
344
226
52
68
356
132
68
107
308
31
333
398
211
33
225
227
227
259
372
156
344
296
392
306
377
375
392
127
170
365
228
228
356
339
107
366
299
344
226
52
68
356
132
68
107
398
211
33
225
227
227
259
372
156
344
296
392
306
377
375
392
127
170
365
228
228
356
339
107
366
299
344
226
52
68
356
132
68
107
365
228
228
356
339
107
366
299
344
226
52
68
356
132
68
107
228
228
356
339
107
366
299
344
226
52
68
356
132
68
107
339
107
366
299
344
226
52
68
356
132
68
107
99
