19
127
395
344
185
392
153
144
0
51
106
385
392
180
385
15
344
125
392
152
394
36
344
395
317
395
6
395
283
19
395
300
188
344
333
19
58
395
172
167
19
386
18
352
231
237
227
333
316
344
117
31
51
355
179
183
225
344
225
246
65
26
372
375
333
220
225
279
355
52
333
225
358
19
389
42
68
19
180
221
344
296
381
246
322
74
231
117
309
19
386
348
2
19
311
231
333
27
188
385
392
344
98
395
42
388
394
36
235
0
124
215
386
395
19
117
385
61
167
235
392
163
65
19
273
247
163
392
217
30
51
232
212
331
225
2
200
344
63
132
2
68
49
74
106
19
293
333
27
19
190
27
19
293
332
344
246
354
317
268
19
212
331
225
391
93
268
19
395
344
123
0
125
127
395
134
152
393
201
0
142
275
344
24
75
333
73
22
52
223
225
246
105
5
89
127
291
19
7
137
310
152
24
224
225
35
167
225
225
225
225
78
395
7
82
339
107
366
299
344
226
52
51
355
356
132
14
207
132
51
355
233
231
7
19
117
385
61
167
235
392
163
65
19
273
247
163
392
217
30
51
232
212
331
225
2
200
344
63
132
2
68
49
74
106
19
293
333
27
19
190
27
19
293
332
344
246
354
317
268
19
212
331
225
391
93
268
19
395
344
123
0
125
127
395
134
152
393
201
0
142
275
344
24
75
333
73
22
52
223
225
246
105
5
89
127
291
19
7
137
310
152
24
224
225
35
167
225
225
225
225
78
395
7
82
339
107
366
299
344
226
52
51
355
356
132
14
207
132
51
355
233
231
7
74
106
19
293
333
27
19
190
27
19
293
332
344
246
354
317
268
19
212
331
225
391
93
268
19
395
344
123
0
125
127
395
134
152
393
201
0
142
275
344
24
75
333
73
22
52
223
225
246
105
5
89
127
291
19
7
137
310
152
24
224
225
35
167
225
225
225
225
78
395
7
82
339
107
366
299
344
226
52
51
355
356
132
14
207
132
51
355
233
231
7
106
19
293
333
27
19
190
27
19
293
332
344
246
354
317
268
19
212
331
225
391
93
268
19
395
344
123
0
125
127
395
134
152
393
201
0
142
275
344
24
75
333
73
22
52
223
225
246
105
5
89
127
291
19
7
137
310
152
24
224
225
35
167
225
225
225
225
78
395
7
82
339
107
366
299
344
226
52
51
355
356
132
14
207
132
51
355
233
231
7
19
293
333
27
19
190
27
19
293
332
344
246
354
317
268
19
212
331
225
391
93
268
19
395
344
123
0
125
127
395
134
152
393
201
0
142
275
344
24
75
333
73
22
52
223
225
246
105
5
89
127
291
19
7
137
310
152
24
224
225
35
167
225
225
225
225
78
395
7
82
339
107
366
299
344
226
52
51
355
356
132
14
207
132
51
355
233
231
7
333
27
19
190
27
19
293
332
344
246
354
317
268
19
212
331
225
391
93
268
19
395
344
123
0
125
127
395
134
152
393
201
0
142
275
344
24
75
333
73
22
52
223
225
246
105
5
89
127
291
19
7
137
310
152
24
224
225
35
167
225
225
225
225
78
395
7
82
339
107
366
299
344
226
52
51
355
356
132
14
207
132
51
355
233
231
7
19
190
27
19
293
332
344
246
354
317
268
19
212
331
225
391
93
268
19
395
344
123
0
125
127
395
134
152
393
201
0
142
275
344
24
75
333
73
22
52
223
225
246
105
5
89
127
291
19
7
137
310
152
24
224
225
35
167
225
225
225
225
78
395
7
82
339
107
366
299
344
226
52
51
355
356
132
14
207
132
51
355
233
231
7
332
344
246
354
317
268
19
212
331
225
391
93
268
19
395
344
123
0
125
127
395
134
152
393
201
0
142
275
344
24
75
333
73
22
52
223
225
246
105
5
89
127
291
19
7
137
310
152
24
224
225
35
167
225
225
225
225
78
395
7
82
339
107
366
299
344
226
52
51
355
356
132
14
207
132
51
355
233
231
7
268
19
212
331
225
391
93
268
19
395
344
123
0
125
127
395
134
152
393
201
0
142
275
344
24
75
333
73
22
52
223
225
246
105
5
89
127
291
19
7
137
310
152
24
224
225
35
167
225
225
225
225
78
395
7
82
339
107
366
299
344
226
52
51
355
356
132
14
207
132
51
355
233
231
7
19
395
344
123
0
125
127
395
134
152
393
201
0
142
275
344
24
75
333
73
22
52
223
225
246
105
5
89
127
291
19
7
137
310
152
24
224
225
35
167
225
225
225
225
78
395
7
82
339
107
366
299
344
226
52
51
355
356
132
14
207
132
51
355
233
231
7
24
224
225
35
167
225
225
225
225
78
395
7
82
339
107
366
299
344
226
52
51
355
356
132
14
207
132
51
355
233
231
7
225
35
167
225
225
225
225
78
395
7
82
339
107
366
299
344
226
52
51
355
356
132
14
207
132
51
355
233
231
7
339
107
366
299
344
226
52
51
355
356
132
14
207
132
51
355
233
231
7
99
