91
144
333
73
25
179
224
194
19
239
127
25
344
47
355
65
231
225
26
392
275
344
326
333
124
313
235
395
68
28
392
40
344
340
1
158
344
302
395
2
172
19
115
386
358
201
323
344
365
246
344
363
246
25
19
244
151
285
372
57
367
344
274
1
384
392
26
19
158
392
201
395
235
333
47
74
303
233
231
68
7
47
355
233
231
68
7
269
326
0
364
349
231
55
272
1
191
31
47
29
0
47
316
339
107
366
299
344
226
52
47
355
356
132
47
355
344
363
246
25
19
244
151
285
372
57
367
344
274
1
384
392
26
19
158
392
201
395
235
333
47
74
303
233
231
68
7
47
355
233
231
68
7
269
326
0
364
349
231
55
272
1
191
31
47
29
0
47
316
339
107
366
299
344
226
52
47
355
356
132
47
355
19
244
151
285
372
57
367
344
274
1
384
392
26
19
158
392
201
395
235
333
47
74
303
233
231
68
7
47
355
233
231
68
7
269
326
0
364
349
231
55
272
1
191
31
47
29
0
47
316
339
107
366
299
344
226
52
47
355
356
132
47
355
272
1
191
31
47
29
0
47
316
339
107
366
299
344
226
52
47
355
356
132
47
355
339
107
366
299
344
226
52
47
355
356
132
47
355
99
