26
392
275
344
31
355
160
153
144
31
392
56
0
231
384
392
26
19
384
395
344
39
395
167
395
231
180
167
0
344
272
21
19
333
344
340
95
180
342
344
26
392
275
179
395
19
296
180
123
19
185
395
381
19
344
4
180
246
117
151
0
127
188
19
392
167
395
304
332
392
56
212
167
395
200
19
58
0
19
316
26
109
344
167
14
231
191
221
237
2
19
50
15
341
244
192
19
374
36
332
374
394
15
123
0
127
116
31
386
27
19
19
0
231
108
365
160
24
344
160
160
372
390
197
344
386
392
1
365
246
344
123
395
7
82
242
76
386
333
233
231
7
31
225
225
225
140
395
7
328
7
225
225
225
126
358
235
160
160
160
160
231
355
225
225
52
204
132
134
207
359
0
