144
297
344
24
344
355
62
386
312
66
152
344
319
395
25
224
139
346
24
316
103
23
347
24
316
22
136
28
0
348
392
149
344
18
25
120
242
319
18
111
19
330
294
179
221
282
394
15
277
395
7
92
183
350
11
75
395
25
19
395
0
291
163
394
277
337
9
163
392
24
386
333
73
22
139
346
24
316
73
23
347
24
316
22
136
183
36
323
344
193
355
62
28
0
292
144
31
394
253
76
386
395
19
240
127
389
115
341
246
62
372
26
0
190
27
355
167
333
38
231
339
392
56
0
374
106
235
19
300
344
244
161
340
393
36
0
125
127
333
115
24
345
303
139
270
0
106
179
18
10
225
231
246
133
342
352
316
277
305
231
122
30
24
386
395
25
139
346
24
316
103
23
347
24
316
22
136
242
333
73
22
139
346
24
316
73
23
347
24
316
22
136
287
344
395
291
163
139
316
295
300
231
333
68
45
163
392
220
344
277
107
132
355
62
189
358
185
189
358
