153
144
326
395
124
313
344
181
246
119
392
152
31
372
0
191
60
106
36
3
344
333
332
180
130
344
24
19
374
77
392
127
291
163
392
24
127
118
52
372
232
330
130
7
392
220
217
344
319
395
330
294
38
372
185
0
294
395
314
374
310
386
395
154
292
344
77
392
127
136
7
291
19
246
355
268
149
31
0
227
395
7
163
395
179
41
227
374
232
392
0
169
286
231
395
25
19
180
331
344
24
392
56
319
395
25
344
242
359
333
130
73
22
379
392
56
24
344
68
231
395
24
127
118
225
52
24
105
394
149
333
59
344
116
200
240
344
137
28
0
19
333
202
371
374
151
392
28
374
28
3
344
122
12
19
291
272
375
152
344
151
344
339
107
242
273
247
344
358
31
225
225
225
140
288
96
231
352
7
165
355
246
199
179
165
355
233
231
7
147
164
225
225
225
225
339
107
366
299
344
226
52
7
356
132
165
355
163
392
24
127
118
52
372
232
330
130
7
392
220
217
344
319
395
330
294
38
372
185
0
294
395
314
374
310
386
395
154
292
344
77
392
127
136
7
291
19
246
355
268
149
31
0
227
395
7
163
395
179
41
227
374
232
392
0
169
286
231
395
25
19
180
331
344
24
392
56
319
395
25
344
242
359
333
130
73
22
379
392
56
24
344
68
231
395
24
127
118
225
52
24
105
394
149
333
59
344
116
200
240
344
137
28
0
19
333
202
371
374
151
392
28
374
28
3
344
122
12
19
291
272
375
152
344
151
344
339
107
242
273
247
344
358
31
225
225
225
140
288
96
231
352
7
165
355
246
199
179
165
355
233
231
7
147
164
225
225
225
225
339
107
366
299
344
226
52
7
356
132
165
355
392
220
217
344
319
395
330
294
38
372
185
0
294
395
314
374
310
386
395
154
292
344
77
392
127
136
7
291
19
246
355
268
149
31
0
227
395
7
163
395
179
41
227
374
232
392
0
169
286
231
395
25
19
180
331
344
24
392
56
319
395
25
344
242
359
333
130
73
22
379
392
56
24
344
68
231
395
24
127
118
225
52
24
105
394
149
333
59
344
116
200
240
344
137
28
0
19
333
202
371
374
151
392
28
374
28
3
344
122
12
19
291
272
375
152
344
151
344
339
107
242
273
247
344
358
31
225
225
225
140
288
96
231
352
7
165
355
246
199
179
165
355
233
231
7
147
164
225
225
225
225
339
107
366
299
344
226
52
7
356
132
165
355
19
246
355
268
149
31
0
227
395
7
163
395
179
41
227
374
232
392
0
169
286
231
395
25
19
180
331
344
24
392
56
319
395
25
344
242
359
333
130
73
22
379
392
56
24
344
68
231
395
24
127
118
225
52
24
105
394
149
333
59
344
116
200
240
344
137
28
0
19
333
202
371
374
151
392
28
374
28
3
344
122
12
19
291
272
375
152
344
151
344
339
107
242
273
247
344
358
31
225
225
225
140
288
96
231
352
7
165
355
246
199
179
165
355
233
231
7
147
164
225
225
225
225
339
107
366
299
344
226
52
7
356
132
165
355
268
149
31
0
227
395
7
163
395
179
41
227
374
232
392
0
169
286
231
395
25
19
180
331
344
24
392
56
319
395
25
344
242
359
333
130
73
22
379
392
56
24
344
68
231
395
24
127
118
225
52
24
105
394
149
333
59
344
116
200
240
344
137
28
0
19
333
202
371
374
151
392
28
374
28
3
344
122
12
19
291
272
375
152
344
151
344
339
107
242
273
247
344
358
31
225
225
225
140
288
96
231
352
7
165
355
246
199
179
165
355
233
231
7
147
164
225
225
225
225
339
107
366
299
344
226
52
7
356
132
165
355
379
392
56
24
344
68
231
395
24
127
118
225
52
24
105
394
149
333
59
344
116
200
240
344
137
28
0
19
333
202
371
374
151
392
28
374
28
3
344
122
12
19
291
272
375
152
344
151
344
339
107
242
273
247
344
358
31
225
225
225
140
288
96
231
352
7
165
355
246
199
179
165
355
233
231
7
147
164
225
225
225
225
339
107
366
299
344
226
52
7
356
132
165
355
52
24
105
394
149
333
59
344
116
200
240
344
137
28
0
19
333
202
371
374
151
392
28
374
28
3
344
122
12
19
291
272
375
152
344
151
344
339
107
242
273
247
344
358
31
225
225
225
140
288
96
231
352
7
165
355
246
199
179
165
355
233
231
7
147
164
225
225
225
225
339
107
366
299
344
226
52
7
356
132
165
355
240
344
137
28
0
19
333
202
371
374
151
392
28
374
28
3
344
122
12
19
291
272
375
152
344
151
344
339
107
242
273
247
344
358
31
225
225
225
140
288
96
231
352
7
165
355
246
199
179
165
355
233
231
7
147
164
225
225
225
225
339
107
366
299
344
226
52
7
356
132
165
355
28
0
19
333
202
371
374
151
392
28
374
28
3
344
122
12
19
291
272
375
152
344
151
344
339
107
242
273
247
344
358
31
225
225
225
140
288
96
231
352
7
165
355
246
199
179
165
355
233
231
7
147
164
225
225
225
225
339
107
366
299
344
226
52
7
356
132
165
355
28
374
28
3
344
122
12
19
291
272
375
152
344
151
344
339
107
242
273
247
344
358
31
225
225
225
140
288
96
231
352
7
165
355
246
199
179
165
355
233
231
7
147
164
225
225
225
225
339
107
366
299
344
226
52
7
356
132
165
355
272
375
152
344
151
344
339
107
242
273
247
344
358
31
225
225
225
140
288
96
231
352
7
165
355
246
199
179
165
355
233
231
7
147
164
225
225
225
225
339
107
366
299
344
226
52
7
356
132
165
355
233
231
7
147
164
225
225
225
225
339
107
366
299
344
226
52
7
356
132
165
355
147
164
225
225
225
225
339
107
366
299
344
226
52
7
356
132
165
355
99
