153
144
161
385
36
364
19
167
253
175
339
321
344
188
1
392
395
219
313
395
68
257
19
377
392
156
344
98
337
170
26
15
127
188
1
355
382
167
333
348
231
358
19
389
225
231
216
355
333
225
279
355
167
333
127
225
391
167
0
179
224
28
0
216
355
382
18
167
31
392
385
137
0
231
253
332
179
344
310
386
337
236
235
236
386
204
36
395
7
82
395
68
295
267
175
26
0
142
240
127
392
344
359
68
7
170
372
56
1
395
25
395
4
19
166
192
246
223
225
105
5
25
89
182
225
227
16
227
259
182
225
227
259
227
259
19
225
73
101
164
182
225
227
259
227
259
182
225
227
16
227
259
19
333
225
102
225
164
211
182
225
227
259
227
259
19
251
225
251
164
182
225
182
225
182
225
182
225
342
364
175
26
52
237
304
36
323
344
290
395
205
342
163
231
333
34
342
388
127
392
121
130
344
78
204
31
242
225
225
225
161
156
344
344
392
306
96
231
7
62
279
233
355
233
231
352
7
225
225
225
225
225
339
107
366
299
344
226
52
356
132
352
107
182
225
227
259
227
259
182
225
227
16
227
259
19
333
225
102
225
164
211
182
225
227
259
227
259
19
251
225
251
164
182
225
182
225
182
225
182
225
342
364
175
26
52
237
304
36
323
344
290
395
205
342
163
231
333
34
342
388
127
392
121
130
344
78
204
31
242
225
225
225
161
156
344
344
392
306
96
231
7
62
279
233
355
233
231
352
7
225
225
225
225
225
339
107
366
299
344
226
52
356
132
352
107
211
182
225
227
259
227
259
19
251
225
251
164
182
225
182
225
182
225
182
225
342
364
175
26
52
237
304
36
323
344
290
395
205
342
163
231
333
34
342
388
127
392
121
130
344
78
204
31
242
225
225
225
161
156
344
344
392
306
96
231
7
62
279
233
355
233
231
352
7
225
225
225
225
225
339
107
366
299
344
226
52
356
132
352
107
182
225
182
225
182
225
182
225
342
364
175
26
52
237
304
36
323
344
290
395
205
342
163
231
333
34
342
388
127
392
121
130
344
78
204
31
242
225
225
225
161
156
344
344
392
306
96
231
7
62
279
233
355
233
231
352
7
225
225
225
225
225
339
107
366
299
344
226
52
356
132
352
107
99
