395
177
344
24
344
139
215
386
395
25
139
346
24
316
103
23
347
24
316
22
136
242
333
73
22
139
346
24
316
73
23
347
24
316
22
136
161
369
344
201
323
392
18
166
235
246
177
344
24
179
330
241
382
392
56
24
319
330
294
28
333
242
163
392
121
338
399
395
2
339
261
382
246
231
235
333
316
179
224
212
166
331
386
392
19
395
304
395
391
310
395
25
152
139
346
24
316
103
23
347
24
316
22
136
242
344
333
73
22
139
346
24
316
73
23
347
24
316
22
136
372
195
129
344
77
392
127
7
19
291
42
139
355
225
225
139
333
68
45
316
295
300
356
344
220
277
107
132
358
