71
296
381
246
344
201
311
155
372
156
344
296
392
235
55
144
372
177
392
19
395
119
344
115
333
373
311
74
124
19
19
296
127
396
381
246
344
201
311
334
155
181
358
167
253
19
296
127
396
163
311
179
333
287
125
127
392
395
55
115
56
168
0
225
210
7
170
301
0
225
210
55
349
52
0
85
316
18
386
395
2
231
172
0
59
344
76
386
18
7
122
12
281
235
395
249
167
236
231
246
216
127
212
170
61
247
339
362
235
377
392
56
132
395
55
365
127
246
118
349
179
224
239
337
365
357
304
36
323
344
395
345
280
127
0
55
365
163
392
149
20
272
78
358
31
225
225
225
242
372
195
129
344
296
392
235
55
339
118
96
231
373
233
231
7
7
97
311
365
397
225
311
355
14
287
284
392
277
339
107
52
280
31
242
167
344
74
395
25
246
242
0
246
199
179
311
355
233
231
7
225
355
167
225
339
107
366
299
344
226
52
311
355
7
356
132
311
355
163
392
149
20
272
78
358
31
225
225
225
242
372
195
129
344
296
392
235
55
339
118
96
231
373
233
231
7
7
97
311
365
397
225
311
355
14
287
284
392
277
339
107
52
280
31
242
167
344
74
395
25
246
242
0
246
199
179
311
355
233
231
7
225
355
167
225
339
107
366
299
344
226
52
311
355
7
356
132
311
355
97
311
365
397
225
311
355
14
287
284
392
277
339
107
52
280
31
242
167
344
74
395
25
246
242
0
246
199
179
311
355
233
231
7
225
355
167
225
339
107
366
299
344
226
52
311
355
7
356
132
311
355
365
397
225
311
355
14
287
284
392
277
339
107
52
280
31
242
167
344
74
395
25
246
242
0
246
199
179
311
355
233
231
7
225
355
167
225
339
107
366
299
344
226
52
311
355
7
356
132
311
355
397
225
311
355
14
287
284
392
277
339
107
52
280
31
242
167
344
74
395
25
246
242
0
246
199
179
311
355
233
231
7
225
355
167
225
339
107
366
299
344
226
52
311
355
7
356
132
311
355
99
