36
0
310
395
19
280
224
127
246
167
253
239
157
36
0
181
358
127
239
157
344
188
1
7
176
157
241
122
12
19
291
205
386
2
68
19
316
285
326
0
55
19
147
349
150
132
85
316
19
149
0
59
344
305
131
182
225
225
55
133
88
112
310
395
19
280
127
246
239
157
112
56
36
31
18
169
268
290
385
36
299
247
344
344
333
112
225
225
225
339
107
366
299
344
226
52
352
7
112
356
132
165
355
344
188
1
7
176
157
241
122
12
19
291
205
386
2
68
19
316
285
326
0
55
19
147
349
150
132
85
316
19
149
0
59
344
305
131
182
225
225
55
133
88
112
310
395
19
280
127
246
239
157
112
56
36
31
18
169
268
290
385
36
299
247
344
344
333
112
225
225
225
339
107
366
299
344
226
52
352
7
112
356
132
165
355
112
56
36
31
18
169
268
290
385
36
299
247
344
344
333
112
225
225
225
339
107
366
299
344
226
52
352
7
112
356
132
165
355
18
169
268
290
385
36
299
247
344
344
333
112
225
225
225
339
107
366
299
344
226
52
352
7
112
356
132
165
355
99
