188
158
394
144
158
43
333
389
390
36
163
212
158
344
357
19
201
180
332
371
392
192
0
152
392
183
340
1
0
371
394
188
158
344
201
180
304
386
333
344
296
167
218
371
384
369
392
344
167
0
389
19
188
158
344
201
180
43
127
369
344
185
212
304
98
372
372
177
392
344
319
333
19
25
345
303
145
68
233
231
7
270
372
205
225
231
395
122
217
237
0
231
68
19
355
212
331
227
167
333
311
56
332
145
68
233
231
7
225
251
315
145
162
225
225
225
225
225
145
68
179
72
344
0
261
231
167
231
7
108
19
157
19
167
3
344
19
167
180
106
268
300
242
6
220
253
36
235
333
231
216
242
135
135
19
312
242
395
266
179
166
344
358
28
179
395
169
339
107
366
299
344
226
52
145
68
356
132
145
68
144
158
43
333
389
390
36
163
212
158
344
357
19
201
180
332
371
392
192
0
152
392
183
340
1
0
371
394
188
158
344
201
180
304
386
333
344
296
167
218
371
384
369
392
344
167
0
389
19
188
158
344
201
180
43
127
369
344
185
212
304
98
372
372
177
392
344
319
333
19
25
345
303
145
68
233
231
7
270
372
205
225
231
395
122
217
237
0
231
68
19
355
212
331
227
167
333
311
56
332
145
68
233
231
7
225
251
315
145
162
225
225
225
225
225
145
68
179
72
344
0
261
231
167
231
7
108
19
157
19
167
3
344
19
167
180
106
268
300
242
6
220
253
36
235
333
231
216
242
135
135
19
312
242
395
266
179
166
344
358
28
179
395
169
339
107
366
299
344
226
52
145
68
356
132
145
68
372
177
392
344
319
333
19
25
345
303
145
68
233
231
7
270
372
205
225
231
395
122
217
237
0
231
68
19
355
212
331
227
167
333
311
56
332
145
68
233
231
7
225
251
315
145
162
225
225
225
225
225
145
68
179
72
344
0
261
231
167
231
7
108
19
157
19
167
3
344
19
167
180
106
268
300
242
6
220
253
36
235
333
231
216
242
135
135
19
312
242
395
266
179
166
344
358
28
179
395
169
339
107
366
299
344
226
52
145
68
356
132
145
68
345
303
145
68
233
231
7
270
372
205
225
231
395
122
217
237
0
231
68
19
355
212
331
227
167
333
311
56
332
145
68
233
231
7
225
251
315
145
162
225
225
225
225
225
145
68
179
72
344
0
261
231
167
231
7
108
19
157
19
167
3
344
19
167
180
106
268
300
242
6
220
253
36
235
333
231
216
242
135
135
19
312
242
395
266
179
166
344
358
28
179
395
169
339
107
366
299
344
226
52
145
68
356
132
145
68
99
