144
253
177
392
344
24
344
311
355
386
333
25
139
346
24
316
103
23
347
24
316
22
136
161
15
369
344
302
158
10
0
106
179
311
179
333
213
10
271
283
355
167
332
246
141
140
235
344
212
19
115
331
141
231
20
244
311
355
167
316
149
344
367
344
141
132
311
344
137
388
115
19
391
212
331
225
167
341
212
331
227
55
174
19
235
55
108
386
225
95
108
333
9
140
235
50
224
161
369
344
188
212
1
392
378
392
24
386
220
111
242
330
282
269
392
386
3
344
246
25
139
346
24
316
103
23
347
24
316
22
136
395
330
294
26
282
237
163
392
390
192
344
36
77
127
291
392
203
15
24
344
311
386
333
73
22
139
346
24
316
73
23
347
24
316
22
136
19
333
9
161
195
129
344
77
392
127
118
7
144
139
139
316
295
300
231
333
68
45
163
392
263
221
344
277
107
132
311
355
258
189
358
185
258
189
358
