386
170
372
56
392
167
333
179
339
170
144
192
344
392
170
235
14
187
19
332
310
386
149
357
344
78
170
19
395
2
172
235
26
333
126
144
263
215
144
107
226
2
172
193
302
395
2
172
386
358
179
166
163
392
203
221
185
377
393
192
344
317
167
332
170
358
344
392
200
19
31
187
332
392
203
221
242
170
179
19
180
237
326
0
140
344
383
395
152
326
246
200
1
377
393
192
344
317
31
187
326
246
200
235
395
21
374
0
231
317
332
125
395
172
19
0
374
79
344
392
187
167
333
188
0
212
1
246
55
316
74
19
333
240
394
97
28
0
257
0
365
326
395
116
236
313
19
365
55
167
253
163
332
167
333
372
15
232
238
301
382
392
56
32
233
231
7
225
225
225
225
178
308
225
365
187
24
123
395
187
179
18
171
392
149
277
339
107
38
187
395
170
132
68
45
242
0
68
295
243
339
107
366
299
344
226
52
187
7
356
132
333
355
231
383
395
152
326
246
200
1
377
393
192
344
317
31
187
326
246
200
235
395
21
374
0
231
317
332
125
395
172
19
0
374
79
344
392
187
167
333
188
0
212
1
246
55
316
74
19
333
240
394
97
28
0
257
0
365
326
395
116
236
313
19
365
55
167
253
163
332
167
333
372
15
232
238
301
382
392
56
32
233
231
7
225
225
225
225
178
308
225
365
187
24
123
395
187
179
18
171
392
149
277
339
107
38
187
395
170
132
68
45
242
0
68
295
243
339
107
366
299
344
226
52
187
7
356
132
333
355
231
1
377
393
192
344
317
31
187
326
246
200
235
395
21
374
0
231
317
332
125
395
172
19
0
374
79
344
392
187
167
333
188
0
212
1
246
55
316
74
19
333
240
394
97
28
0
257
0
365
326
395
116
236
313
19
365
55
167
253
163
332
167
333
372
15
232
238
301
382
392
56
32
233
231
7
225
225
225
225
178
308
225
365
187
24
123
395
187
179
18
171
392
149
277
339
107
38
187
395
170
132
68
45
242
0
68
295
243
339
107
366
299
344
226
52
187
7
356
132
333
355
231
374
79
344
392
187
167
333
188
0
212
1
246
55
316
74
19
333
240
394
97
28
0
257
0
365
326
395
116
236
313
19
365
55
167
253
163
332
167
333
372
15
232
238
301
382
392
56
32
233
231
7
225
225
225
225
178
308
225
365
187
24
123
395
187
179
18
171
392
149
277
339
107
38
187
395
170
132
68
45
242
0
68
295
243
339
107
366
299
344
226
52
187
7
356
132
333
355
231
326
395
116
236
313
19
365
55
167
253
163
332
167
333
372
15
232
238
301
382
392
56
32
233
231
7
225
225
225
225
178
308
225
365
187
24
123
395
187
179
18
171
392
149
277
339
107
38
187
395
170
132
68
45
242
0
68
295
243
339
107
366
299
344
226
52
187
7
356
132
333
355
231
233
231
7
225
225
225
225
178
308
225
365
187
24
123
395
187
179
18
171
392
149
277
339
107
38
187
395
170
132
68
45
242
0
68
295
243
339
107
366
299
344
226
52
187
7
356
132
333
355
231
24
123
395
187
179
18
171
392
149
277
339
107
38
187
395
170
132
68
45
242
0
68
295
243
339
107
366
299
344
226
52
187
7
356
132
333
355
231
123
395
187
179
18
171
392
149
277
339
107
38
187
395
170
132
68
45
242
0
68
295
243
339
107
366
299
344
226
52
187
7
356
132
333
355
231
187
179
18
171
392
149
277
339
107
38
187
395
170
132
68
45
242
0
68
295
243
339
107
366
299
344
226
52
187
7
356
132
333
355
231
99
