159
105
92
25
179
194
91
144
392
56
319
395
25
344
154
260
355
144
395
218
68
179
53
392
19
159
56
395
191
176
377
358
31
159
392
277
18
106
167
18
386
163
392
217
276
344
24
159
15
0
225
127
141
40
58
242
141
292
387
225
88
231
141
144
332
225
260
331
333
216
372
195
129
344
286
395
25
392
56
319
395
25
28
105
28
303
298
279
7
82
159
7
233
78
170
130
225
225
225
236
355
154
260
225
339
107
366
299
344
226
52
356
132
154
260
355
24
207
236
355
154
260
225
339
107
366
299
344
226
52
356
132
154
260
355
24
207
339
107
366
299
344
226
52
356
132
154
260
355
24
207
99
