153
144
395
51
355
7
82
161
369
344
273
247
344
19
232
214
30
152
344
151
161
56
377
332
127
392
163
395
183
137
344
185
51
161
56
302
212
1
20
231
246
225
200
242
333
64
231
183
204
18
107
36
281
51
31
154
292
19
68
339
118
202
231
335
364
61
246
344
296
163
36
205
386
316
132
395
292
306
395
140
344
127
20
272
392
203
149
1
333
7
267
161
232
14
231
214
316
333
240
344
205
386
204
364
236
235
236
242
386
392
19
395
119
344
395
25
377
395
257
344
317
242
20
272
392
203
149
1
51
290
0
386
204
152
28
392
203
185
51
232
330
241
7
380
242
221
344
24
386
294
56
36
0
163
393
192
344
341
395
249
330
242
25
242
163
392
149
272
183
344
339
207
127
30
392
56
78
204
31
225
225
225
242
107
161
195
129
344
395
68
295
19
158
51
355
203
36
0
252
231
180
303
30
96
231
7
225
35
167
225
225
225
225
339
107
366
299
344
226
52
356
132
14
207
132
51
355
233
231
7
7
82
161
369
344
273
247
344
19
232
214
30
152
344
151
161
56
377
332
127
392
163
395
183
137
344
185
51
161
56
302
212
1
20
231
246
225
200
242
333
64
231
183
204
18
107
36
281
51
31
154
292
19
68
339
118
202
231
335
364
61
246
344
296
163
36
205
386
316
132
395
292
306
395
140
344
127
20
272
392
203
149
1
333
7
267
161
232
14
231
214
316
333
240
344
205
386
204
364
236
235
236
242
386
392
19
395
119
344
395
25
377
395
257
344
317
242
20
272
392
203
149
1
51
290
0
386
204
152
28
392
203
185
51
232
330
241
7
380
242
221
344
24
386
294
56
36
0
163
393
192
344
341
395
249
330
242
25
242
163
392
149
272
183
344
339
207
127
30
392
56
78
204
31
225
225
225
242
107
161
195
129
344
395
68
295
19
158
51
355
203
36
0
252
231
180
303
30
96
231
7
225
35
167
225
225
225
225
339
107
366
299
344
226
52
356
132
14
207
132
51
355
233
231
7
242
333
64
231
183
204
18
107
36
281
51
31
154
292
19
68
339
118
202
231
335
364
61
246
344
296
163
36
205
386
316
132
395
292
306
395
140
344
127
20
272
392
203
149
1
333
7
267
161
232
14
231
214
316
333
240
344
205
386
204
364
236
235
236
242
386
392
19
395
119
344
395
25
377
395
257
344
317
242
20
272
392
203
149
1
51
290
0
386
204
152
28
392
203
185
51
232
330
241
7
380
242
221
344
24
386
294
56
36
0
163
393
192
344
341
395
249
330
242
25
242
163
392
149
272
183
344
339
207
127
30
392
56
78
204
31
225
225
225
242
107
161
195
129
344
395
68
295
19
158
51
355
203
36
0
252
231
180
303
30
96
231
7
225
35
167
225
225
225
225
339
107
366
299
344
226
52
356
132
14
207
132
51
355
233
231
7
36
281
51
31
154
292
19
68
339
118
202
231
335
364
61
246
344
296
163
36
205
386
316
132
395
292
306
395
140
344
127
20
272
392
203
149
1
333
7
267
161
232
14
231
214
316
333
240
344
205
386
204
364
236
235
236
242
386
392
19
395
119
344
395
25
377
395
257
344
317
242
20
272
392
203
149
1
51
290
0
386
204
152
28
392
203
185
51
232
330
241
7
380
242
221
344
24
386
294
56
36
0
163
393
192
344
341
395
249
330
242
25
242
163
392
149
272
183
344
339
207
127
30
392
56
78
204
31
225
225
225
242
107
161
195
129
344
395
68
295
19
158
51
355
203
36
0
252
231
180
303
30
96
231
7
225
35
167
225
225
225
225
339
107
366
299
344
226
52
356
132
14
207
132
51
355
233
231
7
344
296
163
36
205
386
316
132
395
292
306
395
140
344
127
20
272
392
203
149
1
333
7
267
161
232
14
231
214
316
333
240
344
205
386
204
364
236
235
236
242
386
392
19
395
119
344
395
25
377
395
257
344
317
242
20
272
392
203
149
1
51
290
0
386
204
152
28
392
203
185
51
232
330
241
7
380
242
221
344
24
386
294
56
36
0
163
393
192
344
341
395
249
330
242
25
242
163
392
149
272
183
344
339
207
127
30
392
56
78
204
31
225
225
225
242
107
161
195
129
344
395
68
295
19
158
51
355
203
36
0
252
231
180
303
30
96
231
7
225
35
167
225
225
225
225
339
107
366
299
344
226
52
356
132
14
207
132
51
355
233
231
7
28
392
203
185
51
232
330
241
7
380
242
221
344
24
386
294
56
36
0
163
393
192
344
341
395
249
330
242
25
242
163
392
149
272
183
344
339
207
127
30
392
56
78
204
31
225
225
225
242
107
161
195
129
344
395
68
295
19
158
51
355
203
36
0
252
231
180
303
30
96
231
7
225
35
167
225
225
225
225
339
107
366
299
344
226
52
356
132
14
207
132
51
355
233
231
7
380
242
221
344
24
386
294
56
36
0
163
393
192
344
341
395
249
330
242
25
242
163
392
149
272
183
344
339
207
127
30
392
56
78
204
31
225
225
225
242
107
161
195
129
344
395
68
295
19
158
51
355
203
36
0
252
231
180
303
30
96
231
7
225
35
167
225
225
225
225
339
107
366
299
344
226
52
356
132
14
207
132
51
355
233
231
7
161
195
129
344
395
68
295
19
158
51
355
203
36
0
252
231
180
303
30
96
231
7
225
35
167
225
225
225
225
339
107
366
299
344
226
52
356
132
14
207
132
51
355
233
231
7
99
