91
144
38
161
132
392
1
395
177
344
24
344
355
139
346
24
316
103
23
347
24
316
22
136
161
369
344
201
323
161
149
333
107
66
152
344
273
392
139
346
24
316
103
23
347
24
316
22
136
19
214
177
344
24
386
246
253
9
25
139
346
24
316
103
23
347
24
316
22
136
392
56
180
167
210
392
149
344
18
25
120
36
323
344
395
120
167
395
25
330
294
241
394
277
0
350
7
92
11
161
277
395
75
25
19
394
36
77
127
291
386
142
291
372
149
371
344
395
119
344
127
104
391
235
246
392
167
395
134
19
392
344
395
134
122
217
345
380
392
369
344
310
395
25
287
224
242
183
326
0
195
258
201
395
41
161
369
344
24
344
355
345
139
346
24
316
103
23
347
24
316
22
136
369
344
214
253
9
25
161
344
24
344
355
139
346
24
316
103
23
347
24
316
22
136
303
139
270
144
24
345
344
181
246
74
139
346
24
316
103
23
347
24
316
22
136
74
332
168
246
55
167
0
332
225
88
231
19
0
127
391
6
19
246
333
311
246
238
241
392
344
188
158
392
369
379
392
369
139
333
68
45
316
295
300
163
393
221
277
107
355
189
358
185
189
358
