296
358
167
253
144
233
231
7
19
122
344
321
365
88
137
0
225
144
181
358
127
321
365
88
235
182
225
163
395
212
331
225
344
54
374
392
127
225
231
395
123
247
212
280
127
321
365
88
349
54
37
55
395
272
127
0
386
117
19
85
316
150
132
333
355
61
247
18
241
122
12
301
19
0
130
235
333
73
163
182
225
388
127
392
290
18
169
365
20
88
167
182
344
36
127
333
270
163
395
61
247
246
235
55
359
127
0
54
355
225
225
225
225
225
225
225
225
339
107
366
299
344
226
52
54
355
365
328
356
132
54
355
280
127
321
365
88
349
54
37
55
395
272
127
0
386
117
19
85
316
150
132
333
355
61
247
18
241
122
12
301
19
0
130
235
333
73
163
182
225
388
127
392
290
18
169
365
20
88
167
182
344
36
127
333
270
163
395
61
247
246
235
55
359
127
0
54
355
225
225
225
225
225
225
225
225
339
107
366
299
344
226
52
54
355
365
328
356
132
54
355
349
54
37
55
395
272
127
0
386
117
19
85
316
150
132
333
355
61
247
18
241
122
12
301
19
0
130
235
333
73
163
182
225
388
127
392
290
18
169
365
20
88
167
182
344
36
127
333
270
163
395
61
247
246
235
55
359
127
0
54
355
225
225
225
225
225
225
225
225
339
107
366
299
344
226
52
54
355
365
328
356
132
54
355
20
88
167
182
344
36
127
333
270
163
395
61
247
246
235
55
359
127
0
54
355
225
225
225
225
225
225
225
225
339
107
366
299
344
226
52
54
355
365
328
356
132
54
355
359
127
0
54
355
225
225
225
225
225
225
225
225
339
107
366
299
344
226
52
54
355
365
328
356
132
54
355
225
225
225
339
107
366
299
344
226
52
54
355
365
328
356
132
54
355
339
107
366
299
344
226
52
54
355
365
328
356
132
54
355
99
