395
25
139
346
24
316
103
22
347
24
316
22
136
344
311
355
179
367
127
392
238
144
28
236
0
297
231
316
177
344
24
105
344
139
346
24
316
103
22
347
24
316
22
136
386
339
25
392
149
392
217
344
18
111
242
319
20
231
278
394
277
4
291
378
392
269
395
394
185
395
7
92
167
183
350
19
231
395
330
294
179
241
342
19
24
386
395
25
139
346
24
316
103
22
347
24
316
22
136
392
56
75
180
167
331
0
161
195
129
344
77
392
127
7
144
303
139
270
179
333
348
225
231
68
19
355
127
283
19
179
236
231
237
225
355
247
231
212
331
227
344
36
94
52
333
231
171
231
106
28
0
355
386
154
283
6
19
236
231
183
350
355
179
154
352
24
345
139
346
24
316
103
22
347
24
316
22
136
127
18
240
344
167
283
19
388
386
389
25
139
316
295
300
231
333
68
45
163
393
221
277
107
132
311
355
189
358
185
189
358
