280
127
184
198
239
157
144
372
392
31
184
198
50
336
179
240
344
296
246
55
357
235
289
33
225
280
224
127
246
213
239
157
115
127
316
280
224
184
198
289
33
225
225
198
55
392
385
116
246
37
55
205
85
316
386
389
117
19
137
343
127
333
7
19
122
12
224
339
107
366
299
344
226
52
198
356
132
196
311
355
50
336
179
240
344
296
246
55
357
235
289
33
225
280
224
127
246
213
239
157
115
127
316
280
224
184
198
289
33
225
225
198
55
392
385
116
246
37
55
205
85
316
386
389
117
19
137
343
127
333
7
19
122
12
224
339
107
366
299
344
226
52
198
356
132
196
311
355
127
316
280
224
184
198
289
33
225
225
198
55
392
385
116
246
37
55
205
85
316
386
389
117
19
137
343
127
333
7
19
122
12
224
339
107
366
299
344
226
52
198
356
132
196
311
355
184
198
289
33
225
225
198
55
392
385
116
246
37
55
205
85
316
386
389
117
19
137
343
127
333
7
19
122
12
224
339
107
366
299
344
226
52
198
356
132
196
311
355
289
33
225
225
198
55
392
385
116
246
37
55
205
85
316
386
389
117
19
137
343
127
333
7
19
122
12
224
339
107
366
299
344
226
52
198
356
132
196
311
355
339
107
366
299
344
226
52
198
356
132
196
311
355
99
