91
144
161
369
344
189
392
167
235
236
231
333
231
165
376
225
167
174
344
58
225
231
333
65
231
225
31
236
174
334
225
391
31
340
231
332
167
316
152
231
316
384
75
18
174
225
350
242
212
144
161
177
392
344
188
212
1
333
58
19
180
174
268
152
19
163
392
365
55
381
221
290
0
365
345
197
344
205
392
333
7
328
165
376
355
225
124
225
339
107
366
299
344
226
52
165
376
355
356
132
165
376
355
174
344
58
225
231
333
65
231
225
31
236
174
334
225
391
31
340
231
332
167
316
152
231
316
384
75
18
174
225
350
242
212
144
161
177
392
344
188
212
1
333
58
19
180
174
268
152
19
163
392
365
55
381
221
290
0
365
345
197
344
205
392
333
7
328
165
376
355
225
124
225
339
107
366
299
344
226
52
165
376
355
356
132
165
376
355
225
231
333
65
231
225
31
236
174
334
225
391
31
340
231
332
167
316
152
231
316
384
75
18
174
225
350
242
212
144
161
177
392
344
188
212
1
333
58
19
180
174
268
152
19
163
392
365
55
381
221
290
0
365
345
197
344
205
392
333
7
328
165
376
355
225
124
225
339
107
366
299
344
226
52
165
376
355
356
132
165
376
355
19
163
392
365
55
381
221
290
0
365
345
197
344
205
392
333
7
328
165
376
355
225
124
225
339
107
366
299
344
226
52
165
376
355
356
132
165
376
355
381
221
290
0
365
345
197
344
205
392
333
7
328
165
376
355
225
124
225
339
107
366
299
344
226
52
165
376
355
356
132
165
376
355
99
