144
258
214
177
344
24
344
139
215
386
312
139
346
24
316
103
23
347
24
316
22
136
214
7
309
19
161
369
344
188
212
1
392
28
306
28
372
56
19
201
395
115
24
28
28
336
179
220
111
344
19
330
294
217
127
7
395
330
294
26
282
237
163
393
192
344
36
77
127
291
319
395
25
224
139
346
24
316
103
23
347
24
316
22
136
392
203
15
24
344
139
215
386
333
73
22
378
180
39
34
161
15
177
392
344
116
381
311
201
333
127
304
202
316
183
192
392
326
225
384
388
344
36
333
124
167
153
119
344
141
132
68
311
38
231
246
2
386
333
355
344
151
316
344
173
167
333
64
242
386
333
231
0
19
28
0
200
173
386
19
115
176
0
133
342
11
141
167
18
386
167
396
167
333
42
192
19
14
139
215
316
380
395
242
20
244
58
392
63
24
344
139
215
345
386
395
25
139
346
24
316
103
23
347
24
316
22
136
258
214
235
339
374
240
139
139
316
295
300
231
333
68
45
163
392
263
221
344
277
107
132
311
355
258
189
358
185
258
189
358
