91
144
395
2
146
333
231
333
311
31
260
19
344
177
392
344
24
127
7
139
346
24
316
103
23
347
24
316
22
136
24
344
260
179
0
267
332
40
395
391
378
392
319
395
28
0
260
146
220
25
120
38
372
332
113
149
3
344
0
154
106
344
296
392
326
333
124
313
39
0
139
346
24
316
103
23
347
24
316
22
136
31
260
19
181
333
314
231
333
332
168
202
231
246
216
213
231
19
28
0
395
106
31
260
179
168
120
19
19
19
28
0
141
392
26
108
28
0
231
167
0
58
332
161
392
149
0
134
310
395
345
303
139
270
0
260
106
179
361
31
227
50
246
316
26
97
212
1
377
260
146
344
232
378
392
310
395
139
346
24
316
103
23
347
24
316
22
136
139
316
295
300
231
333
68
45
163
392
220
344
277
107
132
333
311
66
152
66
