144
161
369
344
201
323
392
333
114
332
392
149
177
344
24
344
355
52
246
233
231
352
7
144
161
369
344
201
323
392
333
114
332
392
149
177
344
24
344
355
52
246
233
231
352
7
392
56
24
344
386
395
25
139
346
24
316
103
23
347
24
316
22
136
242
333
73
22
139
346
24
316
73
23
347
24
316
22
136
386
333
126
9
220
25
120
220
294
282
18
7
92
291
201
246
25
212
253
19
179
183
236
9
231
246
28
0
134
392
56
212
322
344
151
392
395
133
392
399
36
212
240
344
386
117
384
1
395
392
399
212
3
344
188
341
19
392
399
277
212
344
396
19
395
74
341
167
58
332
399
288
333
231
0
93
19
6
395
344
19
333
231
246
60
389
19
392
399
374
235
395
371
137
310
235
395
25
139
346
24
316
103
23
347
24
316
22
136
242
333
73
22
139
346
24
316
73
23
347
24
316
22
136
19
137
231
333
114
42
139
270
24
344
224
359
395
25
139
346
24
316
103
23
347
24
316
22
136
242
333
73
22
139
346
24
316
73
23
347
24
316
22
136
386
220
120
19
220
294
19
392
306
36
333
225
231
108
242
167
141
292
387
231
277
395
93
355
225
225
139
333
68
45
316
295
300
356
344
220
277
107
132
358
