363
167
399
246
239
157
179
304
201
395
284
127
182
225
105
239
157
31
246
239
157
394
150
132
188
1
316
191
19
386
117
19
309
394
0
19
349
246
37
55
56
399
201
180
163
392
56
399
32
246
182
225
239
157
242
392
399
195
127
0
236
235
236
115
189
399
288
290
180
257
127
246
244
118
239
157
112
0
349
242
0
364
301
361
2
365
348
276
63
344
36
31
154
260
355
113
316
277
18
106
167
18
386
154
260
355
236
355
154
260
225
225
227
372
277
395
78
170
132
316
295
300
163
392
263
221
344
277
107
132
154
260
355
66
152
344
356
399
246
239
157
179
304
201
395
284
127
182
225
105
239
157
31
246
239
157
394
150
132
188
1
316
191
19
386
117
19
309
394
0
19
349
246
37
55
56
399
201
180
163
392
56
399
32
246
182
225
239
157
242
392
399
195
127
0
236
235
236
115
189
399
288
290
180
257
127
246
244
118
239
157
112
0
349
242
0
364
301
361
2
365
348
276
63
344
36
31
154
260
355
113
316
277
18
106
167
18
386
154
260
355
236
355
154
260
225
225
227
372
277
395
78
170
132
316
295
300
163
392
263
221
344
277
107
132
154
260
355
66
152
344
356
257
127
246
244
118
239
157
112
0
349
242
0
364
301
361
2
365
348
276
63
344
36
31
154
260
355
113
316
277
18
106
167
18
386
154
260
355
236
355
154
260
225
225
227
372
277
395
78
170
132
316
295
300
163
392
263
221
344
277
107
132
154
260
355
66
152
344
356
2
365
348
276
63
344
36
31
154
260
355
113
316
277
18
106
167
18
386
154
260
355
236
355
154
260
225
225
227
372
277
395
78
170
132
316
295
300
163
392
263
221
344
277
107
132
154
260
355
66
152
344
356
365
348
276
63
344
36
31
154
260
355
113
316
277
18
106
167
18
386
154
260
355
236
355
154
260
225
225
227
372
277
395
78
170
132
316
295
300
163
392
263
221
344
277
107
132
154
260
355
66
152
344
356
348
276
63
344
36
31
154
260
355
113
316
277
18
106
167
18
386
154
260
355
236
355
154
260
225
225
227
372
277
395
78
170
132
316
295
300
163
392
263
221
344
277
107
132
154
260
355
66
152
344
356
63
344
36
31
154
260
355
113
316
277
18
106
167
18
386
154
260
355
236
355
154
260
225
225
227
372
277
395
78
170
132
316
295
300
163
392
263
221
344
277
107
132
154
260
355
66
152
344
356
99
