372
195
31
113
231
395
333
111
25
225
7
267
372
369
392
344
185
14
333
372
167
246
50
7
267
144
77
395
115
19
264
167
2
19
244
168
158
395
154
292
65
26
242
6
307
242
241
322
19
241
231
278
36
0
330
343
185
378
333
26
127
19
19
201
0
330
257
386
395
154
292
82
167
344
36
77
127
171
291
330
36
182
225
31
333
231
395
298
391
359
333
15
392
56
326
337
330
28
202
342
28
392
369
61
247
212
330
326
343
152
274
212
1
246
330
261
152
330
343
330
261
272
273
247
344
246
151
7
309
31
8
242
53
225
225
225
386
20
272
392
203
149
1
246
7
267
375
344
151
225
225
225
102
8
225
316
300
48
186
225
225
44
44
266
261
24
365
10
339
107
366
299
344
226
52
355
231
329
356
132
333
355
231
329
186
339
107
366
299
344
226
52
355
231
329
356
132
333
355
231
329
186
99
