123
395
310
395
372
26
333
355
231
329
333
392
235
348
246
215
127
55
394
123
0
256
332
392
19
151
392
4
395
180
179
0
256
379
132
231
19
316
243
344
225
2
268
392
385
123
379
392
26
344
36
235
246
55
24
224
123
395
386
212
331
225
352
93
268
394
123
377
395
1
19
194
395
268
167
395
134
0
68
93
232
200
180
149
344
36
97
246
291
17
285
344
201
180
10
285
186
246
55
179
132
186
142
27
19
365
186
186
232
19
333
142
216
251
179
15
0
101
180
326
0
19
188
132
236
372
313
129
344
201
0
95
167
246
74
378
392
181
392
181
0
119
231
384
333
371
167
300
19
341
115
188
19
74
24
224
225
225
225
102
8
225
316
300
48
186
225
225
266
261
24
365
10
339
107
366
299
344
226
52
355
231
329
356
132
333
355
231
329
186
123
395
386
212
331
225
352
93
268
394
123
377
395
1
19
194
395
268
167
395
134
0
68
93
232
200
180
149
344
36
97
246
291
17
285
344
201
180
10
285
186
246
55
179
132
186
142
27
19
365
186
186
232
19
333
142
216
251
179
15
0
101
180
326
0
19
188
132
236
372
313
129
344
201
0
95
167
246
74
378
392
181
392
181
0
119
231
384
333
371
167
300
19
341
115
188
19
74
24
224
225
225
225
102
8
225
316
300
48
186
225
225
266
261
24
365
10
339
107
366
299
344
226
52
355
231
329
356
132
333
355
231
329
186
167
395
134
0
68
93
232
200
180
149
344
36
97
246
291
17
285
344
201
180
10
285
186
246
55
179
132
186
142
27
19
365
186
186
232
19
333
142
216
251
179
15
0
101
180
326
0
19
188
132
236
372
313
129
344
201
0
95
167
246
74
378
392
181
392
181
0
119
231
384
333
371
167
300
19
341
115
188
19
74
24
224
225
225
225
102
8
225
316
300
48
186
225
225
266
261
24
365
10
339
107
366
299
344
226
52
355
231
329
356
132
333
355
231
329
186
186
246
55
179
132
186
142
27
19
365
186
186
232
19
333
142
216
251
179
15
0
101
180
326
0
19
188
132
236
372
313
129
344
201
0
95
167
246
74
378
392
181
392
181
0
119
231
384
333
371
167
300
19
341
115
188
19
74
24
224
225
225
225
102
8
225
316
300
48
186
225
225
266
261
24
365
10
339
107
366
299
344
226
52
355
231
329
356
132
333
355
231
329
186
186
232
19
333
142
216
251
179
15
0
101
180
326
0
19
188
132
236
372
313
129
344
201
0
95
167
246
74
378
392
181
392
181
0
119
231
384
333
371
167
300
19
341
115
188
19
74
24
224
225
225
225
102
8
225
316
300
48
186
225
225
266
261
24
365
10
339
107
366
299
344
226
52
355
231
329
356
132
333
355
231
329
186
180
326
0
19
188
132
236
372
313
129
344
201
0
95
167
246
74
378
392
181
392
181
0
119
231
384
333
371
167
300
19
341
115
188
19
74
24
224
225
225
225
102
8
225
316
300
48
186
225
225
266
261
24
365
10
339
107
366
299
344
226
52
355
231
329
356
132
333
355
231
329
186
225
225
225
102
8
225
316
300
48
186
225
225
266
261
24
365
10
339
107
366
299
344
226
52
355
231
329
356
132
333
355
231
329
186
24
365
10
339
107
366
299
344
226
52
355
231
329
356
132
333
355
231
329
186
339
107
366
299
344
226
52
355
231
329
356
132
333
355
231
329
186
99
