91
144
161
340
392
149
333
344
36
0
142
320
31
355
332
381
161
177
392
344
24
386
333
297
25
345
139
346
24
316
103
23
347
24
316
22
136
378
392
319
395
297
25
139
346
24
316
103
23
347
24
316
22
136
392
149
344
18
111
394
277
291
19
394
277
0
7
92
394
326
9
231
241
330
294
31
246
316
197
333
236
235
236
106
338
277
386
0
316
344
117
19
18
65
231
183
225
316
372
232
212
331
225
352
268
132
344
49
19
132
344
293
163
392
263
392
203
24
344
386
333
73
22
139
346
24
316
73
23
347
24
316
22
136
394
277
14
333
9
359
333
73
22
183
344
395
193
231
292
139
346
24
316
73
23
347
24
316
22
136
161
195
129
344
77
392
127
7
19
97
212
1
395
144
161
177
392
344
319
395
297
25
139
346
24
316
103
23
347
24
316
22
136
242
333
73
22
139
346
24
316
73
23
347
24
316
22
136
345
303
139
270
172
167
326
395
106
333
355
127
283
157
18
236
231
333
19
305
231
333
389
213
283
319
395
297
25
139
346
24
316
103
23
347
24
316
22
136
242
73
22
139
346
24
316
73
23
347
24
316
22
136
345
139
316
295
300
231
333
68
45
163
393
221
277
107
132
355
189
358
185
189
358
