27
17
293
7
116
190
27
68
167
144
372
156
392
56
181
358
182
225
225
127
333
68
349
0
142
240
344
349
305
231
333
190
27
68
167
333
230
376
19
149
14
328
357
344
232
268
310
31
227
16
19
227
259
235
104
231
337
88
337
292
26
14
387
101
304
392
56
365
225
225
88
158
202
292
385
392
365
180
357
344
392
280
224
258
365
333
68
349
344
188
212
1
339
114
240
372
156
344
296
392
235
55
167
182
274
1
191
31
230
235
333
230
68
231
27
19
293
7
255
225
225
225
107
69
225
102
68
308
230
234
225
339
107
366
299
344
226
52
230
68
356
132
230
68
7
258
365
333
68
349
344
188
212
1
339
114
240
372
156
344
296
392
235
55
167
182
274
1
191
31
230
235
333
230
68
231
27
19
293
7
255
225
225
225
107
69
225
102
68
308
230
234
225
339
107
366
299
344
226
52
230
68
356
132
230
68
7
344
188
212
1
339
114
240
372
156
344
296
392
235
55
167
182
274
1
191
31
230
235
333
230
68
231
27
19
293
7
255
225
225
225
107
69
225
102
68
308
230
234
225
339
107
366
299
344
226
52
230
68
356
132
230
68
7
68
231
27
19
293
7
255
225
225
225
107
69
225
102
68
308
230
234
225
339
107
366
299
344
226
52
230
68
356
132
230
68
7
107
69
225
102
68
308
230
234
225
339
107
366
299
344
226
52
230
68
356
132
230
68
7
99
