336
0
256
127
113
231
31
230
27
17
293
7
179
167
246
144
394
123
31
230
344
333
231
246
348
68
231
27
19
293
19
389
231
380
395
18
18
242
18
336
26
202
371
392
56
176
395
342
167
333
68
231
27
19
293
168
32
65
167
333
242
0
209
326
167
132
19
44
344
19
0
310
395
249
0
235
230
316
386
248
225
0
391
220
163
395
176
0
242
372
149
127
392
116
240
369
333
42
231
389
246
93
268
316
344
19
190
27
31
333
52
93
167
274
1
191
31
230
235
333
230
68
231
27
19
293
7
255
225
225
225
107
69
225
102
68
308
230
234
225
339
107
366
299
344
226
52
230
68
356
132
230
68
7
369
333
42
231
389
246
93
268
316
344
19
190
27
31
333
52
93
167
274
1
191
31
230
235
333
230
68
231
27
19
293
7
255
225
225
225
107
69
225
102
68
308
230
234
225
339
107
366
299
344
226
52
230
68
356
132
230
68
7
316
344
19
190
27
31
333
52
93
167
274
1
191
31
230
235
333
230
68
231
27
19
293
7
255
225
225
225
107
69
225
102
68
308
230
234
225
339
107
366
299
344
226
52
230
68
356
132
230
68
7
68
231
27
19
293
7
255
225
225
225
107
69
225
102
68
308
230
234
225
339
107
366
299
344
226
52
230
68
356
132
230
68
7
107
69
225
102
68
308
230
234
225
339
107
366
299
344
226
52
230
68
356
132
230
68
7
99
