179
0
241
127
395
106
386
291
19
122
12
240
144
333
355
231
167
395
134
167
333
225
225
2
391
316
277
212
331
225
167
19
291
19
122
12
291
19
122
12
201
0
241
127
395
106
19
122
344
4
395
106
19
58
24
224
395
291
25
179
176
333
25
127
7
75
395
25
19
149
319
52
225
344
36
77
127
291
167
395
134
24
344
345
395
291
25
179
176
333
25
127
7
319
395
25
19
14
322
52
225
344
36
77
127
291
167
395
134
24
344
345
24
224
225
225
225
130
225
225
225
233
231
352
7
225
225
339
107
366
299
344
226
52
333
355
231
356
132
333
355
231
201
0
241
127
395
106
19
122
344
4
395
106
19
58
24
224
395
291
25
179
176
333
25
127
7
75
395
25
19
149
319
52
225
344
36
77
127
291
167
395
134
24
344
345
395
291
25
179
176
333
25
127
7
319
395
25
19
14
322
52
225
344
36
77
127
291
167
395
134
24
344
345
24
224
225
225
225
130
225
225
225
233
231
352
7
225
225
339
107
366
299
344
226
52
333
355
231
356
132
333
355
231
395
291
25
179
176
333
25
127
7
75
395
25
19
149
319
52
225
344
36
77
127
291
167
395
134
24
344
345
395
291
25
179
176
333
25
127
7
319
395
25
19
14
322
52
225
344
36
77
127
291
167
395
134
24
344
345
24
224
225
225
225
130
225
225
225
233
231
352
7
225
225
339
107
366
299
344
226
52
333
355
231
356
132
333
355
231
395
291
25
179
176
333
25
127
7
319
395
25
19
14
322
52
225
344
36
77
127
291
167
395
134
24
344
345
24
224
225
225
225
130
225
225
225
233
231
352
7
225
225
339
107
366
299
344
226
52
333
355
231
356
132
333
355
231
24
224
225
225
225
130
225
225
225
233
231
352
7
225
225
339
107
366
299
344
226
52
333
355
231
356
132
333
355
231
225
225
225
130
225
225
225
233
231
352
7
225
225
339
107
366
299
344
226
52
333
355
231
356
132
333
355
231
99
