91
144
372
185
332
392
26
344
39
18
6
167
19
344
84
60
167
395
74
332
381
100
355
292
231
146
84
0
218
19
268
127
352
316
246
231
27
167
339
268
385
269
386
167
231
333
19
333
19
264
392
344
39
0
167
333
242
344
167
0
348
141
242
292
394
100
275
344
201
18
395
203
326
392
219
167
333
118
231
225
218
167
316
192
392
344
386
264
392
386
333
19
344
201
18
235
333
389
333
167
232
0
361
231
340
19
332
385
151
392
167
0
231
19
237
0
297
292
232
18
352
93
19
380
392
26
172
167
271
261
242
333
242
389
333
167
269
0
354
19
332
385
138
392
18
9
167
19
31
394
317
117
384
26
167
333
216
50
372
185
332
333
231
179
332
180
151
19
304
395
106
385
15
168
344
394
326
9
231
333
355
19
141
386
167
19
231
395
380
332
179
293
271
242
236
231
100
268
167
49
242
333
27
48
167
355
64
179
31
333
231
100
19
55
304
392
26
237
313
132
231
240
127
110
80
106
19
188
19
38
231
339
394
326
133
9
231
100
194
19
188
74
392
149
333
19
333
101
344
142
188
212
1
158
333
292
231
218
167
56
151
392
344
395
213
58
303
298
127
1
365
78
292
231
225
315
254
225
339
107
366
299
344
226
52
100
355
356
132
100
355
56
151
392
344
395
213
58
303
298
127
1
365
78
292
231
225
315
254
225
339
107
366
299
344
226
52
100
355
356
132
100
355
365
78
292
231
225
315
254
225
339
107
366
299
344
226
52
100
355
356
132
100
355
78
292
231
225
315
254
225
339
107
366
299
344
226
52
100
355
356
132
100
355
292
231
225
315
254
225
339
107
366
299
344
226
52
100
355
356
132
100
355
99
