137
0
31
305
231
246
218
2
391
83
317
386
244
154
292
316
132
333
25
89
33
225
225
118
225
225
225
25
89
33
225
225
83
357
333
25
89
304
24
105
127
333
42
297
24
224
386
350
65
333
167
333
238
2
391
268
31
355
151
154
292
316
123
334
19
201
76
386
19
63
132
83
167
344
110
386
167
334
19
395
83
132
344
105
94
52
386
49
292
344
19
0
200
330
236
386
86
19
333
218
127
118
225
176
18
231
374
28
333
85
127
19
19
243
218
127
118
225
116
333
167
0
68
243
386
384
0
93
167
132
230
68
19
0
167
132
116
14
83
188
158
344
319
395
42
25
2
391
238
301
33
225
31
227
259
224
344
78
18
7
328
206
258
107
242
53
225
225
225
302
395
2
115
355
292
231
317
225
218
229
225
395
215
366
277
132
333
68
45
339
107
366
299
344
226
52
355
356
132
355
292
231
317
386
350
65
333
167
333
238
2
391
268
31
355
151
154
292
316
123
334
19
201
76
386
19
63
132
83
167
344
110
386
167
334
19
395
83
132
344
105
94
52
386
49
292
344
19
0
200
330
236
386
86
19
333
218
127
118
225
176
18
231
374
28
333
85
127
19
19
243
218
127
118
225
116
333
167
0
68
243
386
384
0
93
167
132
230
68
19
0
167
132
116
14
83
188
158
344
319
395
42
25
2
391
238
301
33
225
31
227
259
224
344
78
18
7
328
206
258
107
242
53
225
225
225
302
395
2
115
355
292
231
317
225
218
229
225
395
215
366
277
132
333
68
45
339
107
366
299
344
226
52
355
356
132
355
292
231
317
188
158
344
319
395
42
25
2
391
238
301
33
225
31
227
259
224
344
78
18
7
328
206
258
107
242
53
225
225
225
302
395
2
115
355
292
231
317
225
218
229
225
395
215
366
277
132
333
68
45
339
107
366
299
344
226
52
355
356
132
355
292
231
317
344
78
18
7
328
206
258
107
242
53
225
225
225
302
395
2
115
355
292
231
317
225
218
229
225
395
215
366
277
132
333
68
45
339
107
366
299
344
226
52
355
356
132
355
292
231
317
99
