91
144
213
355
302
305
73
147
83
372
149
337
50
98
392
185
337
332
26
354
173
174
268
339
268
316
344
326
18
174
167
333
389
235
20
19
333
237
338
127
26
333
386
333
216
366
333
355
167
333
389
344
36
243
312
52
333
216
339
312
19
246
344
218
64
138
246
316
344
167
235
301
32
205
386
19
235
333
231
333
136
28
281
233
231
339
354
233
333
19
272
231
246
316
176
133
157
115
28
333
171
19
333
321
268
192
337
180
399
288
344
296
381
246
316
26
19
268
268
192
333
93
167
19
27
17
293
293
17
49
19
49
19
246
316
344
172
176
0
392
369
344
19
242
350
244
337
76
344
191
341
236
231
337
268
350
231
335
246
19
333
124
26
246
236
231
246
19
179
333
378
333
225
55
19
341
48
244
26
183
127
131
339
192
333
231
74
332
392
390
369
344
39
0
252
231
163
304
77
365
55
344
188
158
392
56
48
395
134
386
42
96
231
7
68
231
381
179
225
95
74
19
95
317
339
19
244
271
19
386
399
288
218
68
231
137
386
107
316
173
316
255
225
225
225
225
225
225
127
19
21
344
29
272
258
365
355
399
288
225
170
356
160
99
