19
48
0
191
394
197
233
231
7
19
122
378
392
141
132
54
394
137
0
50
212
331
332
394
36
344
48
0
58
19
191
392
197
31
54
355
392
385
97
377
179
53
392
344
98
19
384
179
53
392
344
36
394
15
149
240
31
395
344
264
127
19
395
219
313
58
283
240
141
292
19
139
341
54
117
309
19
275
344
31
54
180
14
310
378
392
24
345
24
345
298
7
82
225
225
225
225
225
225
225
225
54
355
225
225
225
225
225
225
225
225
339
107
366
299
344
226
52
54
355
356
132
54
355
298
7
82
225
225
225
225
225
225
225
225
54
355
225
225
225
225
225
225
225
225
339
107
366
299
344
226
52
54
355
356
132
54
355
225
225
225
339
107
366
299
344
226
52
54
355
356
132
54
355
339
107
366
299
344
226
52
54
355
356
132
54
355
99
