91
368
128
355
0
190
27
292
167
386
18
227
316
117
225
200
19
225
209
392
385
123
0
74
72
344
84
240
127
392
344
19
2
19
253
31
368
128
392
385
40
0
231
379
392
385
388
341
19
0
134
332
385
333
389
395
117
206
385
177
392
344
84
19
272
167
371
332
385
110
19
392
19
231
333
19
243
385
269
392
59
344
344
191
333
368
128
19
395
167
371
392
385
110
386
333
190
27
167
332
385
392
127
333
231
395
191
385
232
379
392
203
395
392
385
218
19
149
395
115
167
395
83
19
341
368
128
317
19
139
268
19
341
339
14
392
385
386
316
117
19
309
332
385
0
344
188
212
1
339
256
386
384
369
344
110
386
333
389
167
371
372
156
392
385
365
246
55
74
372
149
218
240
127
55
365
115
332
40
235
33
225
372
15
156
394
181
358
127
246
194
364
170
301
368
19
90
372
109
392
344
126
246
344
188
212
1
240
31
368
128
19
14
25
344
368
128
26
224
34
372
156
392
385
24
368
128
355
339
107
366
299
344
226
52
368
128
355
7
356
132
368
128
355
19
395
167
371
392
385
110
386
333
190
27
167
332
385
392
127
333
231
395
191
385
232
379
392
203
395
392
385
218
19
149
395
115
167
395
83
19
341
368
128
317
19
139
268
19
341
339
14
392
385
386
316
117
19
309
332
385
0
344
188
212
1
339
256
386
384
369
344
110
386
333
389
167
371
372
156
392
385
365
246
55
74
372
149
218
240
127
55
365
115
332
40
235
33
225
372
15
156
394
181
358
127
246
194
364
170
301
368
19
90
372
109
392
344
126
246
344
188
212
1
240
31
368
128
19
14
25
344
368
128
26
224
34
372
156
392
385
24
368
128
355
339
107
366
299
344
226
52
368
128
355
7
356
132
368
128
355
19
341
339
14
392
385
386
316
117
19
309
332
385
0
344
188
212
1
339
256
386
384
369
344
110
386
333
389
167
371
372
156
392
385
365
246
55
74
372
149
218
240
127
55
365
115
332
40
235
33
225
372
15
156
394
181
358
127
246
194
364
170
301
368
19
90
372
109
392
344
126
246
344
188
212
1
240
31
368
128
19
14
25
344
368
128
26
224
34
372
156
392
385
24
368
128
355
339
107
366
299
344
226
52
368
128
355
7
356
132
368
128
355
332
40
235
33
225
372
15
156
394
181
358
127
246
194
364
170
301
368
19
90
372
109
392
344
126
246
344
188
212
1
240
31
368
128
19
14
25
344
368
128
26
224
34
372
156
392
385
24
368
128
355
339
107
366
299
344
226
52
368
128
355
7
356
132
368
128
355
19
90
372
109
392
344
126
246
344
188
212
1
240
31
368
128
19
14
25
344
368
128
26
224
34
372
156
392
385
24
368
128
355
339
107
366
299
344
226
52
368
128
355
7
356
132
368
128
355
372
109
392
344
126
246
344
188
212
1
240
31
368
128
19
14
25
344
368
128
26
224
34
372
156
392
385
24
368
128
355
339
107
366
299
344
226
52
368
128
355
7
356
132
368
128
355
99
