362
144
31
165
376
372
333
115
246
316
149
333
26
183
28
166
28
333
2
115
332
180
386
212
331
225
95
19
243
344
116
19
326
252
167
6
26
0
276
197
334
342
31
42
231
14
163
392
123
377
395
195
127
180
344
310
395
249
280
316
243
31
165
376
168
240
167
316
191
6
27
2
19
191
144
326
0
195
31
339
362
156
180
385
138
392
18
231
158
316
26
19
305
231
333
6
392
56
28
0
358
235
395
193
19
156
344
296
392
235
55
127
0
365
306
333
7
328
165
376
355
339
107
366
299
344
226
52
165
376
355
356
132
165
376
355
99
