363
167
116
88
182
225
225
17
225
205
7
82
76
386
85
316
19
349
246
37
55
392
56
48
395
249
115
19
86
395
88
336
399
288
220
43
371
344
296
163
179
395
134
155
331
365
358
116
88
395
249
19
97
377
180
344
36
0
97
399
288
268
19
316
191
240
19
137
170
1
333
7
267
149
272
392
399
137
395
21
31
116
88
86
395
115
336
26
244
371
344
116
372
232
253
365
19
364
349
240
344
97
191
28
0
2
7
17
12
191
31
348
276
360
355
225
101
360
167
225
372
277
395
78
170
132
316
295
300
163
392
263
221
344
277
107
132
360
355
66
152
344
356
116
88
182
225
225
17
225
205
7
82
76
386
85
316
19
349
246
37
55
392
56
48
395
249
115
19
86
395
88
336
399
288
220
43
371
344
296
163
179
395
134
155
331
365
358
116
88
395
249
19
97
377
180
344
36
0
97
399
288
268
19
316
191
240
19
137
170
1
333
7
267
149
272
392
399
137
395
21
31
116
88
86
395
115
336
26
244
371
344
116
372
232
253
365
19
364
349
240
344
97
191
28
0
2
7
17
12
191
31
348
276
360
355
225
101
360
167
225
372
277
395
78
170
132
316
295
300
163
392
263
221
344
277
107
132
360
355
66
152
344
356
7
17
12
191
31
348
276
360
355
225
101
360
167
225
372
277
395
78
170
132
316
295
300
163
392
263
221
344
277
107
132
360
355
66
152
344
356
191
31
348
276
360
355
225
101
360
167
225
372
277
395
78
170
132
316
295
300
163
392
263
221
344
277
107
132
360
355
66
152
344
356
348
276
360
355
225
101
360
167
225
372
277
395
78
170
132
316
295
300
163
392
263
221
344
277
107
132
360
355
66
152
344
356
360
355
225
101
360
167
225
372
277
395
78
170
132
316
295
300
163
392
263
221
344
277
107
132
360
355
66
152
344
356
99
