333
225
25
179
194
153
144
339
342
219
391
392
36
395
68
193
395
127
14
19
264
396
127
18
192
220
244
336
304
127
392
344
195
129
344
19
180
14
310
224
38
246
225
73
25
179
34
344
123
247
377
36
167
127
392
370
28
316
235
334
124
391
231
68
10
391
316
384
127
217
12
225
231
334
122
217
140
365
55
349
55
19
150
377
191
179
192
132
316
395
15
177
344
181
0
364
170
301
316
19
212
365
24
344
36
396
19
344
180
14
252
231
333
115
24
52
225
127
105
92
19
225
127
92
24
151
225
200
225
209
19
200
282
127
124
391
19
173
316
68
282
25
89
149
272
1
24
36
344
151
78
358
31
242
225
225
225
303
0
90
231
7
270
181
246
199
193
127
170
1
395
200
112
19
89
233
231
7
225
355
256
229
225
228
339
107
366
299
344
226
52
355
7
356
132
355
179
34
344
123
247
377
36
167
127
392
370
28
316
235
334
124
391
231
68
10
391
316
384
127
217
12
225
231
334
122
217
140
365
55
349
55
19
150
377
191
179
192
132
316
395
15
177
344
181
0
364
170
301
316
19
212
365
24
344
36
396
19
344
180
14
252
231
333
115
24
52
225
127
105
92
19
225
127
92
24
151
225
200
225
209
19
200
282
127
124
391
19
173
316
68
282
25
89
149
272
1
24
36
344
151
78
358
31
242
225
225
225
303
0
90
231
7
270
181
246
199
193
127
170
1
395
200
112
19
89
233
231
7
225
355
256
229
225
228
339
107
366
299
344
226
52
355
7
356
132
355
235
334
124
391
231
68
10
391
316
384
127
217
12
225
231
334
122
217
140
365
55
349
55
19
150
377
191
179
192
132
316
395
15
177
344
181
0
364
170
301
316
19
212
365
24
344
36
396
19
344
180
14
252
231
333
115
24
52
225
127
105
92
19
225
127
92
24
151
225
200
225
209
19
200
282
127
124
391
19
173
316
68
282
25
89
149
272
1
24
36
344
151
78
358
31
242
225
225
225
303
0
90
231
7
270
181
246
199
193
127
170
1
395
200
112
19
89
233
231
7
225
355
256
229
225
228
339
107
366
299
344
226
52
355
7
356
132
355
19
200
282
127
124
391
19
173
316
68
282
25
89
149
272
1
24
36
344
151
78
358
31
242
225
225
225
303
0
90
231
7
270
181
246
199
193
127
170
1
395
200
112
19
89
233
231
7
225
355
256
229
225
228
339
107
366
299
344
226
52
355
7
356
132
355
127
170
1
395
200
112
19
89
233
231
7
225
355
256
229
225
228
339
107
366
299
344
226
52
355
7
356
132
355
99
