27
17
293
7
246
385
19
392
144
230
201
180
127
392
344
76
386
395
337
151
269
392
386
333
392
217
344
395
2
191
31
230
19
214
179
333
253
179
19
113
342
161
140
176
233
344
344
161
386
0
218
127
146
15
151
167
28
0
127
305
231
214
25
164
230
26
75
72
344
352
246
65
232
240
127
332
385
395
230
391
274
1
191
31
230
235
333
230
68
231
27
19
293
7
255
225
225
225
107
69
225
102
68
308
230
234
225
339
107
366
299
344
226
52
230
68
356
132
230
68
7
68
231
27
19
293
7
255
225
225
225
107
69
225
102
68
308
230
234
225
339
107
366
299
344
226
52
230
68
356
132
230
68
7
107
69
225
102
68
308
230
234
225
339
107
366
299
344
226
52
230
68
356
132
230
68
7
99
