378
392
137
344
17
395
389
137
144
333
389
179
137
287
31
332
377
392
374
377
378
392
71
344
17
395
389
179
237
140
344
137
59
26
246
227
352
179
331
395
85
292
387
246
74
372
149
316
132
225
95
19
14
225
311
50
180
212
331
332
246
119
168
316
132
0
231
115
168
19
312
235
333
312
19
212
380
167
333
242
247
55
394
205
316
19
117
386
95
191
115
132
395
249
31
372
373
19
188
132
14
206
231
246
74
382
221
237
344
0
2
50
84
18
386
240
392
185
213
180
0
74
379
316
26
109
344
36
334
372
156
392
181
246
55
74
372
56
188
132
104
244
19
11
391
394
36
344
247
176
332
242
389
121
212
31
155
392
203
36
380
332
0
167
385
225
388
28
333
124
216
31
19
310
395
249
225
242
36
333
124
206
231
225
181
333
19
181
333
389
333
233
231
352
7
17
233
231
352
7
225
225
339
107
366
299
344
226
52
17
356
132
17
17
233
231
352
7
225
225
339
107
366
299
344
226
52
17
356
132
17
225
225
339
107
366
299
344
226
52
17
356
132
17
99
