91
144
372
390
192
344
302
386
392
0
80
224
180
395
344
302
303
233
231
7
333
80
353
181
246
199
193
326
0
364
349
181
358
127
18
112
339
107
366
299
344
226
52
333
80
353
356
132
80
353
224
180
395
344
302
303
233
231
7
333
80
353
181
246
199
193
326
0
364
349
181
358
127
18
112
339
107
366
299
344
226
52
333
80
353
356
132
80
353
303
233
231
7
333
80
353
181
246
199
193
326
0
364
349
181
358
127
18
112
339
107
366
299
344
226
52
333
80
353
356
132
80
353
326
0
364
349
181
358
127
18
112
339
107
366
299
344
226
52
333
80
353
356
132
80
353
181
358
127
18
112
339
107
366
299
344
226
52
333
80
353
356
132
80
353
339
107
366
299
344
226
52
333
80
353
356
132
80
353
99
