155
132
155
220
256
192
144
26
392
192
0
231
316
384
369
344
140
344
292
50
369
344
333
74
121
19
322
231
155
392
369
0
68
332
179
44
344
232
392
344
19
205
218
50
146
231
371
344
121
76
19
109
28
0
31
394
194
167
355
157
379
309
84
344
151
392
28
0
316
19
322
395
19
374
36
333
55
179
287
167
333
231
333
42
68
167
179
333
64
344
232
333
231
155
386
0
44
64
332
216
19
389
65
344
225
27
19
19
31
225
194
336
15
231
235
225
231
333
19
0
231
19
191
26
392
275
344
53
155
339
107
366
299
344
226
52
7
356
132
355
231
99
