395
253
22
179
275
378
392
26
235
395
344
24
344
355
28
0
316
144
180
214
344
138
392
18
378
24
344
68
339
391
392
149
333
241
344
24
386
333
316
25
139
346
24
316
103
23
347
24
316
22
136
332
366
94
183
127
392
242
392
56
344
333
73
22
139
346
24
316
73
23
347
24
316
22
136
386
25
392
63
344
319
394
24
386
0
25
120
220
111
344
25
242
278
344
319
220
330
294
282
291
0
7
92
66
152
224
344
140
344
395
316
25
139
346
24
316
103
23
347
24
316
22
136
242
66
152
224
344
140
344
333
73
22
139
346
24
316
73
23
347
24
316
22
136
144
24
386
18
141
386
18
106
231
361
31
0
389
65
106
179
10
382
179
381
375
28
0
358
17
389
42
361
292
167
333
395
25
179
275
378
392
26
303
139
139
316
295
300
231
333
68
45
163
393
221
277
107
132
355
189
358
185
189
358
