372
369
392
344
24
144
153
144
51
355
152
246
225
25
127
7
179
224
34
19
336
0
43
342
344
36
0
167
372
232
65
19
44
64
246
37
225
55
385
121
192
155
19
246
194
146
0
216
126
50
180
246
316
384
385
392
26
333
231
19
372
340
393
125
287
167
326
333
124
313
181
246
65
231
225
52
75
333
73
22
24
223
225
246
105
5
89
127
7
19
291
24
224
381
51
374
138
392
0
276
225
246
2
26
216
372
232
225
200
19
26
333
348
292
167
333
127
317
240
19
333
124
391
316
115
51
366
215
333
220
225
279
355
167
333
167
333
225
358
17
389
42
68
127
333
391
225
394
141
386
391
231
115
246
235
235
333
167
333
127
333
389
115
176
141
384
26
212
331
264
344
191
11
68
387
231
141
225
231
51
316
26
108
242
32
292
225
55
179
37
386
225
251
192
344
350
311
231
333
27
157
19
0
218
293
246
55
146
180
14
296
127
396
225
372
326
395
106
253
372
149
18
65
231
183
225
19
0
316
344
117
231
225
344
225
304
392
385
36
52
395
19
395
316
225
98
212
386
212
331
225
316
243
225
19
168
27
19
231
240
344
63
132
395
344
395
152
225
35
167
225
225
225
225
78
395
7
82
339
107
366
299
344
226
52
51
355
356
132
14
207
132
51
355
233
231
7
152
246
225
25
127
7
179
224
34
19
336
0
43
342
344
36
0
167
372
232
65
19
44
64
246
37
225
55
385
121
192
155
19
246
194
146
0
216
126
50
180
246
316
384
385
392
26
333
231
19
372
340
393
125
287
167
326
333
124
313
181
246
65
231
225
52
75
333
73
22
24
223
225
246
105
5
89
127
7
19
291
24
224
381
51
374
138
392
0
276
225
246
2
26
216
372
232
225
200
19
26
333
348
292
167
333
127
317
240
19
333
124
391
316
115
51
366
215
333
220
225
279
355
167
333
167
333
225
358
17
389
42
68
127
333
391
225
394
141
386
391
231
115
246
235
235
333
167
333
127
333
389
115
176
141
384
26
212
331
264
344
191
11
68
387
231
141
225
231
51
316
26
108
242
32
292
225
55
179
37
386
225
251
192
344
350
311
231
333
27
157
19
0
218
293
246
55
146
180
14
296
127
396
225
372
326
395
106
253
372
149
18
65
231
183
225
19
0
316
344
117
231
225
344
225
304
392
385
36
52
395
19
395
316
225
98
212
386
212
331
225
316
243
225
19
168
27
19
231
240
344
63
132
395
344
395
152
225
35
167
225
225
225
225
78
395
7
82
339
107
366
299
344
226
52
51
355
356
132
14
207
132
51
355
233
231
7
179
224
34
19
336
0
43
342
344
36
0
167
372
232
65
19
44
64
246
37
225
55
385
121
192
155
19
246
194
146
0
216
126
50
180
246
316
384
385
392
26
333
231
19
372
340
393
125
287
167
326
333
124
313
181
246
65
231
225
52
75
333
73
22
24
223
225
246
105
5
89
127
7
19
291
24
224
381
51
374
138
392
0
276
225
246
2
26
216
372
232
225
200
19
26
333
348
292
167
333
127
317
240
19
333
124
391
316
115
51
366
215
333
220
225
279
355
167
333
167
333
225
358
17
389
42
68
127
333
391
225
394
141
386
391
231
115
246
235
235
333
167
333
127
333
389
115
176
141
384
26
212
331
264
344
191
11
68
387
231
141
225
231
51
316
26
108
242
32
292
225
55
179
37
386
225
251
192
344
350
311
231
333
27
157
19
0
218
293
246
55
146
180
14
296
127
396
225
372
326
395
106
253
372
149
18
65
231
183
225
19
0
316
344
117
231
225
344
225
304
392
385
36
52
395
19
395
316
225
98
212
386
212
331
225
316
243
225
19
168
27
19
231
240
344
63
132
395
344
395
152
225
35
167
225
225
225
225
78
395
7
82
339
107
366
299
344
226
52
51
355
356
132
14
207
132
51
355
233
231
7
385
121
192
155
19
246
194
146
0
216
126
50
180
246
316
384
385
392
26
333
231
19
372
340
393
125
287
167
326
333
124
313
181
246
65
231
225
52
75
333
73
22
24
223
225
246
105
5
89
127
7
19
291
24
224
381
51
374
138
392
0
276
225
246
2
26
216
372
232
225
200
19
26
333
348
292
167
333
127
317
240
19
333
124
391
316
115
51
366
215
333
220
225
279
355
167
333
167
333
225
358
17
389
42
68
127
333
391
225
394
141
386
391
231
115
246
235
235
333
167
333
127
333
389
115
176
141
384
26
212
331
264
344
191
11
68
387
231
141
225
231
51
316
26
108
242
32
292
225
55
179
37
386
225
251
192
344
350
311
231
333
27
157
19
0
218
293
246
55
146
180
14
296
127
396
225
372
326
395
106
253
372
149
18
65
231
183
225
19
0
316
344
117
231
225
344
225
304
392
385
36
52
395
19
395
316
225
98
212
386
212
331
225
316
243
225
19
168
27
19
231
240
344
63
132
395
344
395
152
225
35
167
225
225
225
225
78
395
7
82
339
107
366
299
344
226
52
51
355
356
132
14
207
132
51
355
233
231
7
146
0
216
126
50
180
246
316
384
385
392
26
333
231
19
372
340
393
125
287
167
326
333
124
313
181
246
65
231
225
52
75
333
73
22
24
223
225
246
105
5
89
127
7
19
291
24
224
381
51
374
138
392
0
276
225
246
2
26
216
372
232
225
200
19
26
333
348
292
167
333
127
317
240
19
333
124
391
316
115
51
366
215
333
220
225
279
355
167
333
167
333
225
358
17
389
42
68
127
333
391
225
394
141
386
391
231
115
246
235
235
333
167
333
127
333
389
115
176
141
384
26
212
331
264
344
191
11
68
387
231
141
225
231
51
316
26
108
242
32
292
225
55
179
37
386
225
251
192
344
350
311
231
333
27
157
19
0
218
293
246
55
146
180
14
296
127
396
225
372
326
395
106
253
372
149
18
65
231
183
225
19
0
316
344
117
231
225
344
225
304
392
385
36
52
395
19
395
316
225
98
212
386
212
331
225
316
243
225
19
168
27
19
231
240
344
63
132
395
344
395
152
225
35
167
225
225
225
225
78
395
7
82
339
107
366
299
344
226
52
51
355
356
132
14
207
132
51
355
233
231
7
24
223
225
246
105
5
89
127
7
19
291
24
224
381
51
374
138
392
0
276
225
246
2
26
216
372
232
225
200
19
26
333
348
292
167
333
127
317
240
19
333
124
391
316
115
51
366
215
333
220
225
279
355
167
333
167
333
225
358
17
389
42
68
127
333
391
225
394
141
386
391
231
115
246
235
235
333
167
333
127
333
389
115
176
141
384
26
212
331
264
344
191
11
68
387
231
141
225
231
51
316
26
108
242
32
292
225
55
179
37
386
225
251
192
344
350
311
231
333
27
157
19
0
218
293
246
55
146
180
14
296
127
396
225
372
326
395
106
253
372
149
18
65
231
183
225
19
0
316
344
117
231
225
344
225
304
392
385
36
52
395
19
395
316
225
98
212
386
212
331
225
316
243
225
19
168
27
19
231
240
344
63
132
395
344
395
152
225
35
167
225
225
225
225
78
395
7
82
339
107
366
299
344
226
52
51
355
356
132
14
207
132
51
355
233
231
7
381
51
374
138
392
0
276
225
246
2
26
216
372
232
225
200
19
26
333
348
292
167
333
127
317
240
19
333
124
391
316
115
51
366
215
333
220
225
279
355
167
333
167
333
225
358
17
389
42
68
127
333
391
225
394
141
386
391
231
115
246
235
235
333
167
333
127
333
389
115
176
141
384
26
212
331
264
344
191
11
68
387
231
141
225
231
51
316
26
108
242
32
292
225
55
179
37
386
225
251
192
344
350
311
231
333
27
157
19
0
218
293
246
55
146
180
14
296
127
396
225
372
326
395
106
253
372
149
18
65
231
183
225
19
0
316
344
117
231
225
344
225
304
392
385
36
52
395
19
395
316
225
98
212
386
212
331
225
316
243
225
19
168
27
19
231
240
344
63
132
395
344
395
152
225
35
167
225
225
225
225
78
395
7
82
339
107
366
299
344
226
52
51
355
356
132
14
207
132
51
355
233
231
7
19
26
333
348
292
167
333
127
317
240
19
333
124
391
316
115
51
366
215
333
220
225
279
355
167
333
167
333
225
358
17
389
42
68
127
333
391
225
394
141
386
391
231
115
246
235
235
333
167
333
127
333
389
115
176
141
384
26
212
331
264
344
191
11
68
387
231
141
225
231
51
316
26
108
242
32
292
225
55
179
37
386
225
251
192
344
350
311
231
333
27
157
19
0
218
293
246
55
146
180
14
296
127
396
225
372
326
395
106
253
372
149
18
65
231
183
225
19
0
316
344
117
231
225
344
225
304
392
385
36
52
395
19
395
316
225
98
212
386
212
331
225
316
243
225
19
168
27
19
231
240
344
63
132
395
344
395
152
225
35
167
225
225
225
225
78
395
7
82
339
107
366
299
344
226
52
51
355
356
132
14
207
132
51
355
233
231
7
127
317
240
19
333
124
391
316
115
51
366
215
333
220
225
279
355
167
333
167
333
225
358
17
389
42
68
127
333
391
225
394
141
386
391
231
115
246
235
235
333
167
333
127
333
389
115
176
141
384
26
212
331
264
344
191
11
68
387
231
141
225
231
51
316
26
108
242
32
292
225
55
179
37
386
225
251
192
344
350
311
231
333
27
157
19
0
218
293
246
55
146
180
14
296
127
396
225
372
326
395
106
253
372
149
18
65
231
183
225
19
0
316
344
117
231
225
344
225
304
392
385
36
52
395
19
395
316
225
98
212
386
212
331
225
316
243
225
19
168
27
19
231
240
344
63
132
395
344
395
152
225
35
167
225
225
225
225
78
395
7
82
339
107
366
299
344
226
52
51
355
356
132
14
207
132
51
355
233
231
7
242
32
292
225
55
179
37
386
225
251
192
344
350
311
231
333
27
157
19
0
218
293
246
55
146
180
14
296
127
396
225
372
326
395
106
253
372
149
18
65
231
183
225
19
0
316
344
117
231
225
344
225
304
392
385
36
52
395
19
395
316
225
98
212
386
212
331
225
316
243
225
19
168
27
19
231
240
344
63
132
395
344
395
152
225
35
167
225
225
225
225
78
395
7
82
339
107
366
299
344
226
52
51
355
356
132
14
207
132
51
355
233
231
7
246
55
146
180
14
296
127
396
225
372
326
395
106
253
372
149
18
65
231
183
225
19
0
316
344
117
231
225
344
225
304
392
385
36
52
395
19
395
316
225
98
212
386
212
331
225
316
243
225
19
168
27
19
231
240
344
63
132
395
344
395
152
225
35
167
225
225
225
225
78
395
7
82
339
107
366
299
344
226
52
51
355
356
132
14
207
132
51
355
233
231
7
225
372
326
395
106
253
372
149
18
65
231
183
225
19
0
316
344
117
231
225
344
225
304
392
385
36
52
395
19
395
316
225
98
212
386
212
331
225
316
243
225
19
168
27
19
231
240
344
63
132
395
344
395
152
225
35
167
225
225
225
225
78
395
7
82
339
107
366
299
344
226
52
51
355
356
132
14
207
132
51
355
233
231
7
19
0
316
344
117
231
225
344
225
304
392
385
36
52
395
19
395
316
225
98
212
386
212
331
225
316
243
225
19
168
27
19
231
240
344
63
132
395
344
395
152
225
35
167
225
225
225
225
78
395
7
82
339
107
366
299
344
226
52
51
355
356
132
14
207
132
51
355
233
231
7
225
19
168
27
19
231
240
344
63
132
395
344
395
152
225
35
167
225
225
225
225
78
395
7
82
339
107
366
299
344
226
52
51
355
356
132
14
207
132
51
355
233
231
7
339
107
366
299
344
226
52
51
355
356
132
14
207
132
51
355
233
231
7
99
