68
179
237
210
132
333
231
218
64
71
296
127
396
91
144
68
179
237
0
210
132
218
64
332
395
210
132
326
153
176
333
64
113
344
296
333
36
167
65
19
113
316
137
392
56
317
31
386
305
231
344
333
127
392
57
296
167
333
389
283
333
64
232
14
231
240
127
316
317
333
293
380
180
18
174
31
333
242
388
75
31
235
333
31
2
27
394
123
27
52
167
113
167
333
64
19
333
344
377
392
235
289
174
163
392
56
340
231
0
142
174
323
31
146
180
392
56
296
0
193
231
174
152
132
344
0
127
333
19
57
36
217
161
212
333
42
252
231
344
11
0
88
167
333
64
336
43
331
344
55
333
395
19
181
395
167
333
147
242
235
333
180
333
42
231
389
0
37
55
218
64
146
344
232
71
296
127
396
197
344
392
19
21
395
272
167
253
163
395
140
344
36
167
333
218
306
392
56
357
127
0
55
365
152
167
333
189
358
185
163
372
56
151
242
21
20
231
395
272
392
56
273
358
31
242
225
225
225
303
90
231
7
17
122
12
339
107
366
299
344
226
52
68
356
132
68
344
377
392
235
289
174
163
392
56
340
231
0
142
174
323
31
146
180
392
56
296
0
193
231
174
152
132
344
0
127
333
19
57
36
217
161
212
333
42
252
231
344
11
0
88
167
333
64
336
43
331
344
55
333
395
19
181
395
167
333
147
242
235
333
180
333
42
231
389
0
37
55
218
64
146
344
232
71
296
127
396
197
344
392
19
21
395
272
167
253
163
395
140
344
36
167
333
218
306
392
56
357
127
0
55
365
152
167
333
189
358
185
163
372
56
151
242
21
20
231
395
272
392
56
273
358
31
242
225
225
225
303
90
231
7
17
122
12
339
107
366
299
344
226
52
68
356
132
68
132
344
0
127
333
19
57
36
217
161
212
333
42
252
231
344
11
0
88
167
333
64
336
43
331
344
55
333
395
19
181
395
167
333
147
242
235
333
180
333
42
231
389
0
37
55
218
64
146
344
232
71
296
127
396
197
344
392
19
21
395
272
167
253
163
395
140
344
36
167
333
218
306
392
56
357
127
0
55
365
152
167
333
189
358
185
163
372
56
151
242
21
20
231
395
272
392
56
273
358
31
242
225
225
225
303
90
231
7
17
122
12
339
107
366
299
344
226
52
68
356
132
68
217
161
212
333
42
252
231
344
11
0
88
167
333
64
336
43
331
344
55
333
395
19
181
395
167
333
147
242
235
333
180
333
42
231
389
0
37
55
218
64
146
344
232
71
296
127
396
197
344
392
19
21
395
272
167
253
163
395
140
344
36
167
333
218
306
392
56
357
127
0
55
365
152
167
333
189
358
185
163
372
56
151
242
21
20
231
395
272
392
56
273
358
31
242
225
225
225
303
90
231
7
17
122
12
339
107
366
299
344
226
52
68
356
132
68
99
