91
128
355
179
0
190
27
292
167
386
18
227
316
117
225
200
19
225
209
19
0
225
242
141
292
0
391
372
149
179
149
0
224
372
185
180
149
0
31
368
128
372
185
339
167
252
132
333
388
231
246
384
168
225
225
0
167
124
168
167
225
19
225
19
225
19
167
334
19
179
224
31
212
331
225
333
50
372
185
180
38
246
316
57
358
146
333
213
352
209
31
368
128
248
333
236
231
113
225
141
146
180
167
50
332
333
314
225
231
209
334
200
167
242
293
19
28
386
333
368
128
179
333
379
205
389
115
368
128
127
176
49
127
180
180
19
271
19
180
19
341
337
268
316
344
330
333
231
334
151
335
0
84
0
19
0
344
179
0
83
167
382
316
277
19
201
344
167
253
333
112
231
333
391
138
316
0
59
344
344
127
344
188
212
1
158
368
128
333
231
333
190
27
344
4
167
344
205
333
389
217
71
365
246
37
55
344
154
349
26
224
34
127
33
280
41
33
365
132
33
225
33
225
372
385
232
167
253
170
301
386
316
55
349
339
350
365
115
385
36
232
211
131
132
227
16
227
259
19
227
259
227
259
280
127
395
55
365
115
152
372
15
156
394
181
358
127
246
194
364
170
301
368
19
90
372
109
392
344
126
246
344
188
212
1
240
31
368
128
368
128
355
339
107
366
299
344
226
52
368
128
355
7
356
132
368
128
355
179
0
190
27
292
167
386
18
227
316
117
225
200
19
225
209
19
0
225
242
141
292
0
391
372
149
179
149
0
224
372
185
180
149
0
31
368
128
372
185
339
167
252
132
333
388
231
246
384
168
225
225
0
167
124
168
167
225
19
225
19
225
19
167
334
19
179
224
31
212
331
225
333
50
372
185
180
38
246
316
57
358
146
333
213
352
209
31
368
128
248
333
236
231
113
225
141
146
180
167
50
332
333
314
225
231
209
334
200
167
242
293
19
28
386
333
368
128
179
333
379
205
389
115
368
128
127
176
49
127
180
180
19
271
19
180
19
341
337
268
316
344
330
333
231
334
151
335
0
84
0
19
0
344
179
0
83
167
382
316
277
19
201
344
167
253
333
112
231
333
391
138
316
0
59
344
344
127
344
188
212
1
158
368
128
333
231
333
190
27
344
4
167
344
205
333
389
217
71
365
246
37
55
344
154
349
26
224
34
127
33
280
41
33
365
132
33
225
33
225
372
385
232
167
253
170
301
386
316
55
349
339
350
365
115
385
36
232
211
131
132
227
16
227
259
19
227
259
227
259
280
127
395
55
365
115
152
372
15
156
394
181
358
127
246
194
364
170
301
368
19
90
372
109
392
344
126
246
344
188
212
1
240
31
368
128
368
128
355
339
107
366
299
344
226
52
368
128
355
7
356
132
368
128
355
372
15
156
394
181
358
127
246
194
364
170
301
368
19
90
372
109
392
344
126
246
344
188
212
1
240
31
368
128
368
128
355
339
107
366
299
344
226
52
368
128
355
7
356
132
368
128
355
19
90
372
109
392
344
126
246
344
188
212
1
240
31
368
128
368
128
355
339
107
366
299
344
226
52
368
128
355
7
356
132
368
128
355
372
109
392
344
126
246
344
188
212
1
240
31
368
128
368
128
355
339
107
366
299
344
226
52
368
128
355
7
356
132
368
128
355
99
