274
1
377
100
146
344
232
372
185
332
247
377
179
42
127
395
172
56
36
392
149
344
339
123
333
287
171
344
30
392
167
395
169
179
344
395
320
28
0
316
19
0
100
235
389
115
392
231
333
388
341
283
19
246
268
392
385
188
52
386
19
19
123
396
167
18
332
395
19
269
0
354
59
344
330
101
395
58
100
247
333
167
382
392
56
48
395
134
58
372
177
392
344
246
271
19
34
238
382
385
138
392
0
43
231
100
355
19
246
354
231
188
146
344
232
152
392
56
363
246
352
2
19
212
296
333
389
341
100
317
268
392
56
116
305
231
333
389
213
305
168
19
188
212
191
31
100
137
0
231
377
180
192
344
36
0
100
341
246
7
316
362
316
314
19
364
349
231
55
188
212
326
0
195
246
365
349
116
333
231
371
392
56
76
386
100
132
246
235
55
7
112
344
194
236
235
236
386
7
82
386
349
362
314
19
212
188
212
7
365
55
78
358
100
355
352
7
225
315
254
225
228
339
107
366
299
344
226
52
100
355
356
132
100
355
34
238
382
385
138
392
0
43
231
100
355
19
246
354
231
188
146
344
232
152
392
56
363
246
352
2
19
212
296
333
389
341
100
317
268
392
56
116
305
231
333
389
213
305
168
19
188
212
191
31
100
137
0
231
377
180
192
344
36
0
100
341
246
7
316
362
316
314
19
364
349
231
55
188
212
326
0
195
246
365
349
116
333
231
371
392
56
76
386
100
132
246
235
55
7
112
344
194
236
235
236
386
7
82
386
349
362
314
19
212
188
212
7
365
55
78
358
100
355
352
7
225
315
254
225
228
339
107
366
299
344
226
52
100
355
356
132
100
355
191
31
100
137
0
231
377
180
192
344
36
0
100
341
246
7
316
362
316
314
19
364
349
231
55
188
212
326
0
195
246
365
349
116
333
231
371
392
56
76
386
100
132
246
235
55
7
112
344
194
236
235
236
386
7
82
386
349
362
314
19
212
188
212
7
365
55
78
358
100
355
352
7
225
315
254
225
228
339
107
366
299
344
226
52
100
355
356
132
100
355
326
0
195
246
365
349
116
333
231
371
392
56
76
386
100
132
246
235
55
7
112
344
194
236
235
236
386
7
82
386
349
362
314
19
212
188
212
7
365
55
78
358
100
355
352
7
225
315
254
225
228
339
107
366
299
344
226
52
100
355
356
132
100
355
7
365
55
78
358
100
355
352
7
225
315
254
225
228
339
107
366
299
344
226
52
100
355
356
132
100
355
365
55
78
358
100
355
352
7
225
315
254
225
228
339
107
366
299
344
226
52
100
355
356
132
100
355
78
358
100
355
352
7
225
315
254
225
228
339
107
366
299
344
226
52
100
355
356
132
100
355
100
355
352
7
225
315
254
225
228
339
107
366
299
344
226
52
100
355
356
132
100
355
99
