27
17
293
7
158
385
392
6
31
230
144
26
6
167
0
231
371
392
56
181
236
231
246
225
328
181
0
192
333
242
333
242
386
395
235
18
328
15
149
3
344
130
65
63
132
241
168
19
392
56
326
242
127
116
371
344
36
6
235
55
380
392
369
344
36
18
167
242
181
333
216
336
127
31
230
274
1
191
31
230
235
333
230
68
231
27
19
293
7
255
225
225
225
107
69
225
102
68
308
230
234
225
339
107
366
299
344
226
52
230
68
356
132
230
68
7
380
392
369
344
36
18
167
242
181
333
216
336
127
31
230
274
1
191
31
230
235
333
230
68
231
27
19
293
7
255
225
225
225
107
69
225
102
68
308
230
234
225
339
107
366
299
344
226
52
230
68
356
132
230
68
7
68
231
27
19
293
7
255
225
225
225
107
69
225
102
68
308
230
234
225
339
107
366
299
344
226
52
230
68
356
132
230
68
7
107
69
225
102
68
308
230
234
225
339
107
366
299
344
226
52
230
68
356
132
230
68
7
99
