336
342
344
32
100
321
239
157
336
342
344
280
127
236
231
246
321
239
157
379
392
56
188
1
7
100
316
191
122
12
19
212
394
15
149
333
59
344
386
100
117
19
316
19
326
0
316
55
349
321
239
157
385
36
235
289
33
225
33
225
127
0
133
193
231
200
281
31
104
112
310
342
61
167
19
297
333
41
280
345
7
365
55
78
358
100
355
352
7
225
315
254
225
228
339
107
366
299
344
226
52
100
355
356
132
100
355
385
36
235
289
33
225
33
225
127
0
133
193
231
200
281
31
104
112
310
342
61
167
19
297
333
41
280
345
7
365
55
78
358
100
355
352
7
225
315
254
225
228
339
107
366
299
344
226
52
100
355
356
132
100
355
7
365
55
78
358
100
355
352
7
225
315
254
225
228
339
107
366
299
344
226
52
100
355
356
132
100
355
365
55
78
358
100
355
352
7
225
315
254
225
228
339
107
366
299
344
226
52
100
355
356
132
100
355
78
358
100
355
352
7
225
315
254
225
228
339
107
366
299
344
226
52
100
355
356
132
100
355
100
355
352
7
225
315
254
225
228
339
107
366
299
344
226
52
100
355
356
132
100
355
99
