123
395
125
395
134
310
152
144
180
203
192
392
149
0
231
342
344
201
395
68
50
333
179
333
219
391
179
140
344
36
0
339
179
333
342
344
235
395
134
19
137
275
304
392
56
113
210
231
298
391
372
185
392
369
0
68
379
392
56
137
235
188
332
385
392
132
395
392
15
369
344
36
322
52
2
384
185
392
19
369
344
296
392
392
0
68
379
392
56
137
333
42
58
264
383
149
18
115
392
369
0
68
332
385
39
0
155
127
392
379
392
57
367
344
104
118
31
225
231
127
334
391
224
179
333
342
344
395
193
231
68
19
257
344
365
235
395
193
365
392
137
0
121
127
163
180
333
287
256
127
392
189
358
185
158
392
26
121
1
395
68
295
339
107
366
299
344
226
52
7
356
132
355
231
99
