26
392
275
344
395
144
31
355
372
151
316
123
334
256
167
333
389
304
338
26
264
127
113
240
214
177
19
24
127
7
176
246
118
225
65
19
372
399
286
395
25
392
56
24
333
73
22
139
346
24
316
73
23
347
24
316
22
136
344
151
357
333
75
231
395
25
372
149
333
111
19
278
241
19
372
399
18
7
92
392
203
15
63
380
242
221
344
319
242
294
179
39
0
355
231
127
316
132
333
38
316
149
304
202
371
344
123
334
31
127
225
231
333
108
369
341
115
188
168
174
19
283
161
399
344
332
225
231
225
141
26
108
388
167
334
167
338
192
36
333
287
127
392
144
24
345
386
333
73
22
139
346
24
316
73
23
347
24
316
22
136
19
123
247
163
392
399
36
0
219
118
303
139
270
386
227
246
93
56
326
392
319
333
73
22
345
139
346
24
316
73
23
347
24
316
22
136
316
384
344
36
77
127
348
291
293
19
344
333
292
231
75
14
231
333
73
22
111
6
19
278
333
25
89
127
337
268
179
225
7
92
385
36
167
139
78
386
392
258
274
355
399
288
231
152
163
393
221
277
107
132
355
189
358
185
189
358
