326
339
344
123
247
144
91
144
159
25
385
36
194
235
33
225
326
339
344
296
163
395
0
125
127
159
333
105
92
25
89
179
223
225
179
339
333
287
241
127
392
333
385
333
21
212
331
236
231
159
65
24
105
92
19
297
159
28
334
348
221
237
38
338
185
332
159
141
4
50
15
38
338
185
333
105
92
25
277
333
344
159
105
92
25
257
26
202
28
394
296
41
50
333
179
326
333
345
144
152
26
225
394
277
163
392
24
105
92
225
333
231
395
298
391
167
154
292
52
24
105
92
344
159
395
7
92
385
36
310
223
225
201
333
231
395
298
391
167
154
292
130
392
56
333
231
154
292
386
395
19
185
332
395
355
225
1
149
0
147
297
333
31
395
218
155
159
179
225
127
42
167
52
19
105
92
25
277
124
127
157
225
395
253
251
0
251
19
156
127
183
236
34
332
56
39
31
159
221
237
159
392
344
149
0
28
0
144
50
28
18
105
92
25
392
385
277
0
253
251
395
391
183
127
392
225
333
19
167
105
19
19
201
14
231
395
194
52
137
3
344
105
167
0
88
331
244
316
225
369
227
16
65
137
395
263
65
290
105
92
316
149
124
167
297
334
118
19
65
290
225
1
333
137
105
3
344
395
320
220
200
220
28
18
105
92
316
392
149
3
344
395
320
378
392
32
185
395
200
395
320
385
36
297
38
231
334
167
332
2
338
385
151
392
0
83
344
392
26
275
127
395
124
225
395
188
301
98
392
369
344
310
68
386
395
42
129
52
24
317
343
19
342
343
332
26
344
388
28
18
105
92
316
394
277
231
188
106
269
395
105
167
115
394
36
275
344
68
132
88
236
225
18
132
0
139
380
180
333
231
333
124
231
242
236
231
42
392
385
277
0
52
236
231
159
167
117
395
31
244
292
385
36
378
338
296
235
395
225
0
307
58
264
316
19
197
333
332
225
231
159
141
26
108
242
167
141
292
387
225
88
231
141
132
159
225
260
331
333
216
383
394
149
3
344
159
233
231
58
19
14
391
105
92
25
277
3
344
18
191
19
225
386
58
233
394
137
343
19
76
332
385
151
392
395
1
137
231
333
225
137
157
383
392
395
130
93
383
392
395
130
93
394
277
157
183
192
395
391
394
197
379
392
194
383
75
395
106
235
159
55
303
298
279
7
82
159
7
233
78
170
130
225
225
225
236
355
154
260
225
339
107
366
299
344
226
52
356
132
154
260
355
7
333
105
92
25
89
179
223
225
179
339
333
287
241
127
392
333
385
333
21
212
331
236
231
159
65
24
105
92
19
297
159
28
334
348
221
237
38
338
185
332
159
141
4
50
15
38
338
185
333
105
92
25
277
333
344
159
105
92
25
257
26
202
28
394
296
41
50
333
179
326
333
345
144
152
26
225
394
277
163
392
24
105
92
225
333
231
395
298
391
167
154
292
52
24
105
92
344
159
395
7
92
385
36
310
223
225
201
333
231
395
298
391
167
154
292
130
392
56
333
231
154
292
386
395
19
185
332
395
355
225
1
149
0
147
297
333
31
395
218
155
159
179
225
127
42
167
52
19
105
92
25
277
124
127
157
225
395
253
251
0
251
19
156
127
183
236
34
332
56
39
31
159
221
237
159
392
344
149
0
28
0
144
50
28
18
105
92
25
392
385
277
0
253
251
395
391
183
127
392
225
333
19
167
105
19
19
201
14
231
395
194
52
137
3
344
105
167
0
88
331
244
316
225
369
227
16
65
137
395
263
65
290
105
92
316
149
124
167
297
334
118
19
65
290
225
1
333
137
105
3
344
395
320
220
200
220
28
18
105
92
316
392
149
3
344
395
320
378
392
32
185
395
200
395
320
385
36
297
38
231
334
167
332
2
338
385
151
392
0
83
344
392
26
275
127
395
124
225
395
188
301
98
392
369
344
310
68
386
395
42
129
52
24
317
343
19
342
343
332
26
344
388
28
18
105
92
316
394
277
231
188
106
269
395
105
167
115
394
36
275
344
68
132
88
236
225
18
132
0
139
380
180
333
231
333
124
231
242
236
231
42
392
385
277
0
52
236
231
159
167
117
395
31
244
292
385
36
378
338
296
235
395
225
0
307
58
264
316
19
197
333
332
225
231
159
141
26
108
242
167
141
292
387
225
88
231
141
132
159
225
260
331
333
216
383
394
149
3
344
159
233
231
58
19
14
391
105
92
25
277
3
344
18
191
19
225
386
58
233
394
137
343
19
76
332
385
151
392
395
1
137
231
333
225
137
157
383
392
395
130
93
383
392
395
130
93
394
277
157
183
192
395
391
394
197
379
392
194
383
75
395
106
235
159
55
303
298
279
7
82
159
7
233
78
170
130
225
225
225
236
355
154
260
225
339
107
366
299
344
226
52
356
132
154
260
355
7
212
331
236
231
159
65
24
105
92
19
297
159
28
334
348
221
237
38
338
185
332
159
141
4
50
15
38
338
185
333
105
92
25
277
333
344
159
105
92
25
257
26
202
28
394
296
41
50
333
179
326
333
345
144
152
26
225
394
277
163
392
24
105
92
225
333
231
395
298
391
167
154
292
52
24
105
92
344
159
395
7
92
385
36
310
223
225
201
333
231
395
298
391
167
154
292
130
392
56
333
231
154
292
386
395
19
185
332
395
355
225
1
149
0
147
297
333
31
395
218
155
159
179
225
127
42
167
52
19
105
92
25
277
124
127
157
225
395
253
251
0
251
19
156
127
183
236
34
332
56
39
31
159
221
237
159
392
344
149
0
28
0
144
50
28
18
105
92
25
392
385
277
0
253
251
395
391
183
127
392
225
333
19
167
105
19
19
201
14
231
395
194
52
137
3
344
105
167
0
88
331
244
316
225
369
227
16
65
137
395
263
65
290
105
92
316
149
124
167
297
334
118
19
65
290
225
1
333
137
105
3
344
395
320
220
200
220
28
18
105
92
316
392
149
3
344
395
320
378
392
32
185
395
200
395
320
385
36
297
38
231
334
167
332
2
338
385
151
392
0
83
344
392
26
275
127
395
124
225
395
188
301
98
392
369
344
310
68
386
395
42
129
52
24
317
343
19
342
343
332
26
344
388
28
18
105
92
316
394
277
231
188
106
269
395
105
167
115
394
36
275
344
68
132
88
236
225
18
132
0
139
380
180
333
231
333
124
231
242
236
231
42
392
385
277
0
52
236
231
159
167
117
395
31
244
292
385
36
378
338
296
235
395
225
0
307
58
264
316
19
197
333
332
225
231
159
141
26
108
242
167
141
292
387
225
88
231
141
132
159
225
260
331
333
216
383
394
149
3
344
159
233
231
58
19
14
391
105
92
25
277
3
344
18
191
19
225
386
58
233
394
137
343
19
76
332
385
151
392
395
1
137
231
333
225
137
157
383
392
395
130
93
383
392
395
130
93
394
277
157
183
192
395
391
394
197
379
392
194
383
75
395
106
235
159
55
303
298
279
7
82
159
7
233
78
170
130
225
225
225
236
355
154
260
225
339
107
366
299
344
226
52
356
132
154
260
355
7
144
152
26
225
394
277
163
392
24
105
92
225
333
231
395
298
391
167
154
292
52
24
105
92
344
159
395
7
92
385
36
310
223
225
201
333
231
395
298
391
167
154
292
130
392
56
333
231
154
292
386
395
19
185
332
395
355
225
1
149
0
147
297
333
31
395
218
155
159
179
225
127
42
167
52
19
105
92
25
277
124
127
157
225
395
253
251
0
251
19
156
127
183
236
34
332
56
39
31
159
221
237
159
392
344
149
0
28
0
144
50
28
18
105
92
25
392
385
277
0
253
251
395
391
183
127
392
225
333
19
167
105
19
19
201
14
231
395
194
52
137
3
344
105
167
0
88
331
244
316
225
369
227
16
65
137
395
263
65
290
105
92
316
149
124
167
297
334
118
19
65
290
225
1
333
137
105
3
344
395
320
220
200
220
28
18
105
92
316
392
149
3
344
395
320
378
392
32
185
395
200
395
320
385
36
297
38
231
334
167
332
2
338
385
151
392
0
83
344
392
26
275
127
395
124
225
395
188
301
98
392
369
344
310
68
386
395
42
129
52
24
317
343
19
342
343
332
26
344
388
28
18
105
92
316
394
277
231
188
106
269
395
105
167
115
394
36
275
344
68
132
88
236
225
18
132
0
139
380
180
333
231
333
124
231
242
236
231
42
392
385
277
0
52
236
231
159
167
117
395
31
244
292
385
36
378
338
296
235
395
225
0
307
58
264
316
19
197
333
332
225
231
159
141
26
108
242
167
141
292
387
225
88
231
141
132
159
225
260
331
333
216
383
394
149
3
344
159
233
231
58
19
14
391
105
92
25
277
3
344
18
191
19
225
386
58
233
394
137
343
19
76
332
385
151
392
395
1
137
231
333
225
137
157
383
392
395
130
93
383
392
395
130
93
394
277
157
183
192
395
391
394
197
379
392
194
383
75
395
106
235
159
55
303
298
279
7
82
159
7
233
78
170
130
225
225
225
236
355
154
260
225
339
107
366
299
344
226
52
356
132
154
260
355
7
236
355
154
260
225
339
107
366
299
344
226
52
356
132
154
260
355
7
339
107
366
299
344
226
52
356
132
154
260
355
7
99
