153
144
344
302
332
215
0
31
68
24
127
130
386
333
25
139
346
24
103
23
347
24
316
22
136
374
79
247
333
127
392
386
0
142
25
9
220
25
120
220
111
242
278
282
220
330
294
282
7
92
387
236
394
277
395
291
386
395
7
92
163
392
390
263
392
56
24
386
333
73
22
139
346
24
73
347
24
316
22
136
394
137
333
142
9
231
2
19
19
74
300
268
201
333
316
115
180
372
15
232
0
231
291
391
372
291
344
225
124
391
316
395
0
348
127
7
304
24
224
386
395
25
139
346
24
103
23
347
24
316
22
136
242
333
73
22
139
346
24
73
347
24
316
22
136
303
139
270
214
106
386
65
19
235
115
204
344
0
386
287
247
231
68
224
372
369
344
269
114
240
127
392
326
9
231
220
120
220
111
242
278
282
19
0
236
7
395
25
139
346
24
103
23
347
24
316
22
136
242
344
333
73
22
139
346
24
73
347
24
316
22
136
386
14
333
142
9
139
316
295
300
231
333
68
45
163
393
221
277
107
132
68
189
358
185
189
358
