91
144
161
16
177
392
344
24
127
7
344
311
355
386
395
311
22
139
346
24
244
23
347
24
316
22
136
339
177
138
392
3
344
9
332
201
180
212
344
319
395
25
339
168
220
25
120
344
19
220
136
111
282
15
72
344
138
392
18
7
92
167
372
149
14
395
25
340
1
180
167
183
392
185
379
395
140
344
68
167
332
246
312
28
0
330
241
292
332
378
392
24
394
137
344
63
380
344
269
395
242
294
344
358
127
372
282
335
183
344
167
344
395
25
139
346
24
244
23
347
24
316
22
136
386
333
107
375
359
344
386
392
152
372
15
333
73
22
139
346
24
73
347
24
316
22
136
183
358
344
395
193
231
292
19
277
14
231
333
144
161
369
344
201
180
28
28
127
392
344
24
344
311
372
201
0
154
68
106
3
19
10
341
246
19
136
122
12
19
291
311
179
72
344
395
134
372
195
129
344
277
395
311
22
139
346
24
244
23
347
24
316
22
136
242
73
22
139
346
24
73
347
24
316
22
136
19
97
212
1
392
303
139
139
270
311
188
115
316
344
123
334
19
19
344
240
201
18
235
333
389
319
395
311
22
139
346
24
244
23
347
24
316
22
136
242
333
73
22
139
346
24
73
347
24
316
22
136
344
326
386
358
345
139
316
295
300
231
333
68
45
163
393
221
277
107
132
311
355
189
358
185
189
358
