91
144
80
316
334
321
201
332
338
317
19
283
333
167
167
167
19
333
167
305
63
344
167
333
0
268
379
316
388
19
167
328
344
18
19
0
344
334
244
174
31
81
19
212
179
154
292
316
167
246
321
268
0
235
115
167
65
28
94
19
158
385
392
395
80
321
303
233
231
7
333
80
353
181
246
199
193
326
0
364
349
181
358
127
18
112
339
107
366
299
344
226
52
333
80
353
356
132
80
353
167
167
167
19
333
167
305
63
344
167
333
0
268
379
316
388
19
167
328
344
18
19
0
344
334
244
174
31
81
19
212
179
154
292
316
167
246
321
268
0
235
115
167
65
28
94
19
158
385
392
395
80
321
303
233
231
7
333
80
353
181
246
199
193
326
0
364
349
181
358
127
18
112
339
107
366
299
344
226
52
333
80
353
356
132
80
353
0
268
379
316
388
19
167
328
344
18
19
0
344
334
244
174
31
81
19
212
179
154
292
316
167
246
321
268
0
235
115
167
65
28
94
19
158
385
392
395
80
321
303
233
231
7
333
80
353
181
246
199
193
326
0
364
349
181
358
127
18
112
339
107
366
299
344
226
52
333
80
353
356
132
80
353
179
154
292
316
167
246
321
268
0
235
115
167
65
28
94
19
158
385
392
395
80
321
303
233
231
7
333
80
353
181
246
199
193
326
0
364
349
181
358
127
18
112
339
107
366
299
344
226
52
333
80
353
356
132
80
353
268
0
235
115
167
65
28
94
19
158
385
392
395
80
321
303
233
231
7
333
80
353
181
246
199
193
326
0
364
349
181
358
127
18
112
339
107
366
299
344
226
52
333
80
353
356
132
80
353
326
0
364
349
181
358
127
18
112
339
107
366
299
344
226
52
333
80
353
356
132
80
353
181
358
127
18
112
339
107
366
299
344
226
52
333
80
353
356
132
80
353
339
107
366
299
344
226
52
333
80
353
356
132
80
353
99
