91
144
188
1
80
19
191
11
80
132
257
395
365
273
247
344
0
316
19
107
358
31
386
20
272
303
233
231
7
333
80
353
181
246
199
193
326
0
364
349
181
358
127
18
112
357
127
339
107
366
299
344
226
52
333
80
353
356
132
80
353
273
247
344
0
316
19
107
358
31
386
20
272
303
233
231
7
333
80
353
181
246
199
193
326
0
364
349
181
358
127
18
112
357
127
339
107
366
299
344
226
52
333
80
353
356
132
80
353
19
107
358
31
386
20
272
303
233
231
7
333
80
353
181
246
199
193
326
0
364
349
181
358
127
18
112
357
127
339
107
366
299
344
226
52
333
80
353
356
132
80
353
326
0
364
349
181
358
127
18
112
357
127
339
107
366
299
344
226
52
333
80
353
356
132
80
353
181
358
127
18
112
357
127
339
107
366
299
344
226
52
333
80
353
356
132
80
353
357
127
339
107
366
299
344
226
52
333
80
353
356
132
80
353
339
107
366
299
344
226
52
333
80
353
356
132
80
353
99
