144
28
0
316
392
385
123
19
240
31
246
389
65
355
332
179
381
372
26
138
392
0
307
177
344
24
344
171
386
312
392
26
373
344
24
167
0
225
231
371
168
359
333
25
139
346
24
316
347
24
316
22
136
242
392
56
24
386
333
73
22
139
346
24
316
73
347
24
316
22
136
242
333
25
139
346
24
316
23
347
24
316
22
136
372
14
231
337
25
378
77
392
127
7
19
220
382
371
392
24
392
385
277
127
291
19
330
294
179
241
316
384
63
344
319
294
203
335
392
149
312
38
372
340
392
31
18
171
332
179
333
371
167
389
60
19
386
225
176
283
19
225
283
246
316
116
272
1
134
19
304
212
386
333
231
117
319
395
25
306
372
195
129
344
150
132
392
42
139
270
163
392
149
319
395
25
392
372
385
36
167
386
392
306
139
107
139
333
316
295
300
231
333
68
45
163
393
221
277
107
132
171
189
358
185
189
358
