395
342
146
91
144
25
179
152
19
100
179
344
332
375
224
25
127
246
225
118
65
395
391
231
388
149
19
395
275
127
218
44
19
395
195
344
137
310
287
344
201
323
392
235
333
61
247
246
330
241
19
330
261
386
246
350
105
25
241
398
105
92
19
105
5
398
332
385
392
344
277
395
7
92
167
14
231
382
26
94
344
151
392
137
395
100
115
28
19
28
339
179
221
237
18
114
342
127
392
19
395
119
398
372
57
367
344
137
339
240
19
375
195
129
344
188
212
1
392
19
392
156
344
372
156
344
296
395
25
306
303
90
231
352
7
24
345
7
365
55
78
358
100
355
352
7
225
315
254
225
228
339
107
366
299
344
226
52
100
355
356
132
100
355
386
246
350
105
25
241
398
105
92
19
105
5
398
332
385
392
344
277
395
7
92
167
14
231
382
26
94
344
151
392
137
395
100
115
28
19
28
339
179
221
237
18
114
342
127
392
19
395
119
398
372
57
367
344
137
339
240
19
375
195
129
344
188
212
1
392
19
392
156
344
372
156
344
296
395
25
306
303
90
231
352
7
24
345
7
365
55
78
358
100
355
352
7
225
315
254
225
228
339
107
366
299
344
226
52
100
355
356
132
100
355
398
332
385
392
344
277
395
7
92
167
14
231
382
26
94
344
151
392
137
395
100
115
28
19
28
339
179
221
237
18
114
342
127
392
19
395
119
398
372
57
367
344
137
339
240
19
375
195
129
344
188
212
1
392
19
392
156
344
372
156
344
296
395
25
306
303
90
231
352
7
24
345
7
365
55
78
358
100
355
352
7
225
315
254
225
228
339
107
366
299
344
226
52
100
355
356
132
100
355
7
365
55
78
358
100
355
352
7
225
315
254
225
228
339
107
366
299
344
226
52
100
355
356
132
100
355
365
55
78
358
100
355
352
7
225
315
254
225
228
339
107
366
299
344
226
52
100
355
356
132
100
355
78
358
100
355
352
7
225
315
254
225
228
339
107
366
299
344
226
52
100
355
356
132
100
355
100
355
352
7
225
315
254
225
228
339
107
366
299
344
226
52
100
355
356
132
100
355
99
