91
144
97
145
179
246
167
253
118
239
157
268
127
316
19
372
149
202
241
127
6
333
268
168
32
65
349
55
235
307
19
386
85
316
117
19
309
180
0
142
342
344
365
55
19
137
344
185
333
145
74
280
127
333
225
97
145
268
280
127
333
225
97
145
268
163
392
149
20
272
258
78
358
107
31
242
52
255
31
225
225
30
231
7
270
57
201
180
344
236
231
246
235
55
268
339
118
372
156
392
385
181
358
364
235
225
127
246
364
97
145
268
145
68
233
231
7
225
251
315
145
178
225
225
225
225
225
145
68
179
72
344
0
261
231
167
231
7
108
19
157
19
167
3
344
19
167
180
106
268
300
242
6
220
253
36
235
333
231
216
242
135
135
19
312
242
395
266
179
166
344
358
28
179
395
169
339
107
366
299
344
226
52
145
68
356
132
145
68
280
127
333
225
97
145
268
163
392
149
20
272
258
78
358
107
31
242
52
255
31
225
225
30
231
7
270
57
201
180
344
236
231
246
235
55
268
339
118
372
156
392
385
181
358
364
235
225
127
246
364
97
145
268
145
68
233
231
7
225
251
315
145
178
225
225
225
225
225
145
68
179
72
344
0
261
231
167
231
7
108
19
157
19
167
3
344
19
167
180
106
268
300
242
6
220
253
36
235
333
231
216
242
135
135
19
312
242
395
266
179
166
344
358
28
179
395
169
339
107
366
299
344
226
52
145
68
356
132
145
68
163
392
149
20
272
258
78
358
107
31
242
52
255
31
225
225
30
231
7
270
57
201
180
344
236
231
246
235
55
268
339
118
372
156
392
385
181
358
364
235
225
127
246
364
97
145
268
145
68
233
231
7
225
251
315
145
178
225
225
225
225
225
145
68
179
72
344
0
261
231
167
231
7
108
19
157
19
167
3
344
19
167
180
106
268
300
242
6
220
253
36
235
333
231
216
242
135
135
19
312
242
395
266
179
166
344
358
28
179
395
169
339
107
366
299
344
226
52
145
68
356
132
145
68
145
68
233
231
7
225
251
315
145
178
225
225
225
225
225
145
68
179
72
344
0
261
231
167
231
7
108
19
157
19
167
3
344
19
167
180
106
268
300
242
6
220
253
36
235
333
231
216
242
135
135
19
312
242
395
266
179
166
344
358
28
179
395
169
339
107
366
299
344
226
52
145
68
356
132
145
68
99
