339
179
377
201
142
365
126
358
78
153
144
344
155
127
68
56
239
344
140
392
369
167
395
58
31
355
394
36
52
19
392
56
140
155
127
395
392
369
50
394
15
137
0
124
65
106
191
28
0
179
142
296
127
396
52
257
0
365
365
19
61
247
337
225
127
305
212
225
167
333
42
225
391
68
167
165
52
225
231
246
316
277
122
12
28
333
225
42
68
167
333
52
333
286
225
55
183
132
333
64
225
19
243
215
0
348
225
42
68
361
167
333
52
142
361
68
225
268
231
317
28
0
225
225
165
68
231
52
68
231
303
96
231
7
236
355
164
225
339
107
366
299
344
226
52
355
7
356
132
355
126
358
78
153
144
344
155
127
68
56
239
344
140
392
369
167
395
58
31
355
394
36
52
19
392
56
140
155
127
395
392
369
50
394
15
137
0
124
65
106
191
28
0
179
142
296
127
396
52
257
0
365
365
19
61
247
337
225
127
305
212
225
167
333
42
225
391
68
167
165
52
225
231
246
316
277
122
12
28
333
225
42
68
167
333
52
333
286
225
55
183
132
333
64
225
19
243
215
0
348
225
42
68
361
167
333
52
142
361
68
225
268
231
317
28
0
225
225
165
68
231
52
68
231
303
96
231
7
236
355
164
225
339
107
366
299
344
226
52
355
7
356
132
355
78
153
144
344
155
127
68
56
239
344
140
392
369
167
395
58
31
355
394
36
52
19
392
56
140
155
127
395
392
369
50
394
15
137
0
124
65
106
191
28
0
179
142
296
127
396
52
257
0
365
365
19
61
247
337
225
127
305
212
225
167
333
42
225
391
68
167
165
52
225
231
246
316
277
122
12
28
333
225
42
68
167
333
52
333
286
225
55
183
132
333
64
225
19
243
215
0
348
225
42
68
361
167
333
52
142
361
68
225
268
231
317
28
0
225
225
165
68
231
52
68
231
303
96
231
7
236
355
164
225
339
107
366
299
344
226
52
355
7
356
132
355
153
144
344
155
127
68
56
239
344
140
392
369
167
395
58
31
355
394
36
52
19
392
56
140
155
127
395
392
369
50
394
15
137
0
124
65
106
191
28
0
179
142
296
127
396
52
257
0
365
365
19
61
247
337
225
127
305
212
225
167
333
42
225
391
68
167
165
52
225
231
246
316
277
122
12
28
333
225
42
68
167
333
52
333
286
225
55
183
132
333
64
225
19
243
215
0
348
225
42
68
361
167
333
52
142
361
68
225
268
231
317
28
0
225
225
165
68
231
52
68
231
303
96
231
7
236
355
164
225
339
107
366
299
344
226
52
355
7
356
132
355
19
61
247
337
225
127
305
212
225
167
333
42
225
391
68
167
165
52
225
231
246
316
277
122
12
28
333
225
42
68
167
333
52
333
286
225
55
183
132
333
64
225
19
243
215
0
348
225
42
68
361
167
333
52
142
361
68
225
268
231
317
28
0
225
225
165
68
231
52
68
231
303
96
231
7
236
355
164
225
339
107
366
299
344
226
52
355
7
356
132
355
99
