144
180
214
344
177
392
344
24
386
316
312
344
308
355
392
142
19
339
307
28
392
333
68
7
267
339
391
392
185
394
277
18
7
92
378
392
24
386
25
139
346
24
316
103
23
347
24
316
22
136
242
333
73
22
139
346
24
316
73
23
347
24
316
22
136
167
394
277
14
333
231
395
307
312
168
220
25
120
392
225
220
111
282
220
330
294
282
241
127
291
19
157
144
394
123
332
308
316
26
110
167
333
389
335
167
246
316
212
331
227
300
167
0
2
391
375
344
36
0
355
379
246
316
383
333
194
231
244
19
161
340
392
390
344
246
74
40
395
25
139
346
24
316
103
23
347
24
316
22
136
287
144
242
308
344
395
193
231
73
22
292
139
346
24
316
73
23
347
24
316
22
136
0
106
179
287
333
19
374
387
395
273
139
270
375
0
197
152
382
179
381
375
304
231
246
332
246
300
386
246
127
225
127
333
24
386
395
25
139
346
24
316
103
23
347
24
316
22
136
242
333
73
22
139
346
24
316
73
23
347
24
316
22
136
344
181
246
74
139
316
295
300
231
333
68
45
163
393
221
277
107
132
308
355
189
358
185
189
358
