144
390
392
192
344
140
344
0
68
332
232
0
130
332
377
394
137
378
392
24
344
355
359
395
253
9
25
139
346
24
316
103
23
347
24
316
22
136
127
104
391
235
246
55
26
252
231
246
72
344
151
316
19
334
119
10
0
391
68
106
220
220
386
394
277
0
25
120
167
395
25
291
19
0
350
7
92
19
330
294
241
144
163
319
395
253
9
25
139
346
24
316
103
23
347
24
316
22
136
258
339
207
19
185
36
167
386
392
306
303
139
270
144
0
316
115
341
110
2
268
52
389
19
283
24
344
181
246
74
345
139
346
24
316
103
23
347
24
316
22
136
139
333
68
45
316
295
300
163
393
221
277
107
355
189
358
185
189
358
