71
311
339
339
240
344
365
311
395
49
118
19
246
223
225
105
5
89
179
19
179
203
304
284
0
127
392
19
395
28
306
28
392
56
297
333
332
388
182
225
280
52
182
225
211
182
225
280
52
182
225
131
182
225
280
52
182
225
131
182
225
280
52
182
225
14
268
140
132
225
16
344
225
259
188
212
19
280
268
188
158
311
385
151
392
395
172
18
2
19
32
247
301
344
188
1
333
231
2
19
240
116
55
19
150
1
333
316
115
132
85
316
358
31
163
392
149
0
19
115
3
339
258
78
242
225
225
225
333
311
355
225
234
225
344
231
134
107
333
311
355
344
395
356
99
