27
17
293
7
137
132
333
144
111
278
330
122
12
336
0
332
176
24
344
68
50
375
152
344
151
201
180
181
230
7
309
127
0
231
339
321
332
385
42
127
395
68
295
19
25
267
246
124
301
179
345
182
225
31
227
259
295
123
333
292
332
287
127
392
34
200
55
333
193
235
339
301
385
333
95
344
77
28
392
247
382
292
26
333
42
125
127
392
181
230
19
90
231
7
19
122
12
344
333
95
371
344
137
344
185
0
68
43
19
377
272
392
36
29
28
392
116
395
241
280
224
339
179
236
231
0
252
321
363
333
133
112
19
280
127
244
301
235
246
364
110
250
274
1
191
31
230
235
333
230
68
231
27
19
293
7
255
225
225
225
107
69
225
102
68
308
230
234
225
339
107
366
299
344
226
52
230
68
356
132
230
68
7
339
179
236
231
0
252
321
363
333
133
112
19
280
127
244
301
235
246
364
110
250
274
1
191
31
230
235
333
230
68
231
27
19
293
7
255
225
225
225
107
69
225
102
68
308
230
234
225
339
107
366
299
344
226
52
230
68
356
132
230
68
7
274
1
191
31
230
235
333
230
68
231
27
19
293
7
255
225
225
225
107
69
225
102
68
308
230
234
225
339
107
366
299
344
226
52
230
68
356
132
230
68
7
68
231
27
19
293
7
255
225
225
225
107
69
225
102
68
308
230
234
225
339
107
366
299
344
226
52
230
68
356
132
230
68
7
107
69
225
102
68
308
230
234
225
339
107
366
299
344
226
52
230
68
356
132
230
68
7
99
