189
137
344
185
104
244
43
179
167
133
19
180
342
127
333
68
349
344
40
316
132
333
26
101
19
344
246
55
344
326
252
167
246
175
127
154
292
298
220
158
392
137
152
246
298
175
57
367
344
373
392
372
390
192
344
253
177
392
344
280
345
28
336
26
0
225
231
175
34
339
321
163
392
26
221
344
201
180
339
321
298
175
385
15
36
232
167
333
118
341
223
19
385
36
127
167
372
156
344
205
392
306
333
233
231
352
7
17
233
231
352
7
225
225
339
107
366
299
344
226
52
17
356
132
17
57
367
344
373
392
372
390
192
344
253
177
392
344
280
345
28
336
26
0
225
231
175
34
339
321
163
392
26
221
344
201
180
339
321
298
175
385
15
36
232
167
333
118
341
223
19
385
36
127
167
372
156
344
205
392
306
333
233
231
352
7
17
233
231
352
7
225
225
339
107
366
299
344
226
52
17
356
132
17
345
28
336
26
0
225
231
175
34
339
321
163
392
26
221
344
201
180
339
321
298
175
385
15
36
232
167
333
118
341
223
19
385
36
127
167
372
156
344
205
392
306
333
233
231
352
7
17
233
231
352
7
225
225
339
107
366
299
344
226
52
17
356
132
17
17
233
231
352
7
225
225
339
107
366
299
344
226
52
17
356
132
17
225
225
339
107
366
299
344
226
52
17
356
132
17
99
