91
225
225
236
231
113
225
352
31
368
128
355
398
0
190
27
292
167
386
18
227
316
117
225
200
19
225
344
333
355
132
50
332
237
252
231
339
139
314
333
244
179
167
333
316
398
231
334
260
231
398
384
326
333
344
188
19
334
344
334
2
155
167
14
225
231
333
65
231
225
277
2
127
317
332
333
216
355
167
358
17
389
225
246
179
333
237
348
225
216
355
344
249
2
157
167
244
335
157
167
157
167
19
167
149
155
344
212
331
227
368
128
248
333
391
180
15
166
344
332
246
72
344
173
106
371
368
128
269
173
316
386
0
115
167
19
74
344
188
212
1
14
231
337
139
115
258
365
246
55
74
182
19
33
365
132
182
225
33
225
372
385
232
167
253
170
301
386
316
55
349
339
350
365
115
385
36
232
211
131
132
227
16
227
259
19
227
259
227
259
280
127
395
55
365
115
152
372
15
156
394
181
358
127
246
194
364
170
301
368
19
90
296
333
389
333
270
372
156
394
126
246
344
188
212
1
240
31
368
128
368
128
355
339
107
366
299
344
226
52
368
128
355
7
356
132
368
128
355
398
0
190
27
292
167
386
18
227
316
117
225
200
19
225
344
333
355
132
50
332
237
252
231
339
139
314
333
244
179
167
333
316
398
231
334
260
231
398
384
326
333
344
188
19
334
344
334
2
155
167
14
225
231
333
65
231
225
277
2
127
317
332
333
216
355
167
358
17
389
225
246
179
333
237
348
225
216
355
344
249
2
157
167
244
335
157
167
157
167
19
167
149
155
344
212
331
227
368
128
248
333
391
180
15
166
344
332
246
72
344
173
106
371
368
128
269
173
316
386
0
115
167
19
74
344
188
212
1
14
231
337
139
115
258
365
246
55
74
182
19
33
365
132
182
225
33
225
372
385
232
167
253
170
301
386
316
55
349
339
350
365
115
385
36
232
211
131
132
227
16
227
259
19
227
259
227
259
280
127
395
55
365
115
152
372
15
156
394
181
358
127
246
194
364
170
301
368
19
90
296
333
389
333
270
372
156
394
126
246
344
188
212
1
240
31
368
128
368
128
355
339
107
366
299
344
226
52
368
128
355
7
356
132
368
128
355
332
333
216
355
167
358
17
389
225
246
179
333
237
348
225
216
355
344
249
2
157
167
244
335
157
167
157
167
19
167
149
155
344
212
331
227
368
128
248
333
391
180
15
166
344
332
246
72
344
173
106
371
368
128
269
173
316
386
0
115
167
19
74
344
188
212
1
14
231
337
139
115
258
365
246
55
74
182
19
33
365
132
182
225
33
225
372
385
232
167
253
170
301
386
316
55
349
339
350
365
115
385
36
232
211
131
132
227
16
227
259
19
227
259
227
259
280
127
395
55
365
115
152
372
15
156
394
181
358
127
246
194
364
170
301
368
19
90
296
333
389
333
270
372
156
394
126
246
344
188
212
1
240
31
368
128
368
128
355
339
107
366
299
344
226
52
368
128
355
7
356
132
368
128
355
372
15
156
394
181
358
127
246
194
364
170
301
368
19
90
296
333
389
333
270
372
156
394
126
246
344
188
212
1
240
31
368
128
368
128
355
339
107
366
299
344
226
52
368
128
355
7
356
132
368
128
355
19
90
296
333
389
333
270
372
156
394
126
246
344
188
212
1
240
31
368
128
368
128
355
339
107
366
299
344
226
52
368
128
355
7
356
132
368
128
355
296
333
389
333
270
372
156
394
126
246
344
188
212
1
240
31
368
128
368
128
355
339
107
366
299
344
226
52
368
128
355
7
356
132
368
128
355
99
