2
31
222
87
91
144
372
185
332
339
179
18
166
342
167
395
191
306
392
385
201
0
92
1
379
344
32
68
382
385
235
123
0
256
344
317
333
392
197
31
222
87
372
109
316
344
167
371
341
235
283
300
317
19
244
115
332
326
392
247
231
395
19
176
333
372
232
337
115
38
372
369
392
344
212
331
369
392
344
61
247
246
344
2
31
222
87
394
188
212
1
246
200
19
209
19
205
305
316
384
26
115
332
26
264
335
344
0
58
19
0
53
275
344
326
333
219
313
365
246
344
137
310
235
395
222
87
25
105
5
89
223
225
225
92
89
225
225
116
233
231
352
7
147
222
87
167
225
228
397
225
355
231
222
87
339
107
366
299
344
226
52
355
231
222
87
356
132
14
7
107
246
344
2
31
222
87
394
188
212
1
246
200
19
209
19
205
305
316
384
26
115
332
26
264
335
344
0
58
19
0
53
275
344
326
333
219
313
365
246
344
137
310
235
395
222
87
25
105
5
89
223
225
225
92
89
225
225
116
233
231
352
7
147
222
87
167
225
228
397
225
355
231
222
87
339
107
366
299
344
226
52
355
231
222
87
356
132
14
7
107
397
225
355
231
222
87
339
107
366
299
344
226
52
355
231
222
87
356
132
14
7
107
99
