371
395
365
115
385
36
354
344
392
144
296
127
396
365
55
275
344
365
392
149
241
144
365
0
68
55
179
18
166
252
231
333
92
201
267
378
63
333
68
332
179
287
127
392
372
369
344
201
323
332
395
344
296
377
201
333
304
307
332
381
395
177
344
365
81
68
371
42
392
163
392
63
344
365
358
167
253
126
392
326
0
349
386
0
85
316
18
7
82
242
0
19
137
14
231
395
272
21
163
392
63
344
365
358
238
394
36
344
76
386
0
85
316
7
82
242
14
132
392
53
155
19
394
36
344
137
14
231
395
272
21
241
392
63
372
26
114
344
84
0
86
365
115
183
127
392
290
0
365
258
189
204
185
163
392
149
20
272
42
30
96
231
7
62
279
281
225
225
225
225
236
231
333
68
332
60
194
233
231
7
228
225
124
315
162
225
339
107
366
299
344
226
52
81
68
356
132
81
68
275
344
365
392
149
241
144
365
0
68
55
179
18
166
252
231
333
92
201
267
378
63
333
68
332
179
287
127
392
372
369
344
201
323
332
395
344
296
377
201
333
304
307
332
381
395
177
344
365
81
68
371
42
392
163
392
63
344
365
358
167
253
126
392
326
0
349
386
0
85
316
18
7
82
242
0
19
137
14
231
395
272
21
163
392
63
344
365
358
238
394
36
344
76
386
0
85
316
7
82
242
14
132
392
53
155
19
394
36
344
137
14
231
395
272
21
241
392
63
372
26
114
344
84
0
86
365
115
183
127
392
290
0
365
258
189
204
185
163
392
149
20
272
42
30
96
231
7
62
279
281
225
225
225
225
236
231
333
68
332
60
194
233
231
7
228
225
124
315
162
225
339
107
366
299
344
226
52
81
68
356
132
81
68
126
392
326
0
349
386
0
85
316
18
7
82
242
0
19
137
14
231
395
272
21
163
392
63
344
365
358
238
394
36
344
76
386
0
85
316
7
82
242
14
132
392
53
155
19
394
36
344
137
14
231
395
272
21
241
392
63
372
26
114
344
84
0
86
365
115
183
127
392
290
0
365
258
189
204
185
163
392
149
20
272
42
30
96
231
7
62
279
281
225
225
225
225
236
231
333
68
332
60
194
233
231
7
228
225
124
315
162
225
339
107
366
299
344
226
52
81
68
356
132
81
68
394
36
344
76
386
0
85
316
7
82
242
14
132
392
53
155
19
394
36
344
137
14
231
395
272
21
241
392
63
372
26
114
344
84
0
86
365
115
183
127
392
290
0
365
258
189
204
185
163
392
149
20
272
42
30
96
231
7
62
279
281
225
225
225
225
236
231
333
68
332
60
194
233
231
7
228
225
124
315
162
225
339
107
366
299
344
226
52
81
68
356
132
81
68
258
189
204
185
163
392
149
20
272
42
30
96
231
7
62
279
281
225
225
225
225
236
231
333
68
332
60
194
233
231
7
228
225
124
315
162
225
339
107
366
299
344
226
52
81
68
356
132
81
68
233
231
7
228
225
124
315
162
225
339
107
366
299
344
226
52
81
68
356
132
81
68
228
225
124
315
162
225
339
107
366
299
344
226
52
81
68
356
132
81
68
225
124
315
162
225
339
107
366
299
344
226
52
81
68
356
132
81
68
99
