363
28
208
355
333
231
0
208
106
144
395
0
142
127
208
304
177
392
344
24
31
208
392
399
149
240
344
84
0
68
115
398
167
333
19
341
283
19
174
398
332
392
167
231
395
134
180
399
288
377
392
399
132
18
271
0
348
225
216
271
355
358
17
389
378
392
24
52
246
225
89
392
399
36
77
127
291
357
344
133
333
267
179
19
220
330
294
26
282
372
195
129
344
286
395
25
96
231
7
188
212
160
340
44
208
355
225
288
55
225
225
225
225
225
372
277
395
78
170
132
316
295
300
163
392
263
221
344
277
107
132
208
355
66
344
356
160
99
