144
393
36
0
127
7
344
333
355
231
19
161
109
392
344
24
224
139
346
24
347
24
316
22
136
163
393
319
333
73
22
139
346
24
347
24
316
22
136
374
332
180
28
28
344
395
193
231
292
231
382
392
63
333
126
9
0
25
120
291
0
7
92
220
282
294
386
225
93
268
225
209
19
0
231
240
333
355
231
31
179
333
256
344
395
58
394
310
395
106
132
88
236
19
372
332
167
395
124
88
231
65
168
0
283
242
0
88
31
333
231
394
36
167
395
231
317
287
132
391
235
395
58
105
386
0
106
197
344
77
392
127
7
304
24
344
139
346
24
347
24
316
22
136
242
358
344
333
73
22
139
346
24
347
24
316
22
136
345
303
139
139
78
386
392
163
393
221
277
107
132
7
189
358
185
189
358
