338
26
395
333
25
267
205
395
7
372
185
24
127
7
56
36
26
304
202
19
180
56
36
246
7
82
26
152
127
392
113
313
231
333
371
144
392
235
132
224
395
124
31
333
355
231
329
221
323
379
344
310
242
158
344
123
395
7
82
180
372
149
14
333
392
217
344
78
395
7
82
238
61
247
246
231
333
311
123
395
311
242
163
392
194
167
329
19
395
7
82
287
372
57
367
344
150
132
392
123
214
82
24
127
7
272
78
358
31
8
242
53
358
31
225
225
225
225
225
225
102
8
225
316
300
48
186
225
225
266
261
24
365
10
339
107
366
299
344
226
52
355
231
329
356
132
333
355
231
329
186
56
36
26
304
202
19
180
56
36
246
7
82
26
152
127
392
113
313
231
333
371
144
392
235
132
224
395
124
31
333
355
231
329
221
323
379
344
310
242
158
344
123
395
7
82
180
372
149
14
333
392
217
344
78
395
7
82
238
61
247
246
231
333
311
123
395
311
242
163
392
194
167
329
19
395
7
82
287
372
57
367
344
150
132
392
123
214
82
24
127
7
272
78
358
31
8
242
53
358
31
225
225
225
225
225
225
102
8
225
316
300
48
186
225
225
266
261
24
365
10
339
107
366
299
344
226
52
355
231
329
356
132
333
355
231
329
186
180
372
149
14
333
392
217
344
78
395
7
82
238
61
247
246
231
333
311
123
395
311
242
163
392
194
167
329
19
395
7
82
287
372
57
367
344
150
132
392
123
214
82
24
127
7
272
78
358
31
8
242
53
358
31
225
225
225
225
225
225
102
8
225
316
300
48
186
225
225
266
261
24
365
10
339
107
366
299
344
226
52
355
231
329
356
132
333
355
231
329
186
123
395
311
242
163
392
194
167
329
19
395
7
82
287
372
57
367
344
150
132
392
123
214
82
24
127
7
272
78
358
31
8
242
53
358
31
225
225
225
225
225
225
102
8
225
316
300
48
186
225
225
266
261
24
365
10
339
107
366
299
344
226
52
355
231
329
356
132
333
355
231
329
186
24
127
7
272
78
358
31
8
242
53
358
31
225
225
225
225
225
225
102
8
225
316
300
48
186
225
225
266
261
24
365
10
339
107
366
299
344
226
52
355
231
329
356
132
333
355
231
329
186
272
78
358
31
8
242
53
358
31
225
225
225
225
225
225
102
8
225
316
300
48
186
225
225
266
261
24
365
10
339
107
366
299
344
226
52
355
231
329
356
132
333
355
231
329
186
24
365
10
339
107
366
299
344
226
52
355
231
329
356
132
333
355
231
329
186
339
107
366
299
344
226
52
355
231
329
356
132
333
355
231
329
186
99
