144
383
161
16
344
277
333
231
333
392
217
344
332
333
179
395
19
399
288
377
392
399
161
399
332
392
56
149
0
127
19
167
333
50
392
217
344
137
167
264
127
399
288
235
225
225
31
227
259
144
161
366
163
161
137
18
235
214
127
214
111
214
342
339
146
357
317
127
18
330
235
19
19
18
330
235
19
131
161
15
14
231
292
344
19
11
292
6
19
0
332
77
14
231
339
161
149
386
388
337
231
88
386
221
36
344
74
386
214
328
235
161
366
0
386
333
257
231
214
328
38
231
339
161
137
213
231
333
388
167
236
385
221
333
42
127
214
111
18
390
36
127
333
231
214
111
161
385
36
344
137
0
386
14
214
19
304
161
385
36
127
214
18
390
183
204
342
344
332
176
357
344
214
161
390
18
344
19
161
319
333
345
183
344
392
388
189
204
185
377
392
340
144
154
292
99
