127
247
152
377
372
132
392
395
107
226
366
378
392
319
339
124
215
144
215
272
161
185
332
26
235
225
161
385
36
275
242
0
298
220
161
149
0
231
214
220
161
149
310
344
333
231
65
220
161
149
310
344
333
127
220
272
161
185
332
14
26
235
219
131
225
19
161
149
335
242
385
149
335
19
319
52
220
258
381
392
21
220
344
20
231
333
272
304
242
224
344
333
272
161
149
214
220
161
149
0
220
137
236
161
149
22
220
161
56
359
22
220
20
220
21
167
333
272
242
161
149
0
231
333
167
214
242
235
101
220
220
50
179
163
21
366
220
204
377
179
152
242
161
149
333
252
386
333
220
161
149
333
252
333
220
161
149
341
183
28
18
115
220
161
185
332
161
217
344
386
235
19
221
236
220
98
392
296
20
276
31
339
260
381
392
390
221
149
333
319
52
219
131
225
31
227
259
220
161
149
333
294
127
333
235
220
258
20
132
333
272
168
381
392
221
149
333
319
235
131
242
84
395
249
99
