364
68
365
26
34
344
392
364
68
365
26
34
344
392
364
68
365
26
34
344
392
364
68
365
26
34
344
392
364
68
365
26
34
344
392
68
19
290
365
344
205
386
183
316
333
292
391
337
365
26
284
127
19
298
50
224
149
333
240
344
386
337
281
19
310
116
334
257
14
365
26
193
167
258
126
337
344
357
242
78
204
386
20
272
336
179
220
344
333
225
231
365
392
56
32
339
391
68
19
290
365
344
205
386
183
316
333
292
391
337
365
26
284
127
19
298
50
224
149
333
240
344
386
337
281
19
310
116
334
257
14
365
26
193
167
258
126
337
344
357
242
78
204
386
20
272
336
179
220
344
333
225
231
365
392
56
32
339
391
344
167
344
395
126
337
313
239
0
19
295
242
140
344
140
344
333
287
231
395
19
297
127
316
19
225
63
154
292
79
386
235
258
392
36
167
344
395
292
344
357
167
127
0
365
126
337
313
167
344
395
19
167
344
395
292
66
68
155
348
287
19
66
68
365
66
212
344
296
14
365
66
280
224
235
287
163
392
217
344
395
126
333
313
344
296
333
193
231
365
19
66
344
167
344
395
126
337
313
344
167
344
395
126
337
313
344
167
344
395
126
337
313
344
167
344
395
126
337
313
239
0
19
295
242
140
344
140
344
333
287
231
395
19
297
127
316
19
225
63
154
292
79
386
235
258
392
36
167
344
395
292
239
0
19
295
242
140
344
239
0
19
295
242
140
344
140
344
333
287
231
395
19
297
127
316
19
140
344
333
287
231
395
19
297
127
316
19
225
225
63
154
292
63
154
292
79
386
235
258
392
36
167
344
395
292
79
386
235
258
392
36
167
344
395
292
344
357
167
127
0
365
126
337
313
344
357
167
127
0
365
126
337
313
344
357
167
127
0
365
126
337
313
344
357
167
127
0
365
126
337
313
344
357
167
127
0
365
126
337
313
167
344
395
19
167
344
395
292
66
68
155
348
287
19
66
68
365
66
212
344
296
14
365
66
280
224
235
287
163
392
217
344
395
126
333
313
344
296
333
193
231
365
19
66
167
344
395
19
167
344
395
292
66
68
155
348
287
66
68
155
348
287
66
68
155
348
287
19
66
68
365
66
212
344
296
14
365
19
66
68
365
66
212
344
296
14
365
19
66
68
365
66
212
344
296
14
365
19
66
68
365
66
212
344
296
14
365
66
280
224
235
287
66
280
224
235
287
66
280
224
235
287
66
280
224
235
287
66
280
224
235
287
163
392
217
344
395
126
333
313
344
296
333
193
231
365
19
66
163
392
217
344
395
126
333
313
344
296
333
193
231
365
19
66
163
392
217
344
395
126
333
313
344
296
333
193
231
365
19
66
163
392
217
344
395
126
333
313
344
296
333
193
231
365
19
66
163
392
217
344
395
126
333
313
344
296
333
193
231
365
19
66
163
392
217
344
395
126
333
313
344
296
333
193
231
365
19
66
333
344
32
333
364
365
385
36
194
235
333
68
365
250
31
225
210
333
290
19
333
385
15
36
299
344
395
333
88
231
333
333
344
32
333
364
365
385
36
194
235
333
68
365
250
31
225
210
333
290
19
333
385
15
36
299
344
395
333
88
231
333
333
344
32
333
364
365
385
36
194
235
333
68
365
250
31
225
210
333
290
19
333
385
15
36
299
344
395
333
88
231
333
285
154
164
228
225
285
154
164
228
225
99
