19
375
98
339
127
127
304
339
107
344
392
158
161
399
98
161
201
332
98
374
19
161
369
392
344
185
1
339
65
304
344
310
161
149
0
227
167
339
65
382
179
161
333
344
214
388
167
333
65
161
167
235
342
19
201
323
344
98
214
388
15
0
231
344
379
161
56
333
161
257
344
332
388
357
19
344
29
127
151
163
161
217
180
304
161
56
36
235
127
18
0
167
333
65
19
0
225
235
333
235
344
212
386
333
231
333
65
333
332
372
183
357
366
127
204
127
214
111
161
399
227
235
14
231
335
127
236
227
19
161
16
167
214
344
98
304
161
121
192
161
333
374
161
149
0
344
188
386
333
218
50
323
36
344
188
180
237
310
180
304
161
231
333
19
188
161
149
149
142
19
236
161
123
172
19
332
161
192
1
333
231
179
332
0
231
179
235
19
158
392
188
221
158
392
185
161
340
339
179
38
180
19
331
163
338
185
242
221
161
123
180
172
19
161
340
180
399
288
0
231
192
339
65
19
333
374
195
129
344
333
231
333
127
144
99
