167
392
127
386
358
225
395
124
391
231
0
56
167
0
391
28
0
392
127
36
0
372
26
392
225
395
124
391
231
201
333
345
232
225
225
339
232
179
237
34
344
218
86
0
257
238
339
232
179
221
34
344
86
386
262
231
225
339
146
220
361
19
56
237
36
359
127
357
344
225
36
52
228
31
19
385
36
127
225
339
56
221
36
242
359
167
386
20
244
232
258
332
311
19
26
221
127
339
337
120
26
231
225
225
225
397
225
14
287
284
365
362
74
225
225
225
358
395
277
339
107
38
392
357
127
0
163
392
344
36
132
246
107
193
356
99
