392
350
161
385
221
36
167
65
304
152
179
333
161
277
132
333
332
201
163
392
161
16
140
344
167
214
332
333
350
231
392
98
0
235
339
344
333
65
161
149
84
167
333
19
180
385
221
71
357
235
333
330
304
221
36
0
44
50
161
369
392
14
344
149
333
195
31
333
41
218
218
333
124
372
217
344
195
31
179
333
372
217
344
247
163
372
26
359
333
132
333
65
242
163
372
149
180
167
333
65
195
31
333
65
372
98
221
149
180
336
382
372
26
386
333
132
333
65
132
333
127
333
65
31
160
333
127
65
333
213
235
332
179
127
20
361
19
339
163
19
237
163
19
344
333
146
333
361
180
15
0
212
50
136
377
180
179
332
385
237
36
163
338
26
333
0
304
189
195
31
0
392
0
218
157
19
180
19
48
0
395
357
98
333
157
392
218
157
218
392
38
337
98
221
344
333
338
98
221
149
333
183
192
392
19
395
98
220
149
333
155
38
392
189
195
31
392
0
218
157
19
395
167
157
392
218
157
392
392
38
337
344
333
338
149
333
38
392
19
395
149
333
155
38
392
333
231
333
132
146
0
212
140
235
331
332
386
19
325
382
179
333
231
339
65
372
385
333
344
42
246
392
127
36
304
235
348
231
14
231
339
395
344
179
182
154
292
30
96
14
14
333
342
99
