339
179
0
344
107
1
333
58
19
68
112
332
310
235
211
31
344
36
359
386
126
160
160
161
299
392
0
193
231
332
26
34
344
205
386
392
395
316
219
152
179
333
332
366
302
386
316
167
344
357
127
95
258
109
395
316
344
326
9
231
339
240
160
160
258
332
337
364
225
210
17
28
26
290
127
225
225
167
333
342
146
227
227
242
385
104
205
40
386
333
138
0
231
334
19
239
180
357
344
316
272
333
126
211
19
19
132
227
292
82
385
19
341
76
58
172
344
68
200
372
257
344
359
333
193
127
211
211
19
28
0
333
112
385
36
0
364
68
235
225
333
386
333
348
225
68
316
32
392
99
