144
392
26
290
344
326
333
235
225
225
392
385
36
326
339
167
225
326
333
179
0
142
371
344
123
247
158
264
392
26
127
68
19
58
333
330
15
76
392
344
68
45
268
19
300
332
56
392
344
240
392
399
152
26
0
330
385
40
31
227
16
19
31
227
385
292
163
392
101
242
137
0
258
36
167
395
330
52
227
385
36
34
167
333
73
330
40
392
203
0
386
392
50
220
244
242
385
36
167
333
330
392
333
126
282
127
330
292
242
350
220
225
386
392
221
333
126
255
125
242
244
242
370
26
372
392
395
255
167
344
74
386
11
333
330
179
75
392
385
36
282
344
180
330
242
242
20
244
253
332
149
359
201
242
359
0
385
225
210
11
330
18
385
31
227
212
170
19
330
56
36
31
339
392
15
149
277
0
167
395
65
163
392
149
20
272
258
98
221
344
29
140
30
127
154
292
228
285
250
263
153
392
15
149
277
0
167
395
65
163
392
149
20
272
258
98
221
344
29
140
30
127
154
292
228
285
250
263
153
263
153
99
