153
144
392
152
333
160
235
225
225
31
227
259
144
153
127
78
204
1
0
205
161
385
36
34
214
235
211
392
144
235
225
225
31
227
259
153
144
192
344
357
0
82
205
386
392
344
140
248
395
65
26
392
34
235
211
395
258
189
204
185
392
292
82
154
292
164
225
225
225
225
292
82
154
292
164
225
225
225
225
235
225
225
31
227
259
144
153
127
78
204
1
0
205
161
385
36
34
214
235
211
392
144
235
225
225
31
227
259
153
144
192
344
357
0
82
205
386
392
344
140
248
395
65
26
392
34
235
211
395
258
189
204
185
392
292
82
154
292
164
225
225
225
225
292
82
154
292
164
225
225
225
225
99
