161
16
344
392
344
392
332
82
26
18
166
184
112
345
31
333
205
179
127
316
26
373
344
334
316
161
16
344
392
344
392
332
82
26
18
166
184
112
345
31
333
205
179
127
316
26
373
344
334
316
161
16
344
392
344
392
332
82
26
18
166
184
112
345
31
333
205
179
127
316
26
373
344
334
316
161
16
344
392
344
392
332
82
26
18
166
184
112
345
31
333
205
179
127
316
26
373
344
334
316
181
205
160
181
205
160
181
205
160
181
205
160
181
205
160
181
205
160
375
299
155
180
390
36
151
344
149
335
127
339
205
375
299
155
180
390
36
151
344
149
335
127
339
205
375
299
155
180
390
36
151
344
149
335
127
339
205
375
299
155
180
390
36
151
344
149
335
127
339
205
375
299
155
180
390
36
151
344
149
335
127
339
205
99
