227
227
385
36
211
182
225
341
182
225
104
146
0
94
88
50
56
71
235
333
88
316
385
31
333
334
61
341
333
19
333
19
316
385
61
167
31
333
325
19
357
334
341
333
163
392
56
221
357
395
392
56
63
344
149
316
127
180
19
137
180
127
392
242
392
56
107
344
344
180
357
31
395
31
0
372
385
15
246
344
292
167
333
118
290
211
182
225
225
225
259
141
298
237
65
231
225
182
225
225
225
259
391
237
65
231
225
182
225
225
225
259
391
237
65
231
225
182
225
225
225
259
391
19
20
244
65
231
225
258
163
392
26
380
242
221
392
0
258
78
154
292
372
98
149
0
231
163
392
390
192
344
236
258
98
304
238
31
344
357
395
392
385
217
344
231
386
392
28
0
242
231
395
99
