153
392
127
29
337
272
19
36
304
386
395
388
161
113
332
161
188
132
333
242
183
183
332
18
253
390
221
185
235
158
374
395
179
392
36
202
252
231
395
392
221
36
170
167
333
38
385
221
149
161
214
11
113
242
378
161
193
332
161
132
332
378
392
132
332
377
390
163
161
149
132
390
161
183
335
386
0
339
179
0
142
272
161
305
333
19
161
340
333
21
179
344
335
386
0
228
235
225
225
31
227
259
144
91
161
16
0
1
382
170
372
19
15
372
180
167
161
113
332
161
188
132
333
242
183
161
214
11
113
242
378
161
193
332
161
132
332
377
390
163
161
149
132
390
161
183
335
386
0
180
390
36
142
163
392
107
204
306
303
144
99
