91
316
38
305
316
56
221
71
176
333
48
344
149
334
146
84
0
371
344
316
344
334
249
344
36
359
167
333
167
316
56
244
231
163
392
149
221
127
333
242
390
192
344
137
395
392
365
333
19
167
359
395
107
392
385
36
299
0
225
6
107
19
392
385
333
235
333
19
344
333
219
392
385
66
235
333
214
19
126
333
344
395
332
392
385
326
31
155
392
56
395
249
132
395
249
167
333
214
391
19
333
292
191
336
179
220
332
372
385
359
337
167
333
50
336
179
0
59
332
372
385
258
326
9
231
339
240
344
36
168
167
395
167
339
354
19
391
392
127
395
322
333
309
19
19
99
