258
333
126
40
31
225
259
225
167
344
269
127
119
19
167
385
333
19
344
151
31
225
259
225
181
358
235
395
242
255
359
339
399
19
385
36
333
399
288
19
19
161
385
333
382
385
333
19
285
119
56
359
344
39
167
399
288
106
378
19
185
1
386
1
292
19
154
2
316
26
212
110
19
149
43
292
32
269
166
240
127
119
344
36
212
167
334
399
288
106
339
385
36
167
237
52
19
316
19
334
26
109
344
32
179
136
52
333
74
292
225
344
225
74
80
127
307
106
68
231
105
231
225
19
328
231
333
127
170
365
242
78
31
225
225
225
225
242
242
78
225
316
19
74
31
225
225
225
242
74
154
292
225
228
399
19
385
36
333
399
288
19
19
161
385
333
382
385
333
19
285
119
56
359
344
39
167
399
288
106
378
19
185
1
386
1
292
19
154
2
316
26
212
110
19
149
43
292
32
269
166
240
127
119
344
36
212
167
334
399
288
106
339
385
36
167
237
52
19
316
19
334
26
109
344
32
179
136
52
333
74
292
225
344
225
74
80
127
307
106
68
231
105
231
225
19
328
231
333
127
170
365
242
78
31
225
225
225
225
242
242
78
225
316
19
74
31
225
225
225
242
74
154
292
225
228
99
