127
247
342
152
377
372
132
392
342
395
107
226
366
378
392
319
339
124
215
144
215
26
392
85
167
333
19
220
382
26
392
167
342
161
16
333
342
127
344
227
227
259
231
333
85
227
227
259
167
344
127
212
127
19
244
290
385
339
388
167
395
290
220
163
392
21
220
344
333
272
377
179
395
333
60
201
180
43
242
242
158
149
392
1
0
0
158
149
392
1
19
19
304
304
180
50
221
221
158
179
388
235
339
161
192
180
212
331
377
372
180
138
0
231
19
127
377
372
26
98
161
192
180
331
377
372
180
212
180
1
333
28
43
19
372
26
257
344
167
19
19
11
133
235
225
201
0
41
161
16
0
242
244
124
391
206
19
98
221
149
231
161
16
0
242
298
19
161
149
335
161
385
335
235
161
167
333
50
161
335
344
333
292
235
161
167
333
161
390
192
344
335
344
292
333
88
235
127
163
240
344
0
127
236
231
333
131
167
161
390
221
221
392
127
326
333
183
236
212
272
179
332
221
161
192
221
50
344
235
221
0
31
14
167
84
395
249
99
