153
144
372
399
273
247
38
392
359
31
292
386
0
127
106
167
339
231
392
359
395
292
107
19
395
292
395
3
344
192
310
167
333
71
38
395
292
146
392
28
225
391
392
399
296
0
218
231
94
127
292
378
392
359
395
292
339
392
399
36
344
98
192
194
242
277
213
392
15
399
36
344
84
362
19
203
221
36
344
370
362
339
218
115
179
344
316
28
225
50
339
237
395
115
235
395
292
19
221
333
115
235
395
253
163
392
149
362
344
395
292
395
385
36
392
56
19
395
362
359
378
235
52
395
163
392
167
239
333
258
332
339
146
127
395
167
333
71
372
385
15
36
0
332
385
392
344
362
132
395
292
344
0
253
372
385
273
247
386
212
378
333
239
127
212
235
395
292
258
365
246
151
333
328
392
277
339
107
300
344
392
1
166
60
344
395
225
225
127
106
167
339
231
392
359
395
292
107
19
395
292
395
3
344
192
310
167
333
71
38
395
292
146
392
28
225
391
392
399
296
0
218
231
94
127
292
378
392
359
395
292
339
392
399
36
344
98
192
194
242
277
213
392
15
399
36
344
84
362
19
203
221
36
344
370
362
339
218
115
179
344
316
28
225
50
339
237
395
115
235
395
292
19
221
333
115
235
395
253
163
392
149
362
344
395
292
395
385
36
392
56
19
395
362
359
378
235
52
395
163
392
167
239
333
258
332
339
146
127
395
167
333
71
372
385
15
36
0
332
385
392
344
362
132
395
292
344
0
253
372
385
273
247
386
212
378
333
239
127
212
235
395
292
258
365
246
151
333
328
392
277
339
107
300
344
392
1
166
60
344
395
225
225
395
292
395
3
344
192
310
167
333
71
38
395
292
146
392
28
225
391
392
399
296
0
218
231
94
127
292
378
392
359
395
292
339
392
399
36
344
98
192
194
242
277
213
392
15
399
36
344
84
362
19
203
221
36
344
370
362
339
218
115
179
344
316
28
225
50
339
237
395
115
235
395
292
19
221
333
115
235
395
253
163
392
149
362
344
395
292
395
385
36
392
56
19
395
362
359
378
235
52
395
163
392
167
239
333
258
332
339
146
127
395
167
333
71
372
385
15
36
0
332
385
392
344
362
132
395
292
344
0
253
372
385
273
247
386
212
378
333
239
127
212
235
395
292
258
365
246
151
333
328
392
277
339
107
300
344
392
1
166
60
344
395
225
225
194
242
277
213
392
15
399
36
344
84
362
19
203
221
36
344
370
362
339
218
115
179
344
316
28
225
50
339
237
395
115
235
395
292
19
221
333
115
235
395
253
163
392
149
362
344
395
292
395
385
36
392
56
19
395
362
359
378
235
52
395
163
392
167
239
333
258
332
339
146
127
395
167
333
71
372
385
15
36
0
332
385
392
344
362
132
395
292
344
0
253
372
385
273
247
386
212
378
333
239
127
212
235
395
292
258
365
246
151
333
328
392
277
339
107
300
344
392
1
166
60
344
395
225
225
378
235
52
395
163
392
167
239
333
258
332
339
146
127
395
167
333
71
372
385
15
36
0
332
385
392
344
362
132
395
292
344
0
253
372
385
273
247
386
212
378
333
239
127
212
235
395
292
258
365
246
151
333
328
392
277
339
107
300
344
392
1
166
60
344
395
225
225
151
333
328
392
277
339
107
300
344
392
1
166
60
344
395
225
225
99
