235
131
246
19
385
333
68
19
58
339
364
385
326
256
14
316
19
385
149
333
240
344
205
386
281
132
171
132
333
168
333
355
231
165
355
231
355
19
202
212
339
385
36
0
142
240
127
316
19
344
150
1
333
68
338
26
172
167
19
149
334
272
21
235
131
246
19
385
333
68
19
58
339
364
385
326
256
14
316
19
385
149
333
240
344
205
386
281
132
171
132
333
168
333
355
231
165
355
231
355
19
202
212
339
385
36
0
142
240
127
316
19
344
150
1
333
68
338
26
172
167
19
149
334
272
21
316
19
26
373
344
357
127
301
52
66
339
127
170
258
78
90
31
316
19
26
373
344
357
127
301
52
66
339
127
170
258
78
90
31
