61
247
337
285
19
343
344
235
68
7
321
264
392
344
24
344
348
68
153
144
333
321
395
298
391
231
154
292
179
0
342
344
264
127
333
68
25
267
179
152
344
151
392
235
372
151
154
4
316
132
235
334
344
0
348
68
395
344
0
133
391
291
56
310
152
344
151
392
137
310
258
370
68
7
225
344
188
1
73
7
19
343
127
24
344
348
68
344
188
212
1
19
333
216
68
181
246
170
301
235
225
31
227
259
342
344
386
309
36
235
333
127
212
285
132
358
333
321
42
333
328
29
225
225
179
0
280
243
339
107
366
299
344
226
52
356
132
225
68
268
127
154
292
179
152
344
151
392
235
372
151
154
4
316
132
235
334
344
0
348
68
395
344
0
133
391
291
56
310
152
344
151
392
137
310
258
370
68
7
225
344
188
1
73
7
19
343
127
24
344
348
68
344
188
212
1
19
333
216
68
181
246
170
301
235
225
31
227
259
342
344
386
309
36
235
333
127
212
285
132
358
333
321
42
333
328
29
225
225
179
0
280
243
339
107
366
299
344
226
52
356
132
225
68
268
127
154
292
344
188
1
73
7
19
343
127
24
344
348
68
344
188
212
1
19
333
216
68
181
246
170
301
235
225
31
227
259
342
344
386
309
36
235
333
127
212
285
132
358
333
321
42
333
328
29
225
225
179
0
280
243
339
107
366
299
344
226
52
356
132
225
68
268
127
154
292
235
225
31
227
259
342
344
386
309
36
235
333
127
212
285
132
358
333
321
42
333
328
29
225
225
179
0
280
243
339
107
366
299
344
226
52
356
132
225
68
268
127
154
292
99
