333
231
179
0
364
239
157
132
225
344
225
259
235
225
333
231
179
0
364
239
157
132
225
344
225
259
235
225
333
231
179
0
364
239
157
132
225
344
225
259
235
225
333
231
179
0
364
239
157
132
225
344
225
259
235
225
225
344
225
259
235
225
385
36
344
326
0
364
349
231
399
288
205
333
19
188
1
333
268
232
31
333
127
272
242
212
170
140
344
160
385
36
344
326
0
364
349
231
399
288
205
333
19
188
1
333
268
232
31
333
127
272
242
212
170
140
344
160
385
36
344
326
0
364
349
231
399
288
205
333
19
188
1
333
268
232
31
333
127
272
242
212
170
140
344
160
385
36
344
326
0
364
349
231
399
288
205
333
19
188
1
333
268
232
31
333
127
272
242
212
170
140
344
160
385
36
344
326
0
364
349
231
399
288
205
333
19
188
1
333
268
268
232
31
333
127
272
242
212
170
140
344
160
160
232
154
292
19
298
167
225
58
19
106
268
28
252
231
334
154
292
28
104
268
316
344
188
31
334
249
341
0
235
188
257
332
179
235
4
232
154
292
19
298
167
225
58
19
106
268
28
252
231
334
154
292
28
104
268
316
344
188
31
334
249
341
0
235
188
257
332
179
235
4
232
154
292
19
298
167
225
58
19
106
268
28
252
231
334
154
292
28
104
268
316
344
188
31
334
249
341
0
235
188
257
332
179
235
4
232
154
292
19
298
167
225
58
19
106
268
28
252
231
334
154
292
28
104
268
316
344
188
31
334
249
341
0
235
188
257
332
179
235
4
0
193
231
268
19
239
157
290
56
36
152
301
56
36
152
235
344
333
364
239
157
0
193
231
268
19
239
157
290
56
36
152
301
56
36
152
235
344
333
364
239
157
0
193
231
268
19
239
157
290
56
36
152
301
56
36
152
235
344
333
364
239
157
0
193
231
268
19
239
157
290
56
36
152
301
56
36
152
235
344
333
364
239
157
0
193
231
268
19
239
157
290
56
36
152
152
301
56
36
152
152
235
344
333
364
239
157
83
179
85
326
256
163
392
149
221
304
392
395
292
82
28
306
28
163
392
390
192
344
344
395
83
127
219
391
316
326
167
333
225
225
179
344
134
298
163
179
83
179
85
326
256
163
392
149
221
304
392
395
292
82
28
306
28
163
392
390
192
344
344
395
83
127
219
391
83
179
85
326
256
163
392
149
221
304
392
395
292
82
28
306
28
163
392
390
192
344
344
395
83
127
219
391
83
179
85
326
256
163
392
149
221
304
392
395
292
82
28
306
28
163
392
390
192
344
344
395
83
127
219
391
83
179
85
326
256
163
392
149
221
304
392
395
292
82
28
306
28
163
392
390
192
344
344
395
83
127
219
391
316
326
167
333
225
225
179
344
134
298
163
179
292
154
225
124
292
82
154
292
225
225
225
