161
149
29
344
339
107
344
316
161
390
278
127
339
180
179
0
142
115
167
188
377
176
333
333
231
0
48
163
392
26
172
107
19
247
333
25
31
333
41
372
26
195
127
127
333
321
339
179
239
180
179
339
391
372
26
195
127
236
316
237
163
392
185
231
20
316
332
390
36
0
125
258
149
335
78
204
19
247
333
238
25
31
333
41
321
385
168
218
19
218
17
19
17
19
170
264
127
316
359
19
243
19
30
298
28
217
25
149
333
126
36
386
333
48
338
32
359
17
126
344
357
344
142
342
36
19
74
14
75
0
61
19
203
36
344
388
31
14
231
333
154
292
28
374
28
333
233
385
36
127
334
249
127
339
26
211
132
227
19
131
220
225
0
333
385
36
132
203
33
310
179
227
316
172
167
24
75
333
238
25
152
25
36
319
52
203
258
337
378
247
333
25
225
85
108
312
297
225
149
297
79
344
333
219
250
225
127
134
239
237
339
179
241
182
154
292
30
96
14
14
333
342
25
36
319
52
203
258
337
378
247
333
25
225
85
108
312
297
225
149
297
79
344
333
219
250
225
127
134
239
237
339
179
241
182
154
292
30
96
14
14
333
342
99
