82
149
257
58
19
68
112
127
14
231
246
19
310
219
211
31
372
385
40
386
0
364
235
58
172
333
126
160
160
167
344
395
316
333
36
3
341
0
26
373
344
334
316
127
333
126
333
235
58
372
149
15
243
225
58
132
333
344
205
364
386
316
344
1
334
58
202
231
382
26
206
152
179
333
193
231
384
149
344
386
316
49
231
19
231
173
96
231
96
127
337
364
225
210
17
28
26
290
127
225
225
167
333
342
146
227
227
242
385
104
205
40
386
333
138
0
231
334
19
239
180
357
344
316
272
336
385
36
0
357
127
316
19
299
344
335
386
0
193
231
272
338
56
29
333
333
126
211
19
19
132
227
292
82
385
19
235
76
58
172
344
68
200
333
112
385
36
0
364
68
235
225
333
386
333
348
225
68
316
32
258
109
395
19
344
32
337
166
372
149
342
167
84
335
19
369
395
316
344
132
335
392
99
