339
127
167
214
107
183
224
296
339
392
304
36
359
180
127
305
19
149
0
142
88
225
154
292
225
225
225
129
207
132
225
225
31
227
259
144
19
119
299
392
18
127
344
144
19
119
299
392
18
127
153
195
192
392
399
399
288
144
19
119
369
392
344
149
0
235
335
19
299
392
0
227
344
363
395
183
66
333
41
363
214
392
56
15
19
333
126
176
395
160
149
0
272
1
395
66
152
344
3
246
86
322
392
19
270
163
393
192
344
144
19
119
0
344
185
335
0
344
189
335
185
158
392
335
52
339
179
18
107
339
107
179
221
19
385
221
277
0
225
225
31
227
259
144
19
119
299
392
18
127
344
144
19
119
299
392
18
127
153
195
192
392
399
399
288
144
19
119
369
392
344
149
0
235
335
19
299
392
0
227
344
363
395
183
66
333
41
363
214
392
56
15
19
333
126
176
395
160
149
0
272
1
395
66
152
344
3
246
86
322
392
19
270
163
393
192
344
144
19
119
0
344
185
335
0
344
189
335
185
158
392
335
52
339
179
18
107
339
107
179
221
19
385
221
277
0
144
19
119
299
392
18
127
153
195
192
392
399
399
288
144
19
119
369
392
344
149
0
235
335
19
299
392
0
227
344
363
395
183
66
333
41
363
214
392
56
15
19
333
126
176
395
160
149
0
272
1
395
66
152
344
3
246
86
322
392
19
270
163
393
192
344
144
19
119
0
344
185
335
0
344
189
335
185
158
392
335
52
339
179
18
107
339
107
179
221
19
385
221
277
0
344
189
335
185
158
392
335
52
339
179
18
107
339
107
179
221
19
385
221
277
0
99
