326
0
247
231
321
386
225
130
132
130
19
225
130
160
31
372
386
332
201
395
191
19
212
10
326
0
247
231
321
386
225
130
225
225
130
235
137
310
212
167
395
321
386
344
395
242
157
116
212
132
236
127
14
19
287
344
395
348
231
333
19
86
52
247
236
242
127
232
237
127
218
86
386
18
225
130
225
232
179
235
0
231
225
24
248
0
225
127
0
350
253
225
130
235
395
225
235
395
19
225
235
395
19
19
225
235
395
52
257
19
0
120
231
227
24
235
14
28
252
231
395
344
339
232
392
385
36
344
277
0
130
11
333
231
395
19
383
232
237
25
257
221
24
344
357
235
242
120
232
203
221
36
386
20
244
232
146
220
361
379
146
333
287
344
242
20
232
31
20
342
232
237
24
344
333
358
203
24
296
160
127
212
160
160
160
160
160
107
221
363
180
167
395
392
26
277
339
107
132
0
344
221
132
163
393
263
221
344
277
132
258
66
152
242
344
225
315
218
229
225
225
101
225
225
397
225
14
287
284
