345
344
225
395
124
391
231
167
176
333
218
391
192
0
225
386
225
345
344
333
231
19
225
395
124
391
399
344
225
391
225
225
395
124
391
225
225
391
137
232
188
212
225
276
344
201
333
344
274
160
339
232
179
237
34
344
218
86
0
257
238
339
232
179
221
34
344
86
386
262
231
225
339
146
220
361
19
56
237
36
359
127
357
344
225
36
52
228
31
19
385
36
127
225
339
56
221
36
242
359
167
386
20
244
232
160
160
160
225
225
225
397
225
14
287
284
365
160
225
225
227
395
277
339
107
38
392
357
127
0
163
392
344
36
132
246
107
193
356
99
