153
144
344
151
264
392
127
333
68
25
267
375
114
344
138
392
0
231
333
225
216
68
111
359
339
321
344
310
231
333
350
111
382
168
395
253
225
242
333
253
111
179
379
392
56
302
384
392
26
28
0
253
19
333
19
332
392
344
379
392
26
345
339
179
395
59
344
25
231
395
191
332
338
390
221
36
344
188
167
20
244
231
333
25
395
333
111
392
385
217
344
63
236
247
231
344
167
225
242
372
278
392
326
0
195
31
14
19
127
104
344
151
392
235
333
241
332
42
281
377
392
369
344
185
1
392
217
305
370
333
231
246
68
111
372
15
177
392
344
370
244
132
333
68
7
321
372
195
129
344
322
392
235
395
344
68
42
333
328
29
225
225
179
0
280
243
339
107
366
299
344
226
52
356
132
225
68
268
127
154
292
359
339
321
344
310
231
333
350
111
382
168
395
253
225
242
333
253
111
179
379
392
56
302
384
392
26
28
0
253
19
333
19
332
392
344
379
392
26
345
339
179
395
59
344
25
231
395
191
332
338
390
221
36
344
188
167
20
244
231
333
25
395
333
111
392
385
217
344
63
236
247
231
344
167
225
242
372
278
392
326
0
195
31
14
19
127
104
344
151
392
235
333
241
332
42
281
377
392
369
344
185
1
392
217
305
370
333
231
246
68
111
372
15
177
392
344
370
244
132
333
68
7
321
372
195
129
344
322
392
235
395
344
68
42
333
328
29
225
225
179
0
280
243
339
107
366
299
344
226
52
356
132
225
68
268
127
154
292
179
379
392
56
302
384
392
26
28
0
253
19
333
19
332
392
344
379
392
26
345
339
179
395
59
344
25
231
395
191
332
338
390
221
36
344
188
167
20
244
231
333
25
395
333
111
392
385
217
344
63
236
247
231
344
167
225
242
372
278
392
326
0
195
31
14
19
127
104
344
151
392
235
333
241
332
42
281
377
392
369
344
185
1
392
217
305
370
333
231
246
68
111
372
15
177
392
344
370
244
132
333
68
7
321
372
195
129
344
322
392
235
395
344
68
42
333
328
29
225
225
179
0
280
243
339
107
366
299
344
226
52
356
132
225
68
268
127
154
292
392
385
217
344
63
236
247
231
344
167
225
242
372
278
392
326
0
195
31
14
19
127
104
344
151
392
235
333
241
332
42
281
377
392
369
344
185
1
392
217
305
370
333
231
246
68
111
372
15
177
392
344
370
244
132
333
68
7
321
372
195
129
344
322
392
235
395
344
68
42
333
328
29
225
225
179
0
280
243
339
107
366
299
344
226
52
356
132
225
68
268
127
154
292
231
246
68
111
372
15
177
392
344
370
244
132
333
68
7
321
372
195
129
344
322
392
235
395
344
68
42
333
328
29
225
225
179
0
280
243
339
107
366
299
344
226
52
356
132
225
68
268
127
154
292
372
195
129
344
322
392
235
395
344
68
42
333
328
29
225
225
179
0
280
243
339
107
366
299
344
226
52
356
132
225
68
268
127
154
292
99
