345
333
127
19
332
292
344
282
127
316
19
309
384
26
225
19
333
165
231
271
180
179
333
399
288
127
225
167
225
292
333
292
179
34
31
339
311
231
106
14
165
292
385
359
333
345
344
310
333
225
225
292
391
392
203
274
212
167
399
288
372
26
286
333
19
385
74
386
309
19
119
378
170
179
34
74
154
292
225
228
311
231
106
14
165
292
385
359
333
345
344
310
333
225
225
292
391
392
203
274
212
167
399
288
372
26
286
333
19
385
74
386
309
19
119
378
170
179
34
74
154
292
225
228
372
26
286
333
19
385
74
386
309
19
119
378
170
179
34
74
154
292
225
228
99
