225
313
344
0
364
115
127
392
19
395
316
167
395
386
292
167
301
180
399
288
344
201
323
392
399
326
333
344
395
126
337
313
344
0
364
115
127
392
19
395
316
225
395
205
65
205
167
395
344
181
316
132
0
205
392
310
180
359
205
282
344
181
237
36
176
334
386
395
292
399
288
302
29
344
302
235
302
242
215
231
61
395
225
137
386
333
66
333
31
333
231
395
205
344
60
65
333
220
236
56
65
146
310
367
218
56
36
235
18
169
205
302
60
169
302
56
221
242
296
241
225
3
386
333
392
399
333
392
137
344
395
66
333
344
256
167
333
367
379
392
56
335
362
127
169
14
132
333
205
19
225
395
98
221
302
395
205
19
235
20
271
168
19
395
292
399
288
271
205
295
333
127
205
163
392
188
332
0
316
242
146
395
205
170
238
258
60
333
205
333
219
65
127
212
170
235
158
344
395
181
236
231
246
181
225
225
225
397
225
14
287
284
365
225
225
395
277
339
107
38
392
357
127
0
163
392
344
36
132
246
107
193
356
160
99
