392
127
161
167
0
183
167
304
161
340
275
344
140
127
224
235
225
225
227
16
144
333
179
204
144
392
127
15
392
369
344
0
333
231
395
332
179
231
0
333
231
333
361
231
36
19
392
332
176
333
231
395
242
201
180
179
42
127
392
144
235
225
225
31
227
16
161
183
369
344
339
357
50
161
399
140
287
235
225
225
31
227
259
144
339
247
167
333
50
161
340
372
385
183
246
278
333
50
163
392
369
392
56
98
180
11
19
372
385
180
344
236
231
333
206
231
333
384
167
333
235
225
225
31
227
259
158
372
140
1
98
333
286
235
225
225
31
227
259
161
399
386
332
235
225
225
31
227
259
144
179
386
333
36
0
235
225
225
31
227
16
392
386
180
235
225
225
31
227
16
161
56
98
18
304
163
372
14
235
235
225
225
31
227
16
163
372
98
161
56
98
253
115
214
146
98
333
19
161
149
335
235
225
225
31
227
16
323
235
225
225
31
227
16
56
392
137
235
333
328
235
225
225
31
227
16
235
225
225
31
227
259
144
221
323
1
20
50
372
201
0
193
167
333
19
236
180
390
36
42
163
372
340
231
332
390
388
386
14
231
235
225
225
31
227
16
392
137
344
340
1
377
372
399
192
344
98
99
