214
215
179
161
16
236
231
333
19
152
31
161
366
183
333
345
161
16
167
127
236
391
127
179
18
19
195
129
344
333
372
26
0
328
382
332
19
344
149
246
328
161
185
339
179
221
158
392
257
344
310
395
391
161
183
369
344
177
14
231
392
344
357
127
163
392
369
344
357
333
231
191
287
224
163
392
26
172
258
140
238
19
280
167
127
180
385
36
180
385
392
19
180
385
36
372
385
36
126
333
132
333
19
372
26
310
219
304
163
392
369
344
71
247
19
149
305
137
235
19
280
201
323
392
149
395
167
19
78
204
242
333
233
163
392
26
149
20
19
372
385
344
151
392
28
42
372
56
11
392
280
161
385
247
305
244
107
304
372
26
235
333
250
310
333
156
392
296
392
306
189
140
225
225
225
225
72
191
179
225
231
377
344
392
19
225
158
392
344
180
99
