161
340
332
390
36
161
16
221
386
28
28
180
344
333
180
390
36
0
161
15
340
0
390
36
0
241
127
0
161
340
149
31
0
201
212
331
0
180
167
333
127
333
144
235
225
225
31
227
259
161
333
231
138
18
344
399
288
161
366
340
231
138
18
127
153
300
344
333
74
19
167
333
231
153
191
98
392
340
180
399
288
246
36
0
242
0
18
36
359
374
336
19
333
253
115
149
0
44
163
36
31
112
235
225
225
31
227
16
144
235
225
225
31
227
16
392
386
180
235
225
225
31
227
16
161
56
98
18
304
163
372
14
235
235
225
225
31
227
16
163
372
98
161
56
98
253
115
214
146
98
333
19
161
149
335
235
225
225
31
227
16
323
235
225
225
31
227
16
56
392
137
235
333
328
235
225
225
31
227
16
235
225
225
31
227
259
144
221
323
1
20
50
372
201
0
193
167
333
19
236
180
390
36
42
163
372
340
231
332
390
388
386
14
231
235
225
225
31
227
16
392
137
344
340
1
377
372
399
192
344
98
99
