202
231
392
32
211
399
288
235
58
116
246
219
350
26
290
127
211
19
310
31
31
337
219
350
395
292
82
257
344
151
392
76
395
58
386
200
19
68
163
392
333
316
221
32
258
257
344
32
333
219
350
333
179
333
127
14
160
127
316
333
205
36
3
341
0
26
373
19
109
344
334
316
127
333
202
231
392
32
211
399
288
235
58
116
246
219
350
26
290
127
211
19
310
31
31
337
219
350
246
292
82
257
344
151
392
76
395
58
386
200
19
68
161
392
333
316
221
32
258
257
344
32
333
219
350
333
179
333
127
14
160
160
127
316
333
205
36
3
341
0
26
373
19
109
344
334
316
127
333
235
395
392
385
149
333
240
344
32
0
364
68
127
237
316
235
395
392
385
149
333
240
344
32
0
364
68
127
237
316
156
344
296
392
156
344
296
392
99
