302
19
19
91
119
161
104
231
392
0
386
395
119
19
149
344
333
231
333
2
19
290
161
57
104
231
392
127
395
322
19
80
28
372
26
341
391
386
225
395
19
333
388
19
231
14
231
246
316
146
161
390
192
344
0
166
170
260
2
372
149
344
269
213
231
246
106
115
168
19
19
27
161
16
386
333
388
231
246
316
28
374
28
333
231
246
309
167
205
104
316
2
19
217
372
149
344
269
238
3
344
188
386
94
322
127
316
384
149
344
316
149
3
344
19
11
333
292
88
372
26
246
225
14
316
399
6
38
231
246
399
19
399
19
246
316
80
167
344
372
149
344
269
14
231
246
11
292
19
6
19
231
246
316
149
167
305
11
292
6
372
15
14
19
244
28
372
149
344
149
31
213
112
392
127
332
26
31
337
6
312
231
383
372
149
344
11
292
112
372
385
221
36
149
246
292
339
339
179
344
333
225
225
19
333
231
31
339
235
292
112
179
386
213
154
292
387
246
385
79
344
14
316
19
231
244
257
292
112
28
372
341
333
391
372
26
0
387
333
219
332
203
167
0
344
332
282
127
14
316
309
19
28
374
28
282
242
225
330
127
292
225
231
165
399
225
292
26
215
167
333
372
332
333
385
221
28
372
375
221
215
167
333
372
385
79
344
392
231
339
185
332
333
282
167
292
19
242
330
127
292
179
167
127
292
372
79
344
126
333
19
267
167
256
332
358
344
79
344
269
167
253
188
19
330
333
311
19
216
269
339
168
