127
247
127
106
225
225
36
247
52
228
152
377
366
277
127
106
225
225
36
247
52
228
167
316
242
225
206
231
333
203
0
106
392
36
167
225
83
167
344
0
392
203
221
149
317
147
105
242
167
395
290
167
256
231
392
63
0
83
317
147
105
242
26
221
241
124
118
124
63
225
124
242
392
385
217
344
319
339
163
392
26
19
344
0
127
107
226
225
31
348
231
225
215
124
215
144
82
297
395
127
219
292
391
163
392
26
0
316
258
63
333
392
390
192
344
326
395
221
25
258
269
333
215
231
395
242
344
127
395
258
193
333
83
332
392
390
192
344
326
167
256
231
52
319
339
161
16
0
161
15
332
214
179
167
386
214
344
247
231
