127
137
344
204
161
149
0
83
167
19
161
390
332
161
149
0
19
0
231
213
231
333
231
161
15
305
386
161
257
235
357
127
293
0
19
127
333
303
144
235
225
225
31
227
16
182
144
163
392
149
115
161
98
221
296
381
392
221
326
293
0
219
391
377
149
392
167
167
333
333
65
179
212
231
0
65
50
372
167
332
65
28
374
372
1
333
19
158
180
388
84
22
1
44
19
212
189
204
185
163
392
149
20
272
161
340
392
140
19
357
127
0
163
332
179
377
392
369
344
98
127
273
247
182
154
292
30
96
14
14
333
342
235
225
225
31
227
259
144
91
161
366
386
214
82
19
278
344
204
332
161
16
172
167
293
28
0
58
161
326
0
293
83
31
161
149
305
19
19
161
340
332
161
390
36
344
326
293
0
140
341
293
204
344
78
392
1
339
275
344
1
339
212
19
247
156
344
150
132
392
306
303
144
144
163
392
149
115
161
98
221
296
381
392
221
326
293
0
219
391
377
149
392
167
167
333
333
65
179
212
231
0
65
50
372
167
332
65
28
374
372
1
333
19
158
180
388
84
22
1
44
19
212
189
204
185
163
392
149
20
272
161
340
392
140
19
357
127
0
163
332
179
377
392
369
344
98
127
273
247
182
154
292
30
96
14
14
333
342
235
225
225
31
227
259
144
91
161
366
386
214
82
19
278
344
204
332
161
16
172
167
293
28
0
58
161
326
0
293
83
31
161
149
305
19
19
161
340
332
161
390
36
344
326
293
0
140
341
293
204
344
78
392
1
339
275
344
1
339
212
19
247
156
344
150
132
392
306
303
144
99
