127
247
252
350
152
377
372
132
392
252
350
333
231
339
179
344
170
1
316
384
385
36
167
333
167
253
31
395
107
226
366
378
392
319
339
124
215
144
215
255
225
220
225
220
220
183
225
225
225
317
333
385
36
290
127
227
227
259
235
332
388
176
395
290
220
221
214
161
16
257
344
167
333
167
253
127
220
38
231
290
220
38
231
221
214
333
385
36
290
127
227
227
259
235
332
388
176
395
290
220
221
214
161
16
257
344
167
333
167
253
127
333
220
38
231
290
220
38
231
221
214
31
339
342
98
392
296
127
71
357
167
395
290
192
220
161
36
32
344
330
170
14
316
385
217
344
149
127
330
316
217
330
385
36
31
333
124
161
333
330
170
220
161
385
217
0
330
31
333
124
220
161
149
236
220
161
36
339
179
344
61
235
395
161
149
0
220
161
385
217
236
220
161
36
220
0
242
19
217
236
161
149
0
127
214
220
161
385
217
236
220
161
36
220
0
258
20
242
272
152
242
84
395
249
99
