372
246
364
58
379
316
32
225
210
301
386
344
188
1
334
337
269
344
30
246
316
167
58
116
372
26
79
337
112
104
88
341
225
232
0
364
68
386
333
348
225
292
246
316
32
235
225
316
149
357
344
32
333
231
334
50
305
316
3
333
304
372
26
333
290
386
333
19
29
392
344
30
395
316
344
201
323
338
56
32
14
316
167
225
225
26
109
344
32
316
36
176
334
167
344
32
333
258
78
31
386
20
272
316
36
176
334
167
344
32
333
342
58
225
227
259
160
227
259
160
227
259
19
160
225
227
259
173
96
160
227
259
160
225
227
259
271
96
160
227
259
160
227
259
160
131
225
227
259
231
333
160
227
259
49
231
19
160
227
259
160
211
225
227
259
19
160
227
259
160
225
227
259
160
342
58
225
227
259
160
227
259
160
227
259
19
160
225
227
259
173
96
160
227
259
160
225
227
259
271
96
160
227
259
160
227
259
160
131
225
227
259
231
333
160
227
259
49
231
19
160
227
259
160
211
225
227
259
19
160
227
259
160
225
227
259
160
342
58
225
227
259
160
227
259
160
227
259
19
160
225
227
259
173
96
160
227
259
160
225
227
259
271
96
160
227
259
160
227
259
160
131
225
227
259
231
333
160
227
259
49
231
19
160
227
259
160
211
225
227
259
19
160
227
259
160
225
227
259
160
342
58
342
58
225
227
259
160
225
227
259
160
160
160
160
227
259
160
227
259
160
160
160
160
227
259
19
160
227
259
19
160
160
160
160
225
227
259
173
96
160
225
227
259
173
96
160
160
160
160
227
259
160
227
259
160
160
160
160
225
227
259
271
96
160
225
227
259
271
96
160
160
160
160
227
259
160
227
259
160
160
160
160
227
259
160
227
259
160
160
160
160
131
225
227
259
231
333
160
131
225
227
259
231
333
160
160
160
160
227
259
49
231
19
160
227
259
49
231
19
160
160
160
160
227
259
160
227
259
160
160
160
160
211
225
227
259
19
160
211
225
227
259
19
160
160
160
160
227
259
160
227
259
160
160
160
160
225
227
259
160
225
227
259
160
160
160
160
99
