339
179
0
332
392
385
36
205
386
395
82
236
235
236
219
167
395
65
167
344
395
127
391
258
344
395
75
247
344
337
205
19
36
275
344
138
357
127
395
152
179
0
344
333
304
332
392
56
286
14
333
83
160
339
179
0
332
392
385
36
205
386
395
82
236
235
236
219
167
395
65
167
344
395
127
391
258
344
395
75
247
344
337
205
19
36
275
344
138
357
127
395
152
179
0
344
333
304
332
392
56
286
14
333
83
339
179
0
332
392
385
36
205
386
395
82
236
235
236
219
167
395
65
167
344
395
127
391
258
344
395
75
247
344
337
205
19
36
275
344
138
357
127
395
152
179
0
344
333
304
332
392
56
286
14
333
83
160
