225
28
333
60
180
399
288
342
344
235
246
321
31
372
399
18
114
391
304
168
333
231
22
74
19
212
274
235
344
116
212
1
377
179
31
339
158
364
98
372
369
246
134
344
36
372
29
227
225
158
338
359
362
333
19
377
338
369
333
389
344
195
192
152
399
288
377
338
97
333
106
225
344
292
343
127
398
137
395
275
127
364
242
188
339
292
391
202
292
19
171
26
232
241
127
188
152
26
0
343
127
151
395
137
275
344
140
344
292
167
0
364
242
274
333
343
181
333
74
333
74
179
0
256
127
86
344
123
29
272
19
76
386
179
373
181
333
224
181
333
74
225
158
372
246
235
112
280
225
280
225
343
19
127
359
333
22
280
112
61
247
112
112
71
357
339
392
399
123
132
201
344
19
65
344
301
116
112
167
333
74
26
392
275
127
188
227
337
343
151
359
127
292
336
0
218
371
344
335
225
225
225
397
225
14
287
284
365
362
74
225
225
225
358
395
277
339
107
38
392
357
127
0
163
392
344
36
132
246
107
193
356
99
