153
144
377
252
231
214
366
74
152
214
211
161
385
221
36
152
304
152
26
395
127
377
392
385
98
211
395
385
36
235
205
231
258
31
333
163
395
258
326
247
395
325
19
163
395
167
253
161
149
335
52
333
127
392
344
163
392
217
335
179
395
163
395
167
253
161
192
149
305
235
214
44
357
163
392
217
305
333
330
179
235
258
98
333
124
98
333
333
179
342
304
370
395
342
392
252
392
65
345
392
203
310
333
28
105
28
378
395
386
252
163
392
149
342
392
203
388
235
65
203
333
36
386
392
225
154
292
225
225
225
235
225
225
31
227
259
144
91
180
74
344
204
332
161
390
149
344
75
333
333
65
304
161
183
161
75
180
333
65
163
161
332
179
158
180
146
113
244
342
372
149
0
330
180
366
0
88
372
342
127
333
161
75
0
231
180
50
357
31
333
340
332
161
75
180
11
292
163
392
214
127
0
304
161
75
180
332
390
36
142
303
144
99
