144
183
0
332
392
26
290
344
326
333
165
293
228
225
225
167
333
258
344
333
167
342
344
310
330
31
227
392
385
36
31
333
231
344
75
395
65
242
140
344
392
19
189
204
185
163
392
149
20
272
231
107
132
228
28
392
203
185
14
26
282
344
326
333
165
293
339
391
339
179
167
386
330
282
382
282
14
292
344
339
293
344
316
167
0
271
292
167
225
333
330
0
231
392
149
317
167
395
293
65
336
179
220
217
344
317
127
339
330
183
137
0
333
19
0
392
149
290
344
326
339
330
235
225
225
225
0
225
392
0
386
392
258
61
344
201
323
392
149
333
225
22
235
395
180
366
247
344
395
339
391
225
163
392
0
257
235
36
357
31
395
357
342
225
392
385
36
132
395
65
235
339
88
50
61
167
386
395
127
20
388
392
203
392
149
344
326
333
167
333
258
336
167
342
127
333
124
258
189
204
185
163
392
149
20
272
30
127
154
292
228
285
250
263
153
263
153
99
