68
45
225
166
225
166
225
166
225
166
325
327
0
225
225
225
225
225
225
107
218
166
225
166
225
225
166
225
166
225
166
225
166
166
166
0
225
119
119
193
107
166
193
348
166
225
166
133
225
166
133
225
166
133
225
166
166
166
225
166
225
166
225
225
225
225
348
237
19
325
166
193
348
225
166
166
166
133
225
225
166
133
225
225
166
133
225
225
166
166
166
225
166
225
166
166
166
225
225
348
225
348
225
166
119
166
166
166
166
166
325
325
327
225
348
225
325
325
225
225
225
225
119
166
0
119
166
193
166
166
166
166
166
287
225
193
119
166
225
166
170
1
395
