316
19
119
344
345
127
274
167
231
225
93
19
333
127
231
339
372
149
344
60
345
290
336
385
36
220
242
345
33
372
385
36
339
344
384
221
277
335
19
20
384
221
277
236
125
385
36
31
227
259
345
167
333
392
203
359
225
316
384
149
334
98
221
217
344
344
345
127
333
124
88
231
292
235
316
36
264
386
334
19
316
257
344
52
227
127
334
292
242
385
36
299
344
395
292
107
345
392
127
395
19
127
0
142
258
189
204
185
163
392
149
20
272
19
161
195
129
344
296
235
333
124
88
231
292
96
231
154
292
225
225
225
99
